Time,Objective value
0.003322124481201172,57602
0.003866910934448242,57602
0.01160430908203125,57182
0.01767897605895996,57182
0.02350759506225586,56998
0.02923893928527832,56706
0.03487873077392578,56670
0.0405881404876709,56514
0.0462336540222168,56514
0.05178499221801758,56356
0.057325124740600586,56312
0.06279468536376953,56312
0.06826424598693848,56106
0.07374119758605957,56106
0.07915091514587402,56106
0.08458137512207031,56106
0.09008145332336426,56106
0.0954287052154541,55930
0.10088467597961426,55846
0.10632586479187012,55846
0.11169123649597168,55772
0.1170647144317627,55764
0.1224365234375,55762
0.1278092861175537,55678
0.13318371772766113,55606
0.13858723640441895,55364
0.1440141201019287,55066
0.1493840217590332,55066
0.1547253131866455,55066
0.1602036952972412,54938
0.16554760932922363,54938
0.1708517074584961,54938
0.17629694938659668,54938
0.1816883087158203,54938
0.18700790405273438,54910
0.1922895908355713,54910
0.19757342338562012,54902
0.20282506942749023,54902
0.20812559127807617,54902
0.2134404182434082,54882
0.2187669277191162,54834
0.22407293319702148,54826
0.22936797142028809,54758
0.23461222648620605,54758
0.23988580703735352,54758
0.2451183795928955,54758
0.2504117488861084,54758
0.25568389892578125,54758
0.26108884811401367,54670
0.26640915870666504,54670
0.2716073989868164,54670
0.27689671516418457,54520
0.2822129726409912,54520
0.28755927085876465,54416
0.29282140731811523,54416
0.29805874824523926,54416
0.30336904525756836,54416
0.30858421325683594,54416
0.31379151344299316,54416
0.3190724849700928,54416
0.32428836822509766,54360
0.32955098152160645,54360
0.33484959602355957,54316
0.34015822410583496,54316
0.3453657627105713,54316
0.35068535804748535,54260
0.3559448719024658,54260
0.36119961738586426,54248
0.366471529006958,54248
0.371692419052124,54224
0.376941442489624,54224
0.38222479820251465,54188
0.3874797821044922,54188
0.3927130699157715,54188
0.39795947074890137,54188
0.40320491790771484,54188
0.40848588943481445,54140
0.4137074947357178,54080
0.41890621185302734,54080
0.4241805076599121,54080
0.42948222160339355,54080
0.4348125457763672,54080
0.44014525413513184,54080
0.4454662799835205,54080
0.4507415294647217,54080
0.45596981048583984,54080
0.46134376525878906,53928
0.4666411876678467,53928
0.47191500663757324,53928
0.47720861434936523,53928
0.4824230670928955,53928
0.4877586364746094,53928
0.49321460723876953,53928
0.4985818862915039,53928
0.5038642883300781,53868
0.5092344284057617,53848
0.5144398212432861,53848
0.5196352005004883,53848
0.5249104499816895,53788
0.530367374420166,53788
0.5357067584991455,53788
0.5410077571868896,53788
0.5463223457336426,53788
0.5515336990356445,53788
0.556790828704834,53788
0.5619626045227051,53788
0.5672731399536133,53788
0.5724599361419678,53788
0.5776793956756592,53788
0.5829727649688721,53780
0.5882747173309326,53648
0.5935022830963135,53648
0.5986714363098145,53648
0.6039109230041504,53640
0.6092119216918945,53640
0.6144356727600098,53640
0.6197328567504883,53640
0.6249387264251709,53640
0.6302428245544434,53572
0.6355495452880859,53572
0.6408309936523438,53572
0.6460919380187988,53572
0.6512739658355713,53572
0.6565449237823486,53488
0.6618013381958008,53488
0.667111873626709,53488
0.672360897064209,53420
0.6775903701782227,53420
0.6827635765075684,53420
0.6880037784576416,53418
0.6933872699737549,53368
0.6985940933227539,53368
0.7038264274597168,53368
0.7091085910797119,53368
0.7142777442932129,53300
0.7195820808410645,53300
0.7247891426086426,53268
0.7300601005554199,53268
0.7353043556213379,53268
0.7405314445495605,53268
0.7457480430603027,53268
0.751007080078125,53268
0.7563595771789551,53268
0.7617003917694092,53224
0.766942024230957,53224
0.7720909118652344,53224
0.7772743701934814,53224
0.7825226783752441,53224
0.7877175807952881,53224
0.7930319309234619,53224
0.7983896732330322,53224
0.803617000579834,53224
0.8088717460632324,53168
0.814100980758667,53168
0.8193521499633789,53168
0.8245217800140381,53168
0.8298401832580566,53168
0.8351554870605469,53162
0.8404183387756348,53082
0.845665693283081,53082
0.8509578704833984,53008
0.8561825752258301,53008
0.8614356517791748,53008
0.866689920425415,53008
0.8720004558563232,53008
0.877255916595459,53008
0.882544755935669,52944
0.8877778053283691,52944
0.8930714130401611,52944
0.8984251022338867,52944
0.9037389755249023,52944
0.909034252166748,52802
0.914222002029419,52802
0.9194035530090332,52802
0.9246609210968018,52802
0.9298717975616455,52802
0.9351074695587158,52802
0.9403238296508789,52802
0.9454996585845947,52802
0.9507293701171875,52802
0.9559040069580078,52802
0.9611382484436035,52802
0.9664225578308105,52764
0.9716508388519287,52764
0.976884126663208,52738
0.9820797443389893,52738
0.9873068332672119,52738
0.9925475120544434,52738
0.9977645874023438,52738
1.0029733180999756,52738
1.008216381072998,52700
1.013413906097412,52700
1.0188243389129639,52700
1.0240576267242432,52700
1.029360294342041,52700
1.0345487594604492,52700
1.039747714996338,52700
1.0451009273529053,52700
1.0503270626068115,52700
1.0555922985076904,52700
1.0608673095703125,52700
1.066253662109375,52700
1.071505069732666,52660
1.076805830001831,52660
1.0820741653442383,52660
1.087378740310669,52660
1.0926175117492676,52660
1.0979397296905518,52660
1.1032588481903076,52632
1.1085820198059082,52632
1.1137840747833252,52632
1.1190621852874756,52632
1.124356746673584,52632
1.1295711994171143,52632
1.1348204612731934,52632
1.1400628089904785,52632
1.1452655792236328,52632
1.1505026817321777,52632
1.1558153629302979,52632
1.1610877513885498,52632
1.1664454936981201,52632
1.1717677116394043,52632
1.1770691871643066,52632
1.182387351989746,52632
1.1876552104949951,52632
1.1928539276123047,52632
1.1981189250946045,52632
1.2033500671386719,52632
1.2086155414581299,52632
1.2138619422912598,52632
1.219071626663208,52632
1.2244608402252197,52604
1.2297799587249756,52604
1.2350413799285889,52604
1.2402896881103516,52604
1.2455415725708008,52604
1.2508368492126465,52528
1.2560398578643799,52528
1.2612664699554443,52528
1.2665557861328125,52528
1.2718312740325928,52528
1.2771308422088623,52528
1.2823755741119385,52528
1.287604570388794,52528
1.2928597927093506,52528
1.2981171607971191,52528
1.3034148216247559,52528
1.3086190223693848,52528
1.31396484375,52528
1.3192245960235596,52528
1.3244688510894775,52528
1.3297076225280762,52528
1.334960699081421,52528
1.3401577472686768,52528
1.3454036712646484,52528
1.350708246231079,52528
1.3559765815734863,52528
1.3612620830535889,52528
1.366530179977417,52528
1.3718125820159912,52528
1.3771190643310547,52528
1.3824057579040527,52468
1.3876702785491943,52468
1.3929064273834229,52468
1.3982164859771729,52468
1.4034795761108398,52468
1.4087414741516113,52468
1.4140770435333252,52468
1.4193415641784668,52468
1.424489974975586,52468
1.4298038482666016,52468
1.4350194931030273,52468
1.4403102397918701,52468
1.445610761642456,52468
1.4508612155914307,52468
1.4561336040496826,52468
1.4614341259002686,52468
1.4666900634765625,52392
1.4719204902648926,52392
1.4771599769592285,52392
1.4823920726776123,52392
1.4880425930023193,52392
1.4934070110321045,52368
1.4987599849700928,52362
1.5041322708129883,52292
1.509516716003418,52292
1.514967679977417,52292
1.5202686786651611,52292
1.5255522727966309,52292
1.5309417247772217,52222
1.536247730255127,52222
1.5416209697723389,52222
1.5469350814819336,52222
1.5522079467773438,52204
1.5574634075164795,52172
1.5626697540283203,52094
1.5679872035980225,52094
1.5732948780059814,52094
1.5785653591156006,52060
1.583813190460205,52060
1.5890605449676514,52060
1.5943331718444824,52060
1.5996887683868408,52056
1.6048882007598877,52056
1.6100692749023438,52056
1.6152455806732178,52056
1.6204793453216553,52056
1.6256999969482422,52056
1.6311047077178955,52056
1.6364548206329346,52056
1.6416938304901123,52056
1.6469974517822266,52056
1.6523394584655762,52010
1.6575725078582764,52010
1.6628806591033936,52010
1.668151617050171,52010
1.6734461784362793,52010
1.6786985397338867,52010
1.6840009689331055,52010
1.6892898082733154,52010
1.6945867538452148,52010
1.699798822402954,52010
1.7050867080688477,52010
1.710310697555542,52010
1.7155647277832031,52010
1.7208740711212158,52010
1.726198434829712,52010
1.7315070629119873,52010
1.7368052005767822,52010
1.7420306205749512,51976
1.7472517490386963,51976
1.7524988651275635,51976
1.7577800750732422,51976
1.7630932331085205,51976
1.7683265209197998,51976
1.7736363410949707,51976
1.7788982391357422,51902
1.7842381000518799,51902
1.7894887924194336,51902
1.7947967052459717,51902
1.8000972270965576,51868
1.8053021430969238,51868
1.81056547164917,51868
1.815842866897583,51868
1.8210716247558594,51868
1.8263342380523682,51868
1.8316795825958252,51848
1.83697509765625,51848
1.8422019481658936,51848
1.847442865371704,51848
1.8526887893676758,51848
1.8579983711242676,51836
1.863231897354126,51816
1.8685250282287598,51816
1.8737521171569824,51816
1.8790061473846436,51816
1.884375810623169,51816
1.8897125720977783,51816
1.8949730396270752,51816
1.9002408981323242,51816
1.9054694175720215,51816
1.910712718963623,51816
1.9159760475158691,51816
1.9212405681610107,51816
1.926419973373413,51816
1.931687355041504,51816
1.9369676113128662,51816
1.9422621726989746,51816
1.947577714920044,51816
1.952826738357544,51816
1.9581527709960938,51664
1.9634060859680176,51664
1.9687280654907227,51664
1.9740543365478516,51664
1.9793024063110352,51664
1.9845032691955566,51664
1.9897353649139404,51664
1.9950056076049805,51664
2.0003509521484375,51664
2.005617141723633,51664
2.0109100341796875,51664
2.016193389892578,51664
2.021435022354126,51664
2.0267088413238525,51664
2.031940221786499,51664
2.0373144149780273,51644
2.042553424835205,51644
2.0477452278137207,51644
2.053028106689453,51644
2.0582516193389893,51644
2.063534736633301,51644
2.068824052810669,51632
2.0740714073181152,51632
2.0793142318725586,51632
2.084519863128662,51632
2.0897762775421143,51632
2.0950710773468018,51632
2.100374460220337,51632
2.105602979660034,51632
2.110898494720459,51632
2.116178035736084,51632
2.121504306793213,51628
2.1268157958984375,51628
2.132023811340332,51612
2.137326240539551,51612
2.1426422595977783,51612
2.1478207111358643,51612
2.1530890464782715,51612
2.158336877822876,51612
2.1635711193084717,51612
2.1688177585601807,51612
2.1739907264709473,51612
2.1792361736297607,51612
2.184502601623535,51612
2.1897242069244385,51612
2.19490909576416,51612
2.200164794921875,51612
2.205373764038086,51612
2.210698127746582,51576
2.21592116355896,51576
2.221261739730835,51576
2.226573944091797,51576
2.2318742275238037,51576
2.2370431423187256,51576
2.242283582687378,51576
2.2475662231445312,51576
2.2528092861175537,51576
2.257981300354004,51558
2.2632408142089844,51558
2.268592357635498,51558
2.2738044261932373,51558
2.2790687084198,51558
2.2843220233917236,51558
2.2896578311920166,51558
2.294955253601074,51558
2.300230026245117,51558
2.3055009841918945,51558
2.3107030391693115,51558
2.3159515857696533,51558
2.3212356567382812,51558
2.326483964920044,51558
2.331714630126953,51558
2.3370118141174316,51558
2.3422160148620605,51558
2.3475329875946045,51558
2.3528122901916504,51558
2.3581581115722656,51558
2.363412857055664,51558
2.3686890602111816,51558
2.373948335647583,51558
2.379314661026001,51558
2.384598731994629,51500
2.389850616455078,51500
2.3950998783111572,51500
2.4004135131835938,51500
2.405625343322754,51500
2.4108619689941406,51500
2.416147470474243,51500
2.4214351177215576,51500
2.4267258644104004,51500
2.431908130645752,51500
2.4371345043182373,51500
2.4423017501831055,51500
2.447601795196533,51422
2.452788829803467,51422
2.458066701889038,51422
2.4632372856140137,51422
2.468449354171753,51422
2.4736528396606445,51422
2.47887921333313,51422
2.484074354171753,51422
2.4895832538604736,51422
2.495290756225586,51422
2.5006613731384277,51422
2.5059945583343506,51422
2.511376142501831,51422
2.5167295932769775,51420
2.5219500064849854,51420
2.5272064208984375,51420
2.5324525833129883,51420
2.5377426147460938,51390
2.5429723262786865,51390
2.5481839179992676,51390
2.5534000396728516,51390
2.558655261993408,51390
2.5638256072998047,51388
2.569065570831299,51388
2.5742712020874023,51388
2.579547643661499,51388
2.584794759750366,51388
2.5900747776031494,51388
2.5953450202941895,51388
2.600602865219116,51388
2.6058619022369385,51388
2.6112775802612305,51388
2.6166112422943115,51388
2.6218008995056152,51388
2.627082109451294,51388
2.6323633193969727,51388
2.6376583576202393,51388
2.6429522037506104,51388
2.64817476272583,51388
2.653491973876953,51388
2.6586878299713135,51388
2.663987636566162,51388
2.6692068576812744,51388
2.6744651794433594,51388
2.679774284362793,51388
2.6850547790527344,51388
2.690281867980957,51388
2.695537567138672,51388
2.7007761001586914,51388
2.7060227394104004,51388
2.711336612701416,51388
2.7166190147399902,51336
2.7218644618988037,51336
2.727128744125366,51336
2.7323672771453857,51336
2.7375946044921875,51336
2.7428200244903564,51336
2.7480552196502686,51336
2.7533249855041504,51336
2.7586820125579834,51336
2.7638673782348633,51336
2.7690787315368652,51336
2.7743308544158936,51336
2.7795634269714355,51336
2.7847719192504883,51336
2.790050745010376,51336
2.795334815979004,51336
2.8006081581115723,51336
2.8059208393096924,51336
2.8112845420837402,51336
2.816603183746338,51336
2.8218371868133545,51336
2.8270936012268066,51336
2.8323981761932373,51336
2.8376119136810303,51336
2.842823028564453,51336
2.848083257675171,51336
2.8533594608306885,51336
2.8586714267730713,51284
2.8638761043548584,51284
2.869166612625122,51284
2.8743884563446045,51284
2.8796894550323486,51196
2.8849360942840576,51196
2.89023494720459,51196
2.8955013751983643,51196
2.9007534980773926,51196
2.9060280323028564,51196
2.911362648010254,51196
2.9165899753570557,51196
2.9218497276306152,51196
2.9270858764648438,51196
2.9323508739471436,51196
2.937593936920166,51196
2.9428253173828125,51196
2.9480140209198,51196
2.953293800354004,51196
2.9585518836975098,51196
2.9638068675994873,51180
2.969062089920044,51180
2.9742488861083984,51180
2.9794816970825195,51180
2.9847428798675537,51180
2.9899938106536865,51180
2.9951865673065186,51180
3.0004336833953857,51180
3.005653142929077,51180
3.010896921157837,51180
3.0161945819854736,51180
3.0214099884033203,51180
3.026698589324951,51180
3.031975746154785,51180
3.0372514724731445,51180
3.0424599647521973,51180
3.0476253032684326,51180
3.0528719425201416,51180
3.0581064224243164,51180
3.0633609294891357,51180
3.068617582321167,51180
3.073798656463623,51180
3.079143524169922,51108
3.0843677520751953,51108
3.0895869731903076,51108
3.0948221683502197,51108
3.10005784034729,51108
3.105276107788086,51108
3.1105175018310547,51108
3.115777015686035,51108
3.12113094329834,51108
3.1264333724975586,51108
3.1316375732421875,51076
3.136906623840332,51076
3.1421992778778076,51076
3.1474320888519287,51076
3.1526989936828613,51056
3.1579949855804443,51056
3.1633048057556152,51056
3.1686177253723145,51056
3.1737914085388184,51024
3.1790645122528076,51024
3.1843249797821045,51024
3.1895811557769775,51024
3.1948776245117188,51024
3.2001168727874756,51024
3.205336570739746,51024
3.2106425762176514,51024
3.215853452682495,51024
3.2211241722106934,51024
3.2263879776000977,51024
3.231607437133789,51024
3.2368202209472656,50916
3.242082118988037,50916
3.2473554611206055,50916
3.2525453567504883,50916
3.2577998638153076,50916
3.263033151626587,50916
3.2682809829711914,50916
3.27357816696167,50916
3.278874397277832,50916
3.284156084060669,50916
3.2893948554992676,50916
3.294658660888672,50916
3.2999372482299805,50916
3.3051936626434326,50916
3.310422420501709,50916
3.315664291381836,50916
3.3209211826324463,50916
3.3262224197387695,50916
3.331541061401367,50916
3.3367793560028076,50916
3.3419299125671387,50898
3.3472321033477783,50898
3.352503538131714,50898
3.357800006866455,50898
3.362967014312744,50898
3.3682503700256348,50898
3.3735573291778564,50898
3.378852128982544,50898
3.3841288089752197,50898
3.3893609046936035,50898
3.394519567489624,50898
3.3998758792877197,50898
3.4050986766815186,50898
3.4103245735168457,50898
3.4156365394592285,50898
3.420910120010376,50898
3.426173686981201,50898
3.431442975997925,50898
3.436768054962158,50898
3.442173480987549,50898
3.447535514831543,50842
3.452799081802368,50842
3.4579901695251465,50842
3.463252544403076,50842
3.4685468673706055,50842
3.473924398422241,50762
3.4792795181274414,50762
3.484659433364868,50734
3.489896535873413,50734
3.495229721069336,50734
3.5006449222564697,50734
3.5060603618621826,50678
3.5114059448242188,50678
3.5166702270507812,50678
3.521902084350586,50678
3.5271778106689453,50678
3.5324087142944336,50678
3.537661552429199,50614
3.5428991317749023,50614
3.5482277870178223,50614
3.553455114364624,50614
3.5587306022644043,50614
3.563979387283325,50614
3.5692226886749268,50614
3.574481725692749,50614
3.5797722339630127,50614
3.5851266384124756,50614
3.5903613567352295,50614
3.5955891609191895,50614
3.600862503051758,50614
3.6062254905700684,50614
3.6114957332611084,50614
3.6167683601379395,50614
3.622037887573242,50614
3.6272804737091064,50614
3.632538080215454,50614
3.637821674346924,50614
3.6430721282958984,50614
3.6483073234558105,50614
3.6537699699401855,50614
3.659048080444336,50614
3.6644980907440186,50614
3.6698005199432373,50614
3.6750235557556152,50614
3.6802761554718018,50614
3.685513734817505,50614
3.69075870513916,50614
3.6959471702575684,50614
3.7011959552764893,50614
3.706470012664795,50614
3.7116849422454834,50614
3.7169337272644043,50614
3.722184896469116,50614
3.727487802505493,50614
3.732752561569214,50614
3.7380008697509766,50614
3.743316173553467,50614
3.7485640048980713,50614
3.7538535594940186,50614
3.7591421604156494,50614
3.764366865158081,50614
3.769728660583496,50614
3.7749998569488525,50614
3.7802696228027344,50614
3.7856175899505615,50614
3.790867567062378,50614
3.796170949935913,50614
3.8014137744903564,50614
3.8066396713256836,50614
3.8118438720703125,50614
3.8170785903930664,50614
3.8223154544830322,50614
3.827610731124878,50614
3.832827568054199,50614
3.838153123855591,50614
3.843353509902954,50614
3.848600149154663,50614
3.853895664215088,50614
3.8591713905334473,50614
3.8644089698791504,50614
3.8696229457855225,50614
3.874859571456909,50614
3.8801393508911133,50614
3.8853752613067627,50614
3.890615940093994,50614
3.895918607711792,50614
3.9011878967285156,50614
3.906403064727783,50614
3.9116556644439697,50614
3.916940212249756,50614
3.9221413135528564,50614
3.9273459911346436,50614
3.93259596824646,50614
3.9378364086151123,50614
3.9431800842285156,50614
3.948469638824463,50614
3.953657627105713,50614
3.958913564682007,50614
3.964087724685669,50614
3.9694066047668457,50614
3.9746921062469482,50614
3.9799532890319824,50614
3.9852640628814697,50614
3.9904983043670654,50614
3.9957449436187744,50614
4.000982761383057,50614
4.006334066390991,50614
4.011505842208862,50614
4.016796827316284,50614
4.022113800048828,50614
4.027369499206543,50614
4.032609701156616,50602
4.037846326828003,50602
4.043025493621826,50602
4.0482423305511475,50602
4.053469181060791,50602
4.058706521987915,50602
4.063908338546753,50602
4.069225788116455,50602
4.074415922164917,50602
4.079737186431885,50602
4.084898948669434,50602
4.090151309967041,50602
4.095363140106201,50602
4.100642919540405,50602
4.105881214141846,50602
4.111205816268921,50602
4.116452217102051,50602
4.12175726890564,50602
4.127060413360596,50602
4.132341623306274,50602
4.137554407119751,50602
4.142773866653442,50602
4.148038387298584,50602
4.153261423110962,50602
4.158605098724365,50602
4.163859128952026,50602
4.169191598892212,50602
4.174449682235718,50602
4.179835796356201,50602
4.185091495513916,50602
4.190343856811523,50602
4.195562124252319,50602
4.200753927230835,50602
4.206012725830078,50602
4.211303472518921,50602
4.2166242599487305,50602
4.221879243850708,50602
4.227118968963623,50602
4.232358694076538,50602
4.237567663192749,50602
4.242820978164673,50602
4.248056411743164,50602
4.253289461135864,50602
4.258499383926392,50602
4.263724088668823,50602
4.2689549922943115,50602
4.274188995361328,50602
4.279493093490601,50602
4.284738063812256,50602
4.28995943069458,50602
4.2952587604522705,50602
4.300660610198975,50602
4.3058342933654785,50602
4.311057090759277,50602
4.316391944885254,50602
4.321664333343506,50602
4.326924562454224,50602
4.3321099281311035,50602
4.337446689605713,50602
4.342707633972168,50602
4.347997188568115,50602
4.353252172470093,50602
4.3584654331207275,50602
4.363706111907959,50602
4.368924856185913,50602
4.374257326126099,50602
4.379594564437866,50602
4.384880065917969,50602
4.3901567459106445,50602
4.395411968231201,50602
4.400674819946289,50602
4.40599799156189,50602
4.4113311767578125,50602
4.416581153869629,50602
4.421894550323486,50602
4.427180528640747,50602
4.432465076446533,50602
4.437702178955078,50600
4.442910194396973,50600
4.448175430297852,50600
4.453360557556152,50600
4.45859956741333,50600
4.463777542114258,50600
4.469075441360474,50600
4.474311590194702,50600
4.479512453079224,50600
4.484708547592163,50600
4.490001678466797,50600
4.495465278625488,50600
4.500816822052002,50600
4.506242036819458,50600
4.511549472808838,50600
4.516907691955566,50600
4.52215313911438,50600
4.52747917175293,50600
4.532716512680054,50600
4.538022518157959,50600
4.543254375457764,50600
4.548481225967407,50600
4.55371356010437,50600
4.5589892864227295,50600
4.564227104187012,50600
4.569484233856201,50600
4.574761629104614,50600
4.579935073852539,50600
4.58516263961792,50600
4.590409755706787,50600
4.595673084259033,50600
4.600913047790527,50600
4.6061060428619385,50600
4.611360311508179,50600
4.616632699966431,50600
4.621845006942749,50600
4.627117872238159,50600
4.6323606967926025,50600
4.63761568069458,50600
4.642907619476318,50600
4.648196220397949,50600
4.653444290161133,50600
4.658742666244507,50600
4.663976430892944,50600
4.669269323348999,50600
4.674516916275024,50600
4.679702281951904,50600
4.684882164001465,50600
4.690144777297974,50600
4.695492506027222,50600
4.70073390007019,50600
4.706016302108765,50600
4.711290121078491,50600
4.716542959213257,50600
4.7218029499053955,50600
4.726985216140747,50600
4.732220411300659,50600
4.737541437149048,50600
4.7427287101745605,50600
4.747973918914795,50600
4.753119230270386,50600
4.758435010910034,50600
4.763678550720215,50600
4.76894998550415,50600
4.774125576019287,50600
4.779330730438232,50600
4.7845985889434814,50600
4.78989577293396,50600
4.795156002044678,50576
4.800425052642822,50576
4.805628299713135,50576
4.810897350311279,50576
4.8161780834198,50576
4.821375846862793,50576
4.826635837554932,50576
4.831847906112671,50576
4.837098836898804,50540
4.84227728843689,50540
4.847548246383667,50540
4.852814435958862,50540
4.858039140701294,50540
4.863311290740967,50540
4.868562698364258,50540
4.873793601989746,50540
4.878962278366089,50540
4.884167194366455,50540
4.889396905899048,50540
4.894591569900513,50540
4.899900674819946,50540
4.905196666717529,50540
4.910483121871948,50540
4.915659427642822,50540
4.9209301471710205,50540
4.9262144565582275,50540
4.9314939975738525,50540
4.936815500259399,50540
4.942101955413818,50540
4.947377443313599,50540
4.952535629272461,50540
4.957837820053101,50540
4.963024616241455,50540
4.96829628944397,50540
4.973537445068359,50540
4.978803634643555,50540
4.984035491943359,50540
4.989304065704346,50540
4.994532108306885,50540
4.999874591827393,50512
5.005174875259399,50512
5.010468244552612,50512
5.015711784362793,50488
5.020923137664795,50488
5.026126146316528,50488
5.031359434127808,50488
5.036613464355469,50488
5.041862726211548,50488
5.04712700843811,50488
5.0523998737335205,50488
5.057676792144775,50488
5.062938213348389,50488
5.068316698074341,50488
5.073610782623291,50488
5.078935861587524,50488
5.084239721298218,50488
5.0895092487335205,50488
5.094789981842041,50488
5.100032806396484,50488
5.105244398117065,50488
5.110452890396118,50488
5.1157262325286865,50488
5.120985269546509,50488
5.126277923583984,50488
5.131592512130737,50462
5.136867523193359,50462
5.142096519470215,50462
5.147414445877075,50462
5.152652740478516,50462
5.157942056655884,50462
5.163197040557861,50462
5.1685075759887695,50462
5.1738011837005615,50462
5.179120302200317,50462
5.184341669082642,50462
5.18955659866333,50462
5.194817543029785,50462
5.2001283168792725,50462
5.205390691757202,50462
5.210669040679932,50462
5.215916395187378,50462
5.221125602722168,50462
5.226356744766235,50462
5.231594562530518,50462
5.23678183555603,50462
5.24203085899353,50462
5.247394323348999,50462
5.252629041671753,50462
5.257821798324585,50462
5.263080835342407,50462
5.268301486968994,50462
5.273592472076416,50462
5.278852701187134,50462
5.284074783325195,50462
5.2893688678741455,50462
5.294598579406738,50462
5.299887418746948,50462
5.305117130279541,50462
5.310372352600098,50462
5.3155810832977295,50462
5.320873975753784,50462
5.3260884284973145,50462
5.331406354904175,50462
5.336637258529663,50462
5.341800212860107,50462
5.347005367279053,50462
5.3522279262542725,50462
5.357494831085205,50462
5.362765550613403,50462
5.368066310882568,50462
5.373272895812988,50462
5.378548622131348,50462
5.383768558502197,50462
5.389074802398682,50462
5.394292831420898,50462
5.399581432342529,50462
5.40484881401062,50462
5.41012978553772,50462
5.415406942367554,50462
5.420708894729614,50462
5.4261438846588135,50462
5.43135404586792,50462
5.436621427536011,50462
5.441821575164795,50462
5.447112560272217,50462
5.452404260635376,50462
5.457724571228027,50462
5.462954044342041,50462
5.468252658843994,50462
5.473491907119751,50462
5.478802919387817,50462
5.484042167663574,50462
5.489348649978638,50462
5.49474835395813,50462
5.500152587890625,50462
5.5055601596832275,50462
5.51088547706604,50462
5.51623797416687,50462
5.521495580673218,50462
5.526793479919434,50460
5.53200364112854,50460
5.537238121032715,50460
5.542521953582764,50460
5.547780752182007,50460
5.553033113479614,50460
5.5583815574646,50460
5.563621997833252,50460
5.568858623504639,50460
5.574131488800049,50460
5.579404830932617,50460
5.584666967391968,50460
5.589970111846924,50460
5.595230579376221,50460
5.6004743576049805,50460
5.605750322341919,50460
5.611081600189209,50460
5.616378307342529,50460
5.621665954589844,50460
5.627003192901611,50460
5.632328033447266,50460
5.637576103210449,50460
5.642767429351807,50460
5.648016452789307,50460
5.65341854095459,50460
5.658667087554932,50460
5.664039373397827,50460
5.669351100921631,50460
5.6746110916137695,50460
5.6798975467681885,50460
5.685137987136841,50460
5.690591096878052,50460
5.695906162261963,50460
5.701173305511475,50460
5.706493377685547,50460
5.711719512939453,50460
5.717050313949585,50460
5.722328424453735,50460
5.727511405944824,50460
5.732767820358276,50460
5.738053798675537,50460
5.743321657180786,50460
5.748601675033569,50460
5.7537853717803955,50460
5.759084701538086,50460
5.764344692230225,50460
5.769594669342041,50460
5.77485203742981,50460
5.780121088027954,50460
5.785390377044678,50460
5.790625095367432,50460
5.7958972454071045,50460
5.801121711730957,50460
5.8064124584198,50460
5.8115973472595215,50460
5.816900730133057,50460
5.8221354484558105,50460
5.82732081413269,50460
5.8325605392456055,50434
5.8378095626831055,50434
5.842997074127197,50434
5.848219633102417,50434
5.8535192012786865,50434
5.85880708694458,50434
5.8640265464782715,50434
5.86931586265564,50434
5.8745222091674805,50434
5.879820108413696,50434
5.885086297988892,50434
5.890334606170654,50434
5.895656585693359,50434
5.9009785652160645,50434
5.906236171722412,50434
5.9115846157073975,50434
5.916848659515381,50434
5.922095537185669,50434
5.927345514297485,50434
5.93260383605957,50434
5.937924146652222,50434
5.943256616592407,50434
5.94849419593811,50434
5.953736066818237,50434
5.9590744972229,50434
5.964365243911743,50434
5.969647645950317,50434
5.974867820739746,50434
5.980214357376099,50434
5.98553466796875,50434
5.990875720977783,50434
5.996258735656738,50434
6.00146484375,50434
6.006785869598389,50434
6.012014627456665,50434
6.01734733581543,50434
6.022582769393921,50434
6.027841091156006,50434
6.033020734786987,50434
6.038311719894409,50434
6.0436155796051025,50434
6.048924207687378,50434
6.054159641265869,50434
6.05938196182251,50434
6.064625978469849,50434
6.069918394088745,50434
6.075155735015869,50434
6.080367565155029,50434
6.085657119750977,50432
6.090902805328369,50432
6.096069097518921,50432
6.101341724395752,50432
6.106642723083496,50432
6.111996173858643,50432
6.117296457290649,50432
6.1226747035980225,50416
6.127889394760132,50416
6.133121728897095,50416
6.138267517089844,50416
6.143484592437744,50416
6.148745775222778,50414
6.153918981552124,50414
6.159137964248657,50414
6.164383172988892,50388
6.169561147689819,50388
6.174833059310913,50388
6.18006443977356,50388
6.185315847396851,50386
6.190577745437622,50386
6.195844888687134,50386
6.201075315475464,50386
6.206322431564331,50386
6.2115983963012695,50386
6.216872930526733,50386
6.222060918807983,50386
6.227339506149292,50386
6.232571363449097,50386
6.237895250320435,50386
6.243040084838867,50386
6.248351097106934,50386
6.253580093383789,50386
6.258946418762207,50386
6.264148712158203,50386
6.269455909729004,50386
6.2747039794921875,50386
6.279927015304565,50386
6.285157918930054,50386
6.29041862487793,50386
6.2956178188323975,50386
6.300831317901611,50386
6.306101083755493,50386
6.3112757205963135,50386
6.316495656967163,50386
6.3216552734375,50386
6.32695746421814,50386
6.332220077514648,50386
6.33749794960022,50386
6.34279203414917,50386
6.348008871078491,50386
6.353300094604492,50386
6.3585569858551025,50386
6.363717794418335,50386
6.368978023529053,50386
6.3742029666900635,50386
6.379428863525391,50386
6.384739875793457,50386
6.390019655227661,50386
6.395277738571167,50386
6.400454998016357,50386
6.4056901931762695,50386
6.410912036895752,50386
6.416137933731079,50386
6.421357870101929,50386
6.426612138748169,50386
6.431824684143066,50386
6.4370996952056885,50386
6.442270040512085,50386
6.447507381439209,50386
6.452777624130249,50386
6.4580652713775635,50386
6.463242530822754,50386
6.468533754348755,50378
6.473732948303223,50378
6.479011058807373,50378
6.484268665313721,50378
6.489587068557739,50378
6.494983434677124,50378
6.50037145614624,50378
6.5056304931640625,50378
6.511050701141357,50378
6.516406297683716,50378
6.521768808364868,50378
6.527055263519287,50378
6.532329320907593,50334
6.53755521774292,50334
6.542876243591309,50334
6.548109292984009,50334
6.553478717803955,50334
6.558772325515747,50334
6.56425404548645,50334
6.5694708824157715,50334
6.574718475341797,50334
6.579984426498413,50334
6.585283041000366,50334
6.590546369552612,50334
6.595820426940918,50334
6.601055145263672,50334
6.606319427490234,50334
6.611487865447998,50334
6.616710662841797,50334
6.621976852416992,50334
6.627218246459961,50334
6.632403373718262,50334
6.637629747390747,50334
6.643035411834717,50334
6.6483330726623535,50334
6.653501272201538,50334
6.658771991729736,50334
6.663957595825195,50334
6.669210433959961,50334
6.674439191818237,50334
6.679784774780273,50334
6.685014247894287,50334
6.690279960632324,50334
6.695514917373657,50334
6.700814723968506,50334
6.706040859222412,50334
6.711373805999756,50326
6.716620445251465,50326
6.721895694732666,50326
6.727081298828125,50326
6.732300043106079,50326
6.737493515014648,50326
6.742660999298096,50326
6.747880935668945,50326
6.75309419631958,50326
6.758408069610596,50326
6.7637059688568115,50326
6.768983364105225,50326
6.774266004562378,50326
6.77953577041626,50326
6.7848570346832275,50326
6.7901611328125,50314
6.795428991317749,50314
6.800661563873291,50314
6.8058412075042725,50314
6.811092138290405,50314
6.816363096237183,50314
6.821691274642944,50314
6.827000141143799,50314
6.8322975635528564,50314
6.837578535079956,50314
6.842837810516357,50314
6.848116874694824,50314
6.853301048278809,50314
6.858631372451782,50314
6.863997936248779,50314
6.869316339492798,50314
6.8745808601379395,50314
6.879905939102173,50314
6.88517951965332,50314
6.890456199645996,50314
6.895691871643066,50314
6.900945663452148,50314
6.906251668930054,50314
6.911424398422241,50314
6.916608810424805,50314
6.921823740005493,50314
6.927122354507446,50314
6.932347059249878,50314
6.937618255615234,50314
6.942809104919434,50314
6.948109865188599,50314
6.953282117843628,50314
6.958522081375122,50314
6.9638285636901855,50314
6.9691362380981445,50314
6.974400043487549,50314
6.979626417160034,50314
6.9848246574401855,50314
6.99009108543396,50314
6.995376110076904,50314
7.000580787658691,50314
7.005877733230591,50314
7.01116418838501,50314
7.016481876373291,50314
7.021762847900391,50314
7.026963949203491,50314
7.032179355621338,50314
7.037418842315674,50314
7.042701959609985,50314
7.047987461090088,50314
7.053208827972412,50314
7.058483600616455,50314
7.063755750656128,50314
7.069051027297974,50314
7.074265480041504,50314
7.079524993896484,50314
7.084760904312134,50314
7.0900657176971436,50314
7.095298528671265,50314
7.100546598434448,50314
7.105802059173584,50314
7.1110546588897705,50314
7.116244316101074,50314
7.121516227722168,50314
7.126787424087524,50314
7.131991386413574,50314
7.13727593421936,50314
7.142525672912598,50314
7.147748708724976,50314
7.152930974960327,50314
7.15821099281311,50314
7.163504123687744,50314
7.168737888336182,50314
7.173989534378052,50314
7.179325819015503,50314
7.184545516967773,50314
7.189802169799805,50314
7.195091724395752,50314
7.200259685516357,50314
7.2055346965789795,50314
7.2107579708099365,50314
7.2160115242004395,50314
7.2212769985198975,50314
7.226487159729004,50314
7.231706619262695,50314
7.236976146697998,50314
7.242281198501587,50314
7.2475433349609375,50314
7.25278115272522,50314
7.25799560546875,50314
7.263216495513916,50314
7.268512964248657,50314
7.273739814758301,50314
7.279028654098511,50314
7.2842302322387695,50314
7.28947639465332,50314
7.294707536697388,50314
7.299903392791748,50314
7.305119276046753,50314
7.3103697299957275,50314
7.315680503845215,50314
7.320976257324219,50314
7.32624888420105,50314
7.3314855098724365,50314
7.336789846420288,50314
7.34211802482605,50314
7.347406387329102,50314
7.352633714675903,50314
7.35785984992981,50314
7.36313796043396,50314
7.368428945541382,50314
7.373663663864136,50314
7.378942012786865,50314
7.3842175006866455,50314
7.389541149139404,50314
7.3948423862457275,50314
7.400060415267944,50314
7.405242919921875,50302
7.410456418991089,50302
7.41565203666687,50302
7.420968055725098,50302
7.426244020462036,50302
7.431541442871094,50302
7.43682074546814,50302
7.4421162605285645,50302
7.447418212890625,50302
7.452613115310669,50302
7.4579079151153564,50302
7.463225603103638,50302
7.468571662902832,50302
7.4738640785217285,50302
7.479156732559204,50302
7.4843528270721436,50302
7.4896180629730225,50302
7.494806528091431,50302
7.500284671783447,50302
7.505650281906128,50302
7.511001110076904,50302
7.51644492149353,50302
7.521713018417358,50302
7.526955604553223,50302
7.532259225845337,50302
7.537498950958252,50302
7.542664527893066,50302
7.547916412353516,50302
7.553181171417236,50302
7.558483839035034,50302
7.563720941543579,50302
7.5689873695373535,50302
7.574253082275391,50302
7.579507112503052,50302
7.584733486175537,50302
7.590027093887329,50302
7.59527587890625,50302
7.600605010986328,50302
7.605912685394287,50302
7.611264705657959,50302
7.616587400436401,50302
7.621819496154785,50302
7.627013444900513,50302
7.632235288619995,50302
7.63757848739624,50302
7.64283013343811,50302
7.648162841796875,50302
7.653457403182983,50302
7.6587159633636475,50302
7.664069175720215,50302
7.669345855712891,50302
7.67457389831543,50302
7.679844617843628,50302
7.685055732727051,50302
7.6903228759765625,50302
7.695628643035889,50302
7.70085597038269,50302
7.706064701080322,50302
7.711337327957153,50302
7.716683864593506,50302
7.722023248672485,50302
7.727293491363525,50302
7.732468128204346,50302
7.737646102905273,50302
7.742938041687012,50302
7.7481842041015625,50302
7.753516674041748,50302
7.758777141571045,50302
7.764002561569214,50302
7.769251108169556,50302
7.774531126022339,50302
7.7798895835876465,50302
7.785125732421875,50302
7.790351629257202,50302
7.7955663204193115,50302
7.800895929336548,50302
7.806159257888794,50302
7.811351537704468,50302
7.8166728019714355,50302
7.8218772411346436,50302
7.827156066894531,50302
7.832523822784424,50294
7.837785005569458,50294
7.843058109283447,50294
7.848347902297974,50294
7.853590726852417,50294
7.858882188796997,50294
7.864096641540527,50294
7.869352340698242,50294
7.874558448791504,50294
7.879846572875977,50294
7.885129451751709,50294
7.890369653701782,50294
7.8956122398376465,50294
7.90095067024231,50294
7.9061925411224365,50294
7.91138768196106,50294
7.916644811630249,50294
7.921954154968262,50294
7.927248954772949,50294
7.93252420425415,50294
7.9377641677856445,50294
7.943091630935669,50294
7.948273181915283,50294
7.953486204147339,50294
7.9587743282318115,50294
7.964055776596069,50294
7.969332933425903,50294
7.974552392959595,50294
7.9798057079315186,50294
7.985011577606201,50294
7.990252256393433,50294
7.995612144470215,50294
8.000881910324097,50294
8.006129026412964,50294
8.01133680343628,50294
8.016546964645386,50294
8.021808385848999,50294
8.027180433273315,50294
8.032401323318481,50294
8.03777027130127,50294
8.042966365814209,50294
8.04826545715332,50294
8.053536415100098,50294
8.058802366256714,50294
8.064079284667969,50294
8.069378137588501,50294
8.074661254882812,50294
8.07992959022522,50294
8.085187196731567,50294
8.09046721458435,50294
8.095714330673218,50294
8.100954532623291,50294
8.106315851211548,50294
8.111593246459961,50294
8.116804599761963,50294
8.122007846832275,50294
8.127224683761597,50294
8.132425785064697,50294
8.137616634368896,50294
8.143016338348389,50294
8.148277997970581,50294
8.153434991836548,50294
8.158630132675171,50294
8.163880586624146,50294
8.169185400009155,50294
8.174479484558105,50294
8.179811716079712,50294
8.185019731521606,50294
8.190303325653076,50270
8.195517539978027,50270
8.20079755783081,50270
8.205966234207153,50270
8.211270809173584,50270
8.21657395362854,50270
8.221790075302124,50270
8.22706651687622,50270
8.232337474822998,50270
8.23757815361023,50270
8.242833137512207,50270
8.248108863830566,50270
8.253348588943481,50270
8.25864839553833,50270
8.26387643814087,50270
8.269163846969604,50270
8.274370670318604,50270
8.279613256454468,50270
8.284887790679932,50270
8.290115118026733,50270
8.295294046401978,50270
8.300532341003418,50270
8.305778741836548,50270
8.311033725738525,50270
8.316332817077637,50270
8.3215811252594,50270
8.326873064041138,50270
8.33220386505127,50270
8.33744215965271,50270
8.34264874458313,50270
8.347909688949585,50270
8.353167295455933,50270
8.358482122421265,50270
8.36381220817566,50270
8.369103193283081,50270
8.374275922775269,50270
8.379482507705688,50270
8.384734869003296,50270
8.389952421188354,50270
8.395259141921997,50270
8.40057635307312,50270
8.405779838562012,50270
8.41095757484436,50270
8.416248321533203,50270
8.421535730361938,50270
8.426866054534912,50270
8.432174921035767,50270
8.437429666519165,50270
8.44262981414795,50270
8.447965383529663,50270
8.453205108642578,50270
8.458568096160889,50270
8.463788747787476,50270
8.469089031219482,50270
8.47429895401001,50270
8.479578733444214,50270
8.48485016822815,50270
8.49006986618042,50270
8.495329856872559,50270
8.500715970993042,50270
8.50599980354309,50270
8.511350154876709,50270
8.516666650772095,50270
8.521901607513428,50270
8.527225255966187,50270
8.532464981079102,50270
8.537776231765747,50270
8.542961120605469,50270
8.5482497215271,50270
8.553415536880493,50270
8.558695316314697,50270
8.563983678817749,50270
8.569238901138306,50270
8.57445502281189,50270
8.579674005508423,50264
8.584987163543701,50264
8.590234756469727,50264
8.595399141311646,50264
8.60060453414917,50264
8.605798244476318,50264
8.61112380027771,50264
8.616357564926147,50264
8.621559619903564,50264
8.62676215171814,50264
8.631983757019043,50264
8.637312412261963,50256
8.642704725265503,50256
8.647964000701904,50256
8.653231143951416,50238
8.658395051956177,50238
8.663612365722656,50238
8.668904066085815,50238
8.674211502075195,50238
8.679433822631836,50238
8.684673309326172,50230
8.689979791641235,50230
8.695170402526855,50230
8.700392246246338,50230
8.705611944198608,50230
8.710868120193481,50230
8.716078758239746,50230
8.721336126327515,50230
8.726568460464478,50230
8.731825351715088,50230
8.737126588821411,50230
8.742401599884033,50230
8.747625827789307,50230
8.752839803695679,50230
8.758223533630371,50230
8.76342248916626,50230
8.768619537353516,50230
8.77383279800415,50230
8.779064893722534,50230
8.784271955490112,50230
8.789499521255493,50230
8.794779062271118,50230
8.800102949142456,50230
8.805358409881592,50230
8.810579061508179,50230
8.81594181060791,50198
8.82129979133606,50198
8.826596736907959,50198
8.831823110580444,50198
8.837140083312988,50198
8.842424869537354,50198
8.847663879394531,50198
8.852889776229858,50198
8.858201265335083,50198
8.86345100402832,50198
8.868744134902954,50198
8.874033451080322,50198
8.879305839538574,50198
8.884510517120361,50198
8.889864683151245,50198
8.895084619522095,50198
8.900301694869995,50198
8.905597686767578,50198
8.91084909439087,50198
8.916083097457886,50198
8.921277523040771,50198
8.92652940750122,50198
8.931812763214111,50198
8.93716049194336,50198
8.94244122505188,50198
8.947693824768066,50198
8.952893018722534,50198
8.958168506622314,50198
8.963404893875122,50198
8.968643188476562,50198
8.973901748657227,50198
8.979166507720947,50198
8.984369277954102,50198
8.989631414413452,50198
8.99484395980835,50198
9.000040054321289,50198
9.00533676147461,50198
9.010616064071655,50198
9.015830755233765,50198
9.021175861358643,50198
9.026434898376465,50198
9.031638622283936,50198
9.0369393825531,50198
9.042216539382935,50198
9.047451972961426,50198
9.052704334259033,50198
9.057986974716187,50198
9.063239097595215,50198
9.068607091903687,50198
9.073909521102905,50198
9.07923936843872,50198
9.084433317184448,50198
9.08971357345581,50198
9.095022439956665,50198
9.100289106369019,50198
9.105556964874268,50198
9.11077880859375,50198
9.116036415100098,50198
9.12130880355835,50198
9.126574993133545,50198
9.131848096847534,50198
9.137086629867554,50198
9.142297983169556,50198
9.147547721862793,50198
9.152836084365845,50198
9.158146858215332,50198
9.163382053375244,50198
9.168667554855347,50198
9.173896074295044,50198
9.179202556610107,50198
9.184493064880371,50198
9.189732074737549,50198
9.194965600967407,50198
9.200230598449707,50198
9.205456733703613,50198
9.210692644119263,50198
9.215972900390625,50198
9.22124981880188,50198
9.226506471633911,50198
9.231787919998169,50198
9.237058401107788,50198
9.242317914962769,50198
9.247624635696411,50198
9.25291395187378,50198
9.25820803642273,50198
9.263456106185913,50198
9.268755912780762,50198
9.274080514907837,50198
9.279415130615234,50198
9.28459620475769,50198
9.28984808921814,50198
9.295103549957275,50198
9.300361633300781,50198
9.305577754974365,50198
9.310848712921143,50198
9.316141366958618,50198
9.321348190307617,50198
9.326627016067505,50198
9.331915140151978,50198
9.33720064163208,50198
9.342430830001831,50198
9.347659349441528,50198
9.352864265441895,50198
9.358131885528564,50198
9.363407135009766,50198
9.368634462356567,50198
9.373890161514282,50198
9.379134178161621,50198
9.384418249130249,50198
9.389665842056274,50198
9.39497709274292,50198
9.400285005569458,50198
9.405551195144653,50198
9.410792112350464,50198
9.416020393371582,50198
9.42130732536316,50198
9.426626682281494,50198
9.431913375854492,50198
9.437217712402344,50198
9.442472219467163,50198
9.447741031646729,50198
9.452958583831787,50198
9.458305835723877,50198
9.463534355163574,50198
9.468834161758423,50198
9.474118709564209,50198
9.479469299316406,50198
9.48473072052002,50198
9.48997688293457,50198
9.49523138999939,50198
9.500519037246704,50198
9.505811214447021,50198
9.511176824569702,50198
9.516601800918579,50198
9.522017002105713,50198
9.527356147766113,50198
9.532598733901978,50198
9.537827014923096,50198
9.543048858642578,50198
9.54832935333252,50198
9.553529024124146,50198
9.558769464492798,50198
9.564013481140137,50198
9.569273710250854,50198
9.574485778808594,50198
9.579665660858154,50198
9.584830522537231,50198
9.590065240859985,50198
9.595325708389282,50198
9.600626945495605,50198
9.605972290039062,50198
9.611204862594604,50198
9.616518259048462,50198
9.621729850769043,50198
9.626993656158447,50198
9.632380723953247,50198
9.637571334838867,50198
9.642958402633667,50198
9.64830207824707,50198
9.653602361679077,50198
9.658870220184326,50198
9.664182186126709,50198
9.6694176197052,50198
9.674705743789673,50198
9.679941892623901,50198
9.68517780303955,50198
9.69045376777649,50198
9.695682287216187,50198
9.700974225997925,50198
9.706274509429932,50198
9.71144723892212,50198
9.71666693687439,50198
9.721938371658325,50198
9.727198839187622,50198
9.732427597045898,50198
9.737679958343506,50198
9.74300479888916,50198
9.748270988464355,50198
9.75351619720459,50198
9.758811712265015,50198
9.764011144638062,50198
9.769338607788086,50198
9.774616241455078,50198
9.779988765716553,50198
9.785208225250244,50198
9.790461301803589,50198
9.795689821243286,50198
9.800976514816284,50198
9.806243419647217,50194
9.811474323272705,50194
9.816720962524414,50194
9.821962833404541,50194
9.827189683914185,50194
9.832423210144043,50194
9.837648868560791,50194
9.842879056930542,50194
9.848188877105713,50194
9.85341501235962,50194
9.85872220993042,50194
9.863983631134033,50194
9.869298458099365,50194
9.874526500701904,50194
9.879737377166748,50194
9.885034084320068,50194
9.890284299850464,50194
9.895508766174316,50194
9.900779247283936,50194
9.90602707862854,50194
9.91133427619934,50194
9.916599750518799,50194
9.921841144561768,50194
9.927140474319458,50194
9.93237042427063,50194
9.937650442123413,50194
9.94287633895874,50194
9.948161363601685,50194
9.953389644622803,50194
9.958686828613281,50194
9.963919639587402,50194
9.969180822372437,50194
9.974465608596802,50194
9.979753017425537,50194
9.985065698623657,50142
9.99033236503601,50142
9.9955313205719,50142
10.00079083442688,50142
10.006014347076416,50142
10.01132869720459,50142
10.016584396362305,50142
10.021814584732056,50142
10.027102708816528,50142
10.032399415969849,50142
10.037671327590942,50142
10.042880773544312,50142
10.048163652420044,50142
10.053441762924194,50142
10.05868148803711,50142
10.06385087966919,50142
10.069159746170044,50142
10.074458360671997,50142
10.0798020362854,50142
10.085075855255127,50142
10.090456247329712,50142
10.095717668533325,50142
10.100964069366455,50142
10.106298685073853,50142
10.11156415939331,50142
10.116864681243896,50142
10.122101068496704,50142
10.127366781234741,50142
10.132599592208862,50142
10.137841939926147,50142
10.143125534057617,50142
10.148422002792358,50142
10.153783321380615,50142
10.15906286239624,50142
10.164307117462158,50142
10.169549703598022,50142
10.174884796142578,50142
10.180299758911133,50142
10.185549259185791,50142
10.190817594528198,50142
10.196124076843262,50142
10.201425075531006,50142
10.206701755523682,50142
10.211986780166626,50142
10.21727705001831,50142
10.222564458847046,50142
10.227835893630981,50142
10.23302960395813,50142
10.238309621810913,50142
10.243556261062622,50142
10.248779535293579,50142
10.254034996032715,50142
10.259335041046143,50142
10.264609575271606,50142
10.269912719726562,50142
10.27522873878479,50142
10.280472993850708,50142
10.28566288948059,50142
10.290974378585815,50142
10.296196460723877,50142
10.301414966583252,50142
10.306672096252441,50142
10.311929941177368,50142
10.317214488983154,50142
10.322454452514648,50142
10.327642440795898,50142
10.332797765731812,50142
10.338036298751831,50142
10.343223571777344,50142
10.348448038101196,50142
10.353712320327759,50142
10.358909130096436,50142
10.364180564880371,50142
10.369436740875244,50142
10.374675750732422,50142
10.379900455474854,50142
10.385103702545166,50142
10.39033842086792,50142
10.395555973052979,50142
10.400840520858765,50142
10.406126737594604,50142
10.411344051361084,50142
10.416597127914429,50142
10.421810150146484,50142
10.427132844924927,50142
10.43239450454712,50142
10.43769383430481,50142
10.442871570587158,50142
10.448157548904419,50142
10.453335523605347,50142
10.458584308624268,50142
10.46393346786499,50142
10.469218492507935,50142
10.47437596321106,50142
10.479594230651855,50142
10.484779834747314,50142
10.489994764328003,50142
10.495264530181885,50142
10.50053071975708,50142
10.50579047203064,50142
10.511006116867065,50142
10.516417026519775,50142
10.521851778030396,50142
10.527156114578247,50142
10.532416105270386,50142
10.537690877914429,50142
10.542906284332275,50142
10.548153638839722,50142
10.553354501724243,50142
10.558553218841553,50142
10.563754081726074,50142
10.569022178649902,50142
10.574222326278687,50142
10.57947564125061,50142
10.584713220596313,50142
10.58994460105896,50142
10.595201253890991,50142
10.600456237792969,50142
10.605728387832642,50142
10.610965251922607,50142
10.616230487823486,50142
10.62146520614624,50142
10.626700639724731,50142
10.631965160369873,50142
10.637181043624878,50142
10.642443895339966,50142
10.64765977859497,50142
10.652932405471802,50142
10.658169507980347,50142
10.663426160812378,50142
10.668816566467285,50142
10.674049139022827,50142
10.679224967956543,50142
10.68443751335144,50142
10.689707040786743,50142
10.69490671157837,50142
10.700146198272705,50142
10.705327987670898,50142
10.710615396499634,50142
10.715818881988525,50142
10.721057415008545,50142
10.726299524307251,50142
10.73154902458191,50142
10.73677682876587,50142
10.742029905319214,50142
10.74728012084961,50142
10.752569675445557,50142
10.757913827896118,50142
10.763161897659302,50142
10.768438577651978,50142
10.773703336715698,50142
10.778968811035156,50142
10.784238576889038,50142
10.789469957351685,50142
10.794666528701782,50142
10.799920558929443,50142
10.805203199386597,50142
10.81047248840332,50142
10.815754652023315,50142
10.8209867477417,50142
10.826247930526733,50142
10.831474304199219,50142
10.83675241470337,50142
10.841906785964966,50142
10.847210168838501,50142
10.852499961853027,50142
10.85768985748291,50142
10.862928867340088,50142
10.868190288543701,50142
10.87346601486206,50142
10.878758668899536,50142
10.884003400802612,50142
10.88928747177124,50142
10.894570350646973,50142
10.899864435195923,50142
10.905163526535034,50142
10.910399675369263,50142
10.91569709777832,50142
10.920954465866089,50142
10.926238775253296,50142
10.931556701660156,50142
10.936798095703125,50142
10.94204306602478,50142
10.947274923324585,50142
10.952470541000366,50142
10.957645416259766,50142
10.96284008026123,50142
10.968116760253906,50142
10.97344446182251,50142
10.978718757629395,50142
10.983930349349976,50142
10.989192724227905,50142
10.994393825531006,50142
10.999642610549927,50142
11.004887819290161,50142
11.01013708114624,50142
11.01535153388977,50142
11.020594120025635,50142
11.025845527648926,50142
11.03117036819458,50142
11.036433458328247,50142
11.041637659072876,50142
11.046865940093994,50142
11.052115201950073,50142
11.057377576828003,50142
11.062578201293945,50142
11.067843914031982,50142
11.073020935058594,50142
11.078244686126709,50142
11.083513021469116,50142
11.088807582855225,50142
11.094080924987793,50142
11.099283456802368,50142
11.104442596435547,50142
11.109726905822754,50142
11.1148841381073,50142
11.120171785354614,50142
11.125422954559326,50142
11.130662679672241,50142
11.135904550552368,50142
11.141152620315552,50142
11.146398067474365,50142
11.151618242263794,50142
11.156882286071777,50142
11.162128448486328,50142
11.167401790618896,50142
11.172675132751465,50142
11.177941799163818,50142
11.183168172836304,50142
11.188447713851929,50142
11.193670988082886,50142
11.19887399673462,50142
11.2041597366333,50142
11.209452629089355,50142
11.214753150939941,50142
11.220017194747925,50142
11.225329399108887,50142
11.230628490447998,50142
11.235864639282227,50142
11.2410888671875,50142
11.246336460113525,50142
11.251550436019897,50134
11.256783485412598,50134
11.262003898620605,50134
11.267234086990356,50134
11.27241587638855,50134
11.277630805969238,50134
11.282836198806763,50134
11.288083553314209,50134
11.293388605117798,50134
11.298603057861328,50134
11.303836822509766,50134
11.309120893478394,50134
11.314337968826294,50134
11.319632530212402,50134
11.32483696937561,50134
11.330021619796753,50134
11.335277318954468,50134
11.340564012527466,50134
11.345760345458984,50134
11.351133584976196,50134
11.356368780136108,50134
11.361596822738647,50134
11.3668954372406,50134
11.372106313705444,50134
11.377419233322144,50134
11.382667303085327,50134
11.38790225982666,50134
11.393176555633545,50134
11.398327350616455,50134
11.403606176376343,50134
11.40880298614502,50134
11.414057731628418,50134
11.419279098510742,50134
11.424601793289185,50134
11.429883003234863,50134
11.435130596160889,50128
11.44040298461914,50128
11.445631504058838,50128
11.45085096359253,50128
11.456129312515259,50128
11.461321592330933,50128
11.466585397720337,50128
11.471861839294434,50128
11.477160215377808,50128
11.482397556304932,50128
11.487643480300903,50128
11.49289321899414,50128
11.498181581497192,50128
11.503418207168579,50128
11.508810043334961,50128
11.51417589187622,50128
11.519500970840454,50128
11.524830102920532,50128
11.530174732208252,50128
11.53555703163147,50128
11.540807962417603,50128
11.546018123626709,50128
11.551272869110107,50128
11.556539058685303,50128
11.56179666519165,50128
11.567060232162476,50128
11.572278022766113,50128
11.577487230300903,50128
11.582861185073853,50128
11.588234424591064,50128
11.593439817428589,50128
11.598766565322876,50128
11.60401201248169,50128
11.609293699264526,50128
11.61454439163208,50128
11.619828462600708,50112
11.625057220458984,50112
11.63030219078064,50112
11.635587930679321,50112
11.64081621170044,50112
11.646066427230835,50112
11.65140700340271,50112
11.656720161437988,50112
11.662023544311523,50112
11.667343616485596,50112
11.672557830810547,50112
11.677799224853516,50112
11.682984113693237,50112
11.688238382339478,50112
11.693400144577026,50112
11.69867491722107,50112
11.703910827636719,50112
11.709137439727783,50112
11.714460849761963,50112
11.719831943511963,50112
11.725061416625977,50112
11.73034954071045,50112
11.735532999038696,50112
11.740849018096924,50112
11.746097326278687,50112
11.751313209533691,50112
11.756520509719849,50112
11.761780738830566,50112
11.767018556594849,50112
11.77233076095581,50112
11.777604341506958,50066
11.782821655273438,50066
11.788019180297852,50066
11.793273210525513,50066
11.798450708389282,50066
11.8036470413208,50066
11.808870315551758,50066
11.81411623954773,50066
11.819327116012573,50066
11.824504375457764,50066
11.82966685295105,50066
11.834844827651978,50066
11.84007740020752,50066
11.845250368118286,50066
11.850576162338257,50066
11.855788707733154,50066
11.861005544662476,50066
11.86636734008789,50066
11.871534585952759,50066
11.87680721282959,50066
11.882034063339233,50066
11.88730263710022,50066
11.892531633377075,50066
11.897788286209106,50066
11.903027534484863,50066
11.90826678276062,50066
11.91355299949646,50066
11.918739080429077,50066
11.923949003219604,50066
11.92922043800354,50066
11.934530019760132,50066
11.939811944961548,50054
11.945082664489746,50054
11.95026421546936,50054
11.95542860031128,50054
11.960675716400146,50054
11.965919017791748,50054
11.971202850341797,50054
11.976499557495117,50054
11.981711626052856,50054
11.986999273300171,50054
11.99224591255188,50054
11.997458457946777,50054
12.002669095993042,50054
12.008017539978027,50054
12.013309240341187,50054
12.01855754852295,50054
12.023858547210693,50054
12.02910304069519,50054
12.034372091293335,50054
12.039626598358154,50054
12.044896841049194,50054
12.050119161605835,50054
12.055355548858643,50054
12.06058382987976,50054
12.065860509872437,50054
12.071173667907715,50054
12.076426267623901,50054
12.08165168762207,50054
12.086850643157959,50054
12.092063665390015,50054
12.097302675247192,50054
12.10248613357544,50054
12.107825517654419,50054
12.113129138946533,50054
12.118350744247437,50054
12.123693227767944,50054
12.128978729248047,50054
12.13431453704834,50054
12.139527320861816,50054
12.144842863082886,50054
12.150038957595825,50054
12.155235767364502,50054
12.160499811172485,50054
12.165762424468994,50054
12.171034097671509,50054
12.176340103149414,50054
12.181570291519165,50054
12.186819553375244,50054
12.192074537277222,50054
12.197304010391235,50054
12.202571630477905,50054
12.207848310470581,50054
12.21309494972229,50054
12.21842098236084,50054
12.223678827285767,50054
12.2289559841156,50054
12.234217643737793,50054
12.239447832107544,50054
12.244647026062012,50054
12.24990463256836,50054
12.255192995071411,50054
12.260504961013794,50054
12.26576042175293,50054
12.271097660064697,50054
12.276372909545898,50054
12.281607866287231,50054
12.286864519119263,50054
12.292133808135986,50054
12.297338247299194,50054
12.302508354187012,50054
12.307776689529419,50054
12.31297492980957,50054
12.318288803100586,50054
12.323536157608032,50054
12.328743696212769,50054
12.333958148956299,50054
12.339230060577393,50054
12.34446120262146,50054
12.349715232849121,50054
12.354928731918335,50054
12.360208749771118,50054
12.365387201309204,50054
12.37054705619812,50054
12.375809669494629,50054
12.381123065948486,50054
12.386363744735718,50054
12.39164400100708,50054
12.396847009658813,50054
12.402049541473389,50054
12.407302141189575,50054
12.41252088546753,50054
12.417803049087524,50054
12.423028707504272,50054
12.428297281265259,50054
12.433567523956299,50054
12.438838005065918,50054
12.444134712219238,50054
12.449385404586792,50054
12.454699754714966,50054
12.459930658340454,50054
12.465216159820557,50054
12.470472574234009,50054
12.47590684890747,50054
12.481158971786499,50054
12.486429452896118,50054
12.49170994758606,50054
12.497037649154663,50054
12.502245426177979,50054
12.507538318634033,50054
12.512778520584106,50054
12.518264055252075,50054
12.523613691329956,50054
12.528976678848267,50054
12.534506559371948,50054
12.539777994155884,50054
12.54509162902832,50054
12.55027723312378,50054
12.555572032928467,50054
12.560855388641357,50054
12.56617784500122,50054
12.571378231048584,50054
12.576633930206299,50054
12.581963777542114,50054
12.587217092514038,50054
12.592555522918701,50054
12.597792863845825,50054
12.603092193603516,50054
12.608457803726196,50054
12.613775968551636,50054
12.619081497192383,50054
12.624396324157715,50054
12.629629373550415,50054
12.634886741638184,50054
12.640223503112793,50054
12.64544939994812,50054
12.650726079940796,50054
12.655983924865723,50054
12.66127610206604,50054
12.666586875915527,50054
12.671895980834961,50054
12.677166938781738,50050
12.682409763336182,50050
12.687653541564941,50050
12.692859888076782,50050
12.69811487197876,50050
12.703402519226074,50050
12.70875883102417,50050
12.714073657989502,50050
12.719310760498047,50050
12.724603414535522,50050
12.729879140853882,50050
12.735070705413818,50050
12.740316390991211,50050
12.745612621307373,50050
12.750967979431152,50050
12.756254196166992,50050
12.761523962020874,50050
12.766762018203735,50050
12.772014617919922,50050
12.77736234664917,50050
12.78265380859375,50050
12.787962913513184,50050
12.79325795173645,50050
12.798484802246094,50050
12.803739309310913,50050
12.808999300003052,50050
12.814213991165161,50050
12.819570779800415,50050
12.824804067611694,50050
12.830132484436035,50050
12.835397005081177,50050
12.840605735778809,50050
12.845881223678589,50050
12.851200819015503,50050
12.856446504592896,50050
12.86169147491455,50050
12.866910219192505,50050
12.872149229049683,50050
12.87744426727295,50050
12.882640838623047,50050
12.887837409973145,50050
12.893026113510132,50050
12.89826250076294,50050
12.903530836105347,50050
12.90883731842041,50050
12.914088010787964,50050
12.9193115234375,50050
12.924530506134033,50050
12.92972183227539,50050
12.934963464736938,50050
12.940226078033447,50050
12.945504426956177,50050
12.950742721557617,50050
12.955941200256348,50050
12.961131811141968,50050
12.966354846954346,50050
12.971569538116455,50050
12.97683596611023,50050
12.982057332992554,50050
12.98733925819397,50050
12.992570161819458,50050
12.997833967208862,50050
13.003081321716309,50050
13.008361101150513,50050
13.013556480407715,50050
13.018893003463745,50050
13.02426290512085,50050
13.029547691345215,50050
13.03475832939148,50050
13.04007363319397,50050
13.045344114303589,50050
13.05065655708313,50050
13.055947542190552,50050
13.061212062835693,50050
13.066571235656738,50048
13.071724891662598,50048
13.07698655128479,50048
13.082310914993286,50048
13.087657928466797,50048
13.092863082885742,50048
13.098127841949463,50048
13.103329420089722,50048
13.108541011810303,50048
13.113743782043457,50048
13.118931770324707,50048
13.124147176742554,50048
13.129402160644531,50048
13.134602069854736,50048
13.139827966690063,50048
13.145066499710083,50048
13.150368690490723,50048
13.155675649642944,50048
13.160940647125244,50048
13.166192531585693,50048
13.171497821807861,50048
13.176694631576538,50048
13.181991577148438,50048
13.187365531921387,50004
13.192598819732666,50004
13.197839736938477,50004
13.20305323600769,50004
13.208263397216797,50004
13.2135591506958,50004
13.218786478042603,50004
13.224026918411255,50004
13.229263544082642,50004
13.234549760818481,50004
13.239823818206787,50004
13.245089769363403,50004
13.250318050384521,50004
13.255564212799072,50004
13.260758399963379,50004
13.26608419418335,50004
13.271307945251465,50004
13.276611089706421,50004
13.281875610351562,50004
13.287115812301636,50004
13.292419910430908,50004
13.297713041305542,50004
13.302939891815186,50004
13.30822491645813,50004
13.313499689102173,50004
13.318804264068604,50004
13.324081659317017,50004
13.329360961914062,50004
13.334620475769043,50004
13.33985161781311,50004
13.345068454742432,50004
13.350259065628052,50004
13.355496644973755,50004
13.360771656036377,50004
13.366087675094604,50004
13.371296644210815,50004
13.376588344573975,50004
13.381826162338257,50004
13.387144804000854,50004
13.392385721206665,50004
13.39760446548462,50004
13.40285038948059,50004
13.40816593170166,50004
13.413420677185059,50004
13.418680906295776,50004
13.42392373085022,50004
13.429247379302979,50004
13.434500694274902,50004
13.439720630645752,50004
13.444942474365234,50004
13.450154066085815,50004
13.45548677444458,50004
13.46075963973999,50004
13.465998649597168,50004
13.471323728561401,50004
13.4765043258667,50004
13.481741428375244,50004
13.487082719802856,50004
13.492335796356201,50004
13.49756646156311,50004
13.502842426300049,50004
13.508251428604126,50004
13.513551473617554,50004
13.518914937973022,50004
13.524328470230103,50004
13.529718399047852,50004
13.534918785095215,50004
13.540162324905396,50004
13.545454978942871,50004
13.550684928894043,50004
13.55598783493042,50004
13.561348915100098,50004
13.566613674163818,50004
13.571855783462524,50004
13.57713794708252,50004
13.582371234893799,50004
13.58767557144165,50004
13.592907667160034,50004
13.598185300827026,50004
13.603413820266724,50004
13.608692407608032,50004
13.613929986953735,50004
13.619186401367188,50004
13.624428749084473,50004
13.629672527313232,50004
13.635077714920044,50004
13.640339136123657,49992
13.645592451095581,49992
13.65086555480957,49992
13.65616750717163,49992
13.661488056182861,49992
13.66680359840393,49992
13.672077894210815,49992
13.677379369735718,49992
13.68265962600708,49992
13.687947034835815,49992
13.693219184875488,49992
13.698442935943604,49992
13.70371127128601,49992
13.709007263183594,49992
13.714256525039673,49992
13.71951961517334,49992
13.724761247634888,49992
13.729989767074585,49992
13.735275030136108,49992
13.740538597106934,49992
13.745830059051514,49992
13.751074314117432,49992
13.756244659423828,49992
13.761550188064575,49992
13.766821384429932,49992
13.772017478942871,49992
13.777332305908203,49992
13.782564640045166,49992
13.787827014923096,49992
13.793063879013062,49992
13.798327445983887,49992
13.803552865982056,49992
13.80882740020752,49992
13.814098834991455,49992
13.819382429122925,49992
13.824666500091553,49992
13.829953670501709,49992
13.8352689743042,49992
13.840535163879395,49992
13.845795154571533,49992
13.851054668426514,49992
13.856262683868408,49992
13.86153268814087,49992
13.866777658462524,49992
13.871957778930664,49992
13.87719440460205,49992
13.882422924041748,49992
13.887664556503296,49978
13.892844200134277,49978
13.898116111755371,49978
13.90335488319397,49978
13.908554792404175,49978
13.913767576217651,49978
13.918981552124023,49978
13.924280881881714,49978
13.92952561378479,49978
13.934726476669312,49940
13.939937829971313,49940
13.945152759552002,49940
13.950424194335938,49940
13.955664873123169,49940
13.960945129394531,49940
13.966227531433105,49940
13.97147274017334,49940
13.976739406585693,49940
13.98199725151062,49940
13.987225770950317,49940
13.992416858673096,49940
13.99761176109314,49940
14.002790689468384,49940
14.008068323135376,49940
14.013271570205688,49940
14.018557786941528,49940
14.023812532424927,49940
14.029077291488647,49940
14.034318447113037,49940
14.039588212966919,49940
14.044885158538818,49940
14.05009937286377,49940
14.055357933044434,49940
14.060613632202148,49940
14.065834999084473,49940
14.071079015731812,49940
14.076290845870972,49940
14.081520795822144,49940
14.086716651916504,49940
14.092008829116821,49940
14.097354650497437,49940
14.102542400360107,49940
14.107820272445679,49940
14.113049745559692,49940
14.118293285369873,49940
14.123473167419434,49940
14.128761529922485,49940
14.133964776992798,49940
14.139243125915527,49940
14.14441990852356,49940
14.149715900421143,49940
14.1548912525177,49940
14.160163879394531,49936
14.165369272232056,49936
14.170614957809448,49936
14.175838708877563,49936
14.181190967559814,49936
14.186432123184204,49936
14.191685438156128,49936
14.196950197219849,49936
14.202143430709839,49936
14.207370281219482,49936
14.212491273880005,49936
14.217703342437744,49936
14.222959756851196,49936
14.228188037872314,49936
14.233435153961182,49936
14.238710641860962,49936
14.24393630027771,49936
14.249249696731567,49936
14.25457239151001,49936
14.259857416152954,49936
14.265084743499756,49936
14.270323276519775,49936
14.275593757629395,49936
14.280855178833008,49936
14.286121129989624,49936
14.291306257247925,49936
14.296637058258057,49936
14.301830530166626,49936
14.307141780853271,49936
14.312316417694092,49936
14.31759762763977,49936
14.322781562805176,49936
14.328059196472168,49936
14.333255290985107,49936
14.33853268623352,49936
14.34373927116394,49936
14.349074840545654,49936
14.354226112365723,49936
14.359448194503784,49936
14.3646559715271,49936
14.36989164352417,49936
14.37511157989502,49936
14.380370616912842,49936
14.385547399520874,49936
14.390788078308105,49936
14.395990133285522,49936
14.401267290115356,49936
14.406556606292725,49936
14.41175651550293,49936
14.41695523262024,49936
14.422184944152832,49936
14.42744493484497,49936
14.432778596878052,49936
14.437986612319946,49936
14.44319224357605,49936
14.448429822921753,49900
14.453673839569092,49900
14.458974838256836,49900
14.464234828948975,49900
14.469522476196289,49900
14.474729299545288,49900
14.480010032653809,49900
14.485252618789673,49900
14.49052906036377,49900
14.495790958404541,49900
14.501117706298828,49900
14.506442308425903,49900
14.511799573898315,49900
14.517176389694214,49900
14.52250862121582,49900
14.527956247329712,49900
14.533300161361694,49900
14.538534879684448,49900
14.543744564056396,49900
14.549089431762695,49900
14.554291009902954,49900
14.559515953063965,49900
14.564800024032593,49900
14.570053100585938,49900
14.575275182723999,49900
14.580540657043457,49900
14.585732221603394,49900
14.590977907180786,49900
14.596238136291504,49900
14.60150408744812,49900
14.606714010238647,49900
14.611979961395264,49900
14.617281198501587,49900
14.622470378875732,49900
14.627746343612671,49900
14.633066654205322,49900
14.638303995132446,49900
14.64365816116333,49900
14.64891529083252,49900
14.654181957244873,49900
14.659427881240845,49900
14.664629936218262,49900
14.669852018356323,49900
14.67502212524414,49900
14.680232286453247,49900
14.685501098632812,49900
14.690710544586182,49900
14.695961236953735,49900
14.701239109039307,49900
14.706565618515015,49900
14.711811780929565,49900
14.717087507247925,49900
14.722296714782715,49900
14.727562189102173,49900
14.732832908630371,49900
14.738051652908325,49900
14.74324631690979,49900
14.748534202575684,49900
14.753737449645996,49900
14.759093523025513,49900
14.764401912689209,49900
14.769697904586792,49900
14.774957656860352,49900
14.780229568481445,49900
14.785454750061035,49900
14.790704250335693,49900
14.795870542526245,49900
14.801104545593262,49900
14.806310415267944,49900
14.811617851257324,49900
14.816848278045654,49900
14.822126150131226,49900
14.827385187149048,49900
14.83262038230896,49900
14.837890148162842,49900
14.843160390853882,49900
14.848384618759155,49900
14.853623390197754,49900
14.858904361724854,49900
14.864130973815918,49900
14.869401931762695,49900
14.874631881713867,49900
14.879916667938232,49900
14.885094404220581,49900
14.89036774635315,49900
14.895528554916382,49900
14.900794506072998,49900
14.906106948852539,49900
14.911404609680176,49900
14.916686058044434,49900
14.921921968460083,49900
14.927145957946777,49900
14.932394742965698,49900
14.937600374221802,49900
14.942832231521606,49900
14.948122024536133,49900
14.953402757644653,49900
14.958658456802368,49900
14.96385383605957,49900
14.969159364700317,49900
14.9744131565094,49900
14.979696989059448,49900
14.984937191009521,49900
14.990256071090698,49900
14.995489358901978,49900
15.000751256942749,49900
15.005966424942017,49900
15.011211633682251,49900
15.016544580459595,49900
15.021800994873047,49900
15.027064561843872,49900
15.032419919967651,49900
15.037699460983276,49900
15.042917966842651,49900
15.048216104507446,49900
15.053502082824707,49900
15.058773040771484,49900
15.064051866531372,49900
15.069358348846436,49900
15.074611186981201,49900
15.07982325553894,49900
15.0850670337677,49900
15.09031081199646,49900
15.095545530319214,49900
15.100866079330444,49900
15.106222867965698,49900
15.111494541168213,49900
15.116728067398071,49900
15.121842622756958,49900
15.12706470489502,49900
15.132215976715088,49900
15.137448072433472,49900
15.142728567123413,49900
15.148040533065796,49900
15.153265237808228,49900
15.158490657806396,49900
15.163703680038452,49900
15.168922901153564,49900
15.17412281036377,49900
15.17931342124939,49900
15.18451976776123,49900
15.189759969711304,49900
15.195055723190308,49900
15.200367450714111,49900
15.205692529678345,49846
15.210896730422974,49846
15.216154098510742,49846
15.221322059631348,49846
15.226483583450317,49846
15.231748580932617,49846
15.237048625946045,49846
15.242271661758423,49846
15.24755573272705,49846
15.252926111221313,49846
15.258176326751709,49846
15.263407230377197,49846
15.268714427947998,49846
15.273950338363647,49846
15.279235601425171,49846
15.284442663192749,49846
15.289730548858643,49846
15.294992208480835,49846
15.300310850143433,49846
15.30553388595581,49846
15.310816764831543,49846
15.316067934036255,49798
15.321331977844238,49798
15.326581954956055,49798
15.33180022239685,49798
15.337080001831055,49798
15.342264652252197,49798
15.347537994384766,49798
15.352811336517334,49798
15.358075618743896,49798
15.363254308700562,49798
15.368462085723877,49798
15.373650312423706,49798
15.378933429718018,49798
15.384190320968628,49798
15.38951826095581,49798
15.394752502441406,49798
15.40007758140564,49798
15.405319213867188,49798
15.410632610321045,49798
15.41586184501648,49798
15.421142339706421,49798
15.426360607147217,49798
15.431584119796753,49798
15.436826944351196,49798
15.442055225372314,49798
15.447364807128906,49798
15.452636480331421,49798
15.457900047302246,49798
15.463117361068726,49798
15.468373537063599,49798
15.473622798919678,49798
15.478917360305786,49798
15.484236717224121,49798
15.48949408531189,49798
15.494751214981079,49798
15.499985694885254,49798
15.505281448364258,49798
15.510625839233398,49798
15.516000747680664,49798
15.52135705947876,49798
15.526701927185059,49798
15.532160758972168,49798
15.537493705749512,49798
15.542667150497437,49798
15.547953128814697,49798
15.553348779678345,49798
15.558625936508179,49798
15.564003944396973,49798
15.569276809692383,49798
15.574530839920044,49798
15.579854488372803,49798
15.585116147994995,49798
15.5903000831604,49798
15.595551013946533,49798
15.600830078125,49798
15.606035709381104,49798
15.611288070678711,49798
15.616520643234253,49798
15.621668577194214,49798
15.626927137374878,49798
15.632230758666992,49798
15.637608289718628,49798
15.643062114715576,49798
15.648308515548706,49798
15.65354871749878,49798
15.65882420539856,49798
15.664202690124512,49798
15.669455528259277,49798
15.674717664718628,49798
15.679962396621704,49798
15.685229063034058,49798
15.690438270568848,49798
15.695721864700317,49798
15.70103144645691,49798
15.706351041793823,49798
15.711626052856445,49798
15.716903448104858,49798
15.72223687171936,49798
15.72754168510437,49798
15.732784509658813,49798
15.738033294677734,49798
15.743216514587402,49798
15.748483657836914,49798
15.753747940063477,49798
15.759103536605835,49798
15.764419317245483,49798
15.769715070724487,49798
15.775145769119263,49798
15.780404806137085,49798
15.785666227340698,49798
15.79091739654541,49798
15.79613709449768,49798
15.801393747329712,49798
15.806617975234985,49798
15.811858177185059,49798
15.817148923873901,49798
15.822459697723389,49798
15.827733278274536,49798
15.832990884780884,49798
15.838279962539673,49798
15.843618154525757,49798
15.848830223083496,49798
15.854036808013916,49798
15.85934567451477,49798
15.864681005477905,49798
15.870000839233398,49798
15.87526559829712,49798
15.880445957183838,49798
15.885689973831177,49798
15.890970468521118,49798
15.89626431465149,49798
15.901511430740356,49798
15.906826496124268,49798
15.912048101425171,49798
15.917256593704224,49798
15.92250657081604,49798
15.927765846252441,49798
15.932965278625488,49798
15.938219785690308,49798
15.943503856658936,49798
15.948795318603516,49798
15.954038143157959,49798
15.959266901016235,49798
15.964570999145508,49798
15.96995496749878,49798
15.975169658660889,49798
15.980554342269897,49798
15.985939502716064,49798
15.99126124382019,49798
15.996549606323242,49798
16.001835584640503,49798
16.007091760635376,49798
16.012291431427002,49798
16.01759910583496,49798
16.022870302200317,49798
16.028130054473877,49798
16.03344750404358,49798
16.038690090179443,49798
16.043925046920776,49798
16.049168586730957,49798
16.054409503936768,49798
16.059691190719604,49798
16.064943075180054,49798
16.070234775543213,49798
16.075432300567627,49798
16.080715656280518,49798
16.086069345474243,49798
16.091302633285522,49798
16.09655499458313,49798
16.10177254676819,49798
16.107091188430786,49798
16.112286806106567,49798
16.117497205734253,49798
16.122748851776123,49798
16.12795901298523,49798
16.133142948150635,49798
16.13842797279358,49798
16.14366912841797,49798
16.14884376525879,49798
16.15405583381653,49798
16.159303665161133,49798
16.164510011672974,49798
16.1697735786438,49798
16.17497181892395,49798
16.180251359939575,49798
16.185520887374878,49798
16.190754652023315,49798
16.19597315788269,49798
16.201316356658936,49798
16.2066433429718,49798
16.211934566497803,49798
16.21719717979431,49798
16.222480297088623,49798
16.227823495864868,49798
16.233131170272827,49798
16.238433122634888,49798
16.243720769882202,49798
16.24895429611206,49798
16.254162311553955,49798
16.25939702987671,49798
16.26467800140381,49798
16.269964694976807,49798
16.275259971618652,49798
16.28052282333374,49798
16.285741567611694,49798
16.290993452072144,49798
16.296212196350098,49798
16.301395654678345,49798
16.306684732437134,49798
16.311906576156616,49798
16.317156553268433,49798
16.322474002838135,49798
16.327716588974,49798
16.333037614822388,49798
16.338342428207397,49798
16.343603372573853,49798
16.348849534988403,49798
16.354122400283813,49798
16.35941791534424,49798
16.36468815803528,49798
16.369877338409424,49798
16.375195026397705,49798
16.380463361740112,49798
16.38568878173828,49798
16.390913724899292,49798
16.396164894104004,49798
16.40145778656006,49798
16.406628131866455,49798
16.41182565689087,49798
16.417067289352417,49798
16.422298431396484,49798
16.427573680877686,49798
16.432788848876953,49798
16.438059091567993,49798
16.443225383758545,49798
16.448506116867065,49798
16.453680515289307,49798
16.4588942527771,49798
16.464131355285645,49798
16.469401836395264,49798
16.474650144577026,49798
16.479877471923828,49798
16.485090732574463,49798
16.490307807922363,49798
16.49551033973694,49798
16.50074577331543,49798
16.505968809127808,49798
16.511293172836304,49798
16.51671075820923,49798
16.52211570739746,49798
16.527458429336548,49798
16.53278350830078,49798
16.538158893585205,49798
16.543352127075195,49798
16.548593044281006,49798
16.553756713867188,49798
16.55897092819214,49798
16.564231395721436,49798
16.569499969482422,49798
16.574742555618286,49798
16.58001732826233,49798
16.585236072540283,49798
16.590460777282715,49798
16.595709800720215,49798
16.60097622871399,49798
16.606186151504517,49798
16.611424684524536,49798
16.616657495498657,49798
16.621954679489136,49798
16.627203226089478,49798
16.632431983947754,49798
16.63766098022461,49798
16.64292311668396,49798
16.64813733100891,49798
16.653372526168823,49798
16.658610820770264,49798
16.663816690444946,49798
16.66907572746277,49798
16.674301385879517,49798
16.67953109741211,49798
16.68474531173706,49798
16.690084218978882,49798
16.69526195526123,49798
16.70055365562439,49798
16.705846786499023,49798
16.711190462112427,49798
16.71649193763733,49798
16.72172784805298,49798
16.72707986831665,49798
16.732369661331177,49798
16.73762822151184,49798
16.742838621139526,49798
16.74817132949829,49798
16.75338077545166,49798
16.75864028930664,49798
16.763946294784546,49798
16.769280672073364,49798
16.774552583694458,49798
16.779773950576782,49798
16.784947395324707,49798
16.790175437927246,49798
16.795350074768066,49798
16.80059552192688,49798
16.805869817733765,49798
16.811197996139526,49798
16.816416025161743,49798
16.821662187576294,49798
16.826868534088135,49798
16.832122802734375,49798
16.83734440803528,49798
16.842652320861816,49798
16.847930192947388,49798
16.85317087173462,49798
16.858402490615845,49798
16.863609313964844,49798
16.868953227996826,49798
16.874168634414673,49798
16.879366159439087,49798
16.884579181671143,49798
16.889896869659424,49798
16.895202159881592,49798
16.900488138198853,49798
16.90578055381775,49798
16.91106867790222,49798
16.916258335113525,49798
16.921459913253784,49798
16.92673373222351,49798
16.931925773620605,49798
16.937168836593628,49798
16.94232964515686,49798
16.947603702545166,49798
16.952821493148804,49798
16.958110094070435,49798
16.963334798812866,49798
16.96858787536621,49798
16.97382879257202,49798
16.979060888290405,49798
16.98432755470276,49798
16.989609479904175,49798
16.994807958602905,49798
17.00006937980652,49798
17.005261421203613,49798
17.010506868362427,49798
17.01570224761963,49798
17.021018743515015,49798
17.026280164718628,49798
17.03152346611023,49798
17.036794185638428,49798
17.042079210281372,49798
17.047291040420532,49798
17.05257534980774,49798
17.05782985687256,49798
17.063168048858643,49798
17.068453788757324,49798
17.0736825466156,49798
17.078959226608276,49798
17.08423662185669,49798
17.08950400352478,49798
17.09477424621582,49798
17.100004196166992,49798
17.10523533821106,49798
17.110443353652954,49798
17.115686416625977,49798
17.120944261550903,49798
17.12619948387146,49798
17.1314697265625,49798
17.136777639389038,49798
17.14202308654785,49798
17.147221565246582,49798
17.15255904197693,49798
17.15785264968872,49798
17.16307830810547,49798
17.1683349609375,49798
17.173552751541138,49798
17.17882013320923,49798
17.18410015106201,49798
17.189406871795654,49798
17.194685697555542,49798
17.19993543624878,49798
17.205111026763916,49798
17.210341453552246,49798
17.215599298477173,49798
17.220880031585693,49798
17.226123809814453,49798
17.231392860412598,49798
17.236594676971436,49798
17.24189591407776,49798
17.247213125228882,49798
17.252449989318848,49798
17.257739067077637,49798
17.26295304298401,49798
17.26817488670349,49798
17.273435831069946,49798
17.278656005859375,49798
17.283873796463013,49798
17.28916597366333,49798
17.294387578964233,49798
17.299692630767822,49798
17.304969310760498,49798
17.31024479866028,49798
17.31547212600708,49798
17.320720195770264,49798
17.325966596603394,49798
17.33117914199829,49798
17.336462020874023,49798
17.341724157333374,49798
17.346987009048462,49798
17.352205514907837,49798
17.35745358467102,49798
17.362709522247314,49798
17.367933750152588,49798
17.373188972473145,49798
17.378443241119385,49798
17.383689403533936,49798
17.388926029205322,49798
17.394195556640625,49798
17.39945387840271,49798
17.404680252075195,49798
17.40991735458374,49798
17.41517472267151,49798
17.42041516304016,49798
17.425638675689697,49798
17.430945873260498,49798
17.436249017715454,49798
17.441494703292847,49798
17.44673991203308,49798
17.45197343826294,49798
17.45721125602722,49798
17.462485790252686,49798
17.46775507926941,49798
17.472954034805298,49798
17.47838568687439,49798
17.48366403579712,49798
17.488868951797485,49798
17.494123697280884,49798
17.49939274787903,49798
17.50460410118103,49798
17.509882926940918,49798
17.51520323753357,49798
17.520545482635498,49798
17.52596402168274,49798
17.531325817108154,49798
17.536580801010132,49798
17.541786670684814,49798
17.547009468078613,49798
17.5522723197937,49798
17.557512998580933,49798
17.562774419784546,49798
17.568040132522583,49798
17.57331871986389,49798
17.57856011390686,49798
17.58374786376953,49798
17.58903741836548,49798
17.594163179397583,49798
17.59945249557495,49798
17.60471773147583,49798
17.609963417053223,49798
17.6151704788208,49798
17.620437145233154,49798
17.625638246536255,49798
17.630939245224,49798
17.636164903640747,49798
17.641419887542725,49798
17.646657466888428,49798
17.651893854141235,49798
17.657243251800537,49798
17.662569761276245,49798
17.667802095413208,49798
17.6730535030365,49798
17.678276300430298,49798
17.68345594406128,49798
17.688732385635376,49798
17.69399118423462,49798
17.699320316314697,49798
17.70457124710083,49798
17.709768772125244,49798
17.715024948120117,49798
17.720354318618774,49798
17.725574016571045,49798
17.730867862701416,49798
17.736092567443848,49798
17.74136257171631,49798
17.746668338775635,49798
17.751947164535522,49798
17.75729489326477,49798
17.76257061958313,49798
17.767868280410767,49798
17.773225784301758,49798
17.778505086898804,49798
17.78376317024231,49798
17.78898859024048,49798
17.794312953948975,49798
17.799549102783203,49798
17.804786682128906,49798
17.810041189193726,49798
17.81532621383667,49798
17.82054877281189,49798
17.825791120529175,49798
17.831130027770996,49798
17.836395025253296,49798
17.841630697250366,49798
17.846951484680176,49798
17.852234840393066,49798
17.85752558708191,49798
17.86277747154236,49798
17.868019342422485,49798
17.873244762420654,49798
17.878456592559814,49798
17.883699655532837,49798
17.8889377117157,49798
17.89422035217285,49798
17.899423122406006,49798
17.904705047607422,49798
17.909969806671143,49798
17.915212154388428,49798
17.92048668861389,49798
17.92570471763611,49798
17.93107318878174,49798
17.936309814453125,49798
17.941569089889526,49798
17.94679021835327,49798
17.95194721221924,49798
17.957205057144165,49798
17.962480545043945,49798
17.967726945877075,49798
17.972911596298218,49798
17.978189706802368,49798
17.983450412750244,49798
17.9887375831604,49798
17.993945121765137,49798
17.999167680740356,49798
18.00442910194397,49798
18.009727239608765,49798
18.014895915985107,49798
18.020182371139526,49798
18.02539300918579,49798
18.030683040618896,49798
18.03595542907715,49798
18.041196584701538,49798
18.046399116516113,49798
18.05160880088806,49798
18.056817054748535,49798
18.06198477745056,49798
18.067243099212646,49798
18.072518825531006,49798
18.077751874923706,49798
18.08292031288147,49798
18.088241815567017,49798
18.093480110168457,49798
18.098719835281372,49798
18.104004383087158,49798
18.109262943267822,49798
18.11453914642334,49798
18.119852781295776,49798
18.125068187713623,49798
18.130269527435303,49798
18.135531425476074,49798
18.14090347290039,49798
18.146183729171753,49798
18.15136194229126,49798
18.15661883354187,49798
18.161861419677734,49798
18.167141914367676,49798
18.172427892684937,49798
18.177716732025146,49798
18.182934045791626,49798
18.188182592391968,49798
18.193401336669922,49798
18.19867467880249,49798
18.203969717025757,49798
18.209179162979126,49798
18.21445322036743,49798
18.219669342041016,49798
18.224912405014038,49798
18.230192184448242,49798
18.235437870025635,49798
18.240739583969116,49798
18.245983839035034,49798
18.251275777816772,49798
18.2565438747406,49798
18.261796474456787,49798
18.26709747314453,49798
18.27243185043335,49798
18.277695178985596,49798
18.282971143722534,49798
18.28821611404419,49798
18.293461799621582,49798
18.298790454864502,49798
18.30405569076538,49798
18.309343576431274,49798
18.314651250839233,49798
18.31993317604065,49798
18.325201272964478,49798
18.330432415008545,49798
18.335692644119263,49798
18.340962409973145,49798
18.34628391265869,49798
18.351552486419678,49798
18.35682773590088,49798
18.362136602401733,49798
18.367486000061035,49798
18.372682332992554,49798
18.377970457077026,49798
18.383179187774658,49798
18.388455152511597,49798
18.393656492233276,49798
18.398903131484985,49798
18.404178857803345,49798
18.409390211105347,49798
18.41462516784668,49798
18.41984510421753,49798
18.42509961128235,49798
18.430370569229126,49798
18.43560528755188,49798
18.44088912010193,49798
18.44612145423889,49798
18.45133399963379,49798
18.4566547870636,49798
18.461870670318604,49798
18.467158555984497,49798
18.472405672073364,49798
18.477771282196045,49798
18.482998371124268,49798
18.488226175308228,49798
18.493478536605835,49798
18.498744249343872,49798
18.503990411758423,49798
18.509296655654907,49798
18.514617919921875,49798
18.519951820373535,49798
18.525338649749756,49798
18.530698537826538,49798
18.53619146347046,49798
18.54149293899536,49798
18.546711683273315,49798
18.551959991455078,49798
18.557183504104614,49798
18.562422275543213,49798
18.56765580177307,49798
18.572892904281616,49798
18.578134059906006,49798
18.58334517478943,49798
18.58861780166626,49798
18.5939040184021,49798
18.599199295043945,49798
18.60448694229126,49798
18.609745979309082,49798
18.61497712135315,49798
18.62023663520813,49798
18.625451803207397,49798
18.630702018737793,49798
18.63613271713257,49798
18.641554832458496,49798
18.646852254867554,49798
18.65211296081543,49798
18.657317638397217,49798
18.66254210472107,49798
18.66783905029297,49798
18.673095226287842,49798
18.678446769714355,49798
18.683703422546387,49798
18.689026355743408,49798
18.694236278533936,49798
18.699435710906982,49798
18.70469045639038,49798
18.710033178329468,49798
18.715345859527588,49798
18.72059178352356,49798
18.725798845291138,49798
18.73108720779419,49798
18.73636555671692,49798
18.741620779037476,49798
18.746928930282593,49798
18.75216269493103,49798
18.75739884376526,49798
18.762735843658447,49798
18.768007516860962,49798
18.773234367370605,49798
18.77849245071411,49798
18.78379535675049,49798
18.789049863815308,49798
18.79428243637085,49798
18.79954743385315,49798
18.804738759994507,49798
18.81002640724182,49798
18.815255641937256,49798
18.820489406585693,49798
18.825695276260376,49798
18.830918550491333,49798
18.836162090301514,49798
18.84144139289856,49798
18.84673261642456,49798
18.852025985717773,49798
18.857290029525757,49798
18.86252474784851,49798
18.86776566505432,49798
18.87302279472351,49798
18.87826919555664,49798
18.88351082801819,49798
18.88881826400757,49798
18.894081830978394,49798
18.89944338798523,49798
18.904757499694824,49798
18.910032510757446,49798
18.915369987487793,49798
18.920662879943848,49798
18.92593026161194,49798
18.931247234344482,49798
18.936554670333862,49798
18.94185996055603,49798
18.94708561897278,49798
18.952322721481323,49798
18.957594394683838,49798
18.962862014770508,49798
18.96822738647461,49798
18.973479509353638,49798
18.978829860687256,49798
18.984073638916016,49798
18.989399671554565,49798
18.99459409713745,49798
18.99983811378479,49798
19.005090951919556,49798
19.010318756103516,49798
19.015530109405518,49798
19.020763874053955,49798
19.025959014892578,49798
19.03119921684265,49798
19.03642225265503,49798
19.041661262512207,49798
19.046878576278687,49798
19.052122116088867,49798
19.05737543106079,49798
19.062740087509155,49798
19.06813383102417,49798
19.073360919952393,49798
19.078612089157104,49798
19.08380937576294,49798
19.089052438735962,49798
19.094279050827026,49798
19.0995614528656,49798
19.104812383651733,49798
19.110109090805054,49798
19.115360736846924,49798
19.120578050613403,49798
19.125866174697876,49798
19.131112337112427,49798
19.136329650878906,49798
19.141629695892334,49798
19.146880865097046,49798
19.15214252471924,49798
19.157474756240845,49798
19.16271471977234,49798
19.168065309524536,49798
19.17332673072815,49798
19.178582668304443,49798
19.183833360671997,49798
19.189055681228638,49798
19.194265604019165,49798
19.199594259262085,49798
19.20477032661438,49798
19.210091829299927,49798
19.215401887893677,49798
19.22065567970276,49798
19.225872039794922,49798
19.231030464172363,49798
19.23637056350708,49798
19.241605281829834,49798
19.246862411499023,49798
19.25216269493103,49798
19.257404327392578,49798
19.262648582458496,49798
19.267887592315674,49798
19.273112058639526,49798
19.278405904769897,49798
19.283693075180054,49798
19.288880825042725,49798
19.2941632270813,49798
19.299409866333008,49798
19.304702520370483,49798
19.30993962287903,49798
19.31522226333618,49798
19.320515871047974,49798
19.325815200805664,49798
19.33111310005188,49798
19.3364040851593,49798
19.341629028320312,49798
19.34689712524414,49798
19.352161645889282,49798
19.357445240020752,49798
19.362610578536987,49798
19.367867469787598,49798
19.37315607070923,49798
19.378474950790405,49798
19.38367986679077,49798
19.38891339302063,49798
19.39408016204834,49798
19.3993980884552,49798
19.40458106994629,49798
19.40985345840454,49798
19.41506028175354,49798
19.420328617095947,49798
19.42556929588318,49798
19.430931091308594,49798
19.436229467391968,49798
19.441505432128906,49798
19.446754217147827,49798
19.451969623565674,49798
19.457260131835938,49798
19.462570667266846,49798
19.46783685684204,49798
19.47320556640625,49798
19.47864294052124,49798
19.483917236328125,49798
19.489176034927368,49798
19.494513034820557,49798
19.499747276306152,49798
19.504942178726196,49798
19.51020908355713,49798
19.515514373779297,49798
19.52079701423645,49798
19.526212215423584,49798
19.53155517578125,49798
19.537007093429565,49798
19.54231095314026,49798
19.54763102531433,49798
19.552865028381348,49798
19.558167219161987,49798
19.56338620185852,49798
19.568628072738647,49798
19.573866367340088,49798
19.579067945480347,49798
19.584399700164795,49798
19.589640855789185,49798
19.59482455253601,49798
19.600101470947266,49798
19.60534691810608,49798
19.610642433166504,49798
19.615936279296875,49798
19.621293306350708,49798
19.626590728759766,49798
19.631922245025635,49798
19.637199640274048,49798
19.642526865005493,49798
19.64773154258728,49798
19.65311551094055,49798
19.658374547958374,49798
19.663695096969604,49798
19.66900134086609,49798
19.6742947101593,49798
19.679611444473267,49798
19.684866905212402,49798
19.690170288085938,49798
19.695469617843628,49798
19.700769662857056,49798
19.70601177215576,49798
19.71127724647522,49798
19.716529607772827,49798
19.72182822227478,49798
19.727108001708984,49798
19.73227596282959,49798
19.73756217956543,49798
19.74278950691223,49798
19.74802279472351,49798
19.753163814544678,49798
19.758500576019287,49798
19.763779163360596,49798
19.76904797554016,49798
19.774384021759033,49798
19.77968740463257,49798
19.78496217727661,49798
19.790266752243042,49798
19.795600652694702,49798
19.800955295562744,49798
19.806248426437378,49798
19.811586380004883,49798
19.816816568374634,49798
19.821996688842773,49798
19.8272807598114,49798
19.832541465759277,49798
19.837868213653564,49798
19.843114852905273,49798
19.848410606384277,49798
19.853638410568237,49798
19.85888147354126,49798
19.86416268348694,49798
19.869434118270874,49798
19.874653100967407,49798
19.879940032958984,49798
19.88517951965332,49798
19.890398263931274,49798
19.895630598068237,49798
19.900882720947266,49798
19.906203031539917,49798
19.911423683166504,49798
19.916640281677246,49798
19.921834230422974,49798
19.92715096473694,49798
19.93237328529358,49798
19.937613248825073,49798
19.94282102584839,49798
19.948205947875977,49798
19.953514575958252,49798
19.95869731903076,49798
19.963953018188477,49798
19.969259023666382,49798
19.974503993988037,49798
19.979767560958862,49798
19.985131978988647,49798
19.990400314331055,49798
19.99568271636963,49798
20.000977754592896,49798
20.006234645843506,49798
20.011521816253662,49798
20.016717433929443,49798
20.02199101448059,49798
20.02730965614319,49798
20.032540798187256,49798
20.037755012512207,49798
20.04292917251587,49798
20.048168420791626,49798
20.053438186645508,49798
20.058709144592285,49798
20.063989400863647,49798
20.069244384765625,49798
20.07444453239441,49798
20.079802989959717,49798
20.085078716278076,49798
20.090337991714478,49798
20.09560990333557,49798
20.10085678100586,49798
20.106181383132935,49798
20.11156940460205,49798
20.116922855377197,49798
20.122179746627808,49798
20.1274356842041,49798
20.13267755508423,49798
20.137941598892212,49798
20.1431667804718,49798
20.148411512374878,49798
20.153632402420044,49798
20.158902168273926,49798
20.164142847061157,49798
20.169384479522705,49798
20.17457151412964,49798
20.179826259613037,49798
20.18503451347351,49798
20.190300703048706,49798
20.19553804397583,49798
20.2007155418396,49798
20.205941677093506,49798
20.211159467697144,49798
20.216392278671265,49798
20.22160792350769,49798
20.226852893829346,49798
20.23206639289856,49798
20.23735785484314,49798
20.242589473724365,49798
20.24789834022522,49798
20.25312376022339,49798
20.25835633277893,49798
20.263611316680908,49798
20.26890754699707,49798
20.274193286895752,49798
20.279468059539795,49798
20.284788131713867,49798
20.29009222984314,49798
20.295347690582275,49798
20.30064344406128,49798
20.305939197540283,49798
20.3111629486084,49798
20.31650447845459,49798
20.32181978225708,49798
20.327188968658447,49798
20.332419395446777,49798
20.337711095809937,49798
20.342891931533813,49798
20.34822678565979,49798
20.353504419326782,49798
20.358747482299805,49798
20.36397886276245,49798
20.36930537223816,49798
20.37452983856201,49798
20.3797767162323,49798
20.38505482673645,49798
20.390328645706177,49798
20.39557957649231,49798
20.400757312774658,49798
20.405967235565186,49798
20.41119694709778,49798
20.416449069976807,49798
20.42169499397278,49798
20.42690896987915,49798
20.43211817741394,49798
20.437357902526855,49798
20.442633152008057,49798
20.447834968566895,49798
20.45312523841858,49798
20.45838236808777,49798
20.463574409484863,49798
20.468871593475342,49798
20.474124670028687,49798
20.479424715042114,49798
20.48472547531128,49798
20.490004062652588,49798
20.495203018188477,49798
20.50043487548828,49798
20.50566577911377,49798
20.51089119911194,49798
20.516197443008423,49798
20.521448373794556,49798
20.526689052581787,49798
20.531996488571167,49798
20.537498950958252,49798
20.542834758758545,49798
20.548124074935913,49798
20.55340313911438,49798
20.558632850646973,49798
20.563900232315063,49798
20.569149494171143,49798
20.574374675750732,49798
20.579635620117188,49798
20.584835529327393,49798
20.5901095867157,49798
20.59531569480896,49798
20.60059356689453,49798
20.60584568977356,49798
20.611116886138916,49798
20.616323471069336,49798
20.621551513671875,49798
20.626807928085327,49798
20.632039308547974,49798
20.637269258499146,49798
20.64259123802185,49798
20.647874355316162,49798
20.653078317642212,49798
20.65829873085022,49798
20.663554668426514,49798
20.668795108795166,49798
20.674025535583496,49798
20.679338216781616,49798
20.684593439102173,49798
20.689830780029297,49798
20.695107460021973,49798
20.700266361236572,49798
20.705540895462036,49798
20.71075415611267,49798
20.716004371643066,49798
20.721286058425903,49798
20.726613521575928,49798
20.73187756538391,49798
20.737092971801758,49798
20.74226474761963,49798
20.747543811798096,49798
20.752850770950317,49798
20.758195877075195,49798
20.763426065444946,49798
20.768627882003784,49798
20.77389883995056,49798
20.779228687286377,49798
20.784529209136963,49798
20.78971242904663,49798
20.79500651359558,49798
20.80036473274231,49798
20.805580854415894,49798
20.81089162826538,49798
20.816096544265747,49798
20.821375608444214,49798
20.826637744903564,49798
20.831974029541016,49798
20.837342023849487,49798
20.842586278915405,49798
20.84788751602173,49798
20.853087902069092,49798
20.858306169509888,49798
20.863571882247925,49798
20.8688006401062,49798
20.874100923538208,49798
20.879322290420532,49798
20.88454246520996,49798
20.889791011810303,49798
20.895057916641235,49798
20.900364875793457,49798
20.905649185180664,49798
20.91095757484436,49798
20.91623544692993,49798
20.921517848968506,49798
20.92678451538086,49798
20.931976079940796,49798
20.93733239173889,49798
20.942594289779663,49798
20.947834014892578,49798
20.953101873397827,49798
20.95833921432495,49798
20.96358013153076,49798
20.968780040740967,49798
20.97410249710083,49798
20.97936749458313,49798
20.984535932540894,49798
20.989816904067993,49798
20.995038986206055,49798
21.00028133392334,49798
21.005585193634033,49798
21.01091241836548,49798
21.01617693901062,49798
21.021528720855713,49798
21.026751041412354,49798
21.031996965408325,49798
21.03724718093872,49798
21.042508125305176,49798
21.0477933883667,49798
21.05299472808838,49798
21.05835723876953,49798
21.063586235046387,49798
21.068927764892578,49798
21.074224710464478,49798
21.079561233520508,49798
21.084858417510986,49798
21.090147018432617,49798
21.09545874595642,49798
21.100707530975342,49798
21.1059353351593,49798
21.11121106147766,49798
21.116500854492188,49798
21.12183976173401,49798
21.127097845077515,49798
21.1323561668396,49798
21.13761329650879,49798
21.142842531204224,49798
21.148135662078857,49798
21.153318166732788,49798
21.15857768058777,49798
21.163747787475586,49798
21.168992042541504,49798
21.174193143844604,49798
21.179484128952026,49798
21.18470859527588,49798
21.18995189666748,49798
21.19524621963501,49798
21.200538635253906,49798
21.20582866668701,49798
21.211106300354004,49798
21.216358184814453,49798
21.221578359603882,49798
21.226861476898193,49798
21.232074975967407,49798
21.23735237121582,49798
21.242608070373535,49798
21.247930765151978,49798
21.253326892852783,49798
21.25860619544983,49798
21.26384162902832,49798
21.269114017486572,49798
21.274333000183105,49798
21.279614210128784,49798
21.284789323806763,49798
21.290053129196167,49798
21.295295476913452,49798
21.30050277709961,49798
21.305734395980835,49798
21.311010599136353,49798
21.316307306289673,49798
21.32166075706482,49798
21.326921701431274,49798
21.332113027572632,49798
21.337347745895386,49798
21.342604160308838,49798
21.347891092300415,49798
21.35314679145813,49798
21.358458995819092,49798
21.36373519897461,49798
21.369019031524658,49798
21.37429189682007,49798
21.379547834396362,49798
21.384749174118042,49798
21.390005826950073,49798
21.395299911499023,49792
21.400572538375854,49792
21.405738353729248,49792
21.410987615585327,49792
21.416296005249023,49792
21.421630382537842,49792
21.4268901348114,49792
21.432239532470703,49792
21.43751621246338,49792
21.44275736808777,49792
21.4480197429657,49792
21.453323364257812,49792
21.458587884902954,49792
21.46388840675354,49792
21.469144344329834,49792
21.47445058822632,49792
21.479690074920654,49792
21.48502802848816,49792
21.49033832550049,49792
21.49559497833252,49792
21.500871181488037,49792
21.5061354637146,49792
21.511374473571777,49792
21.51664090156555,49792
21.521964073181152,49792
21.527389526367188,49792
21.532805919647217,49792
21.53825879096985,49792
21.543567180633545,49792
21.548929929733276,49792
21.554142951965332,49792
21.55940055847168,49792
21.564582347869873,49792
21.569819688796997,49792
21.575035333633423,49792
21.580225229263306,49792
21.585400581359863,49792
21.590710639953613,49792
21.595919847488403,49792
21.601168394088745,49792
21.606395959854126,49792
21.611690044403076,49792
21.616869688034058,49792
21.622069835662842,49792
21.6273353099823,49792
21.63263511657715,49792
21.637808322906494,49792
21.64303755760193,49792
21.64841651916504,49792
21.653726816177368,49792
21.659040689468384,49792
21.664385318756104,49792
21.669607400894165,49792
21.674829721450806,49792
21.680128812789917,49792
21.685347318649292,49792
21.690520524978638,49792
21.695708513259888,49792
21.700974464416504,49792
21.706238746643066,49792
21.711498975753784,49792
21.716822624206543,49792
21.722025394439697,49792
21.727230072021484,49792
21.732431173324585,49792
21.7377610206604,49792
21.74302387237549,49792
21.748284101486206,49792
21.753533840179443,49792
21.758901119232178,49792
21.764119386672974,49792
21.769360303878784,49792
21.77467679977417,49792
21.780083656311035,49792
21.785464763641357,49792
21.790703773498535,49792
21.795948028564453,49792
21.80113673210144,49792
21.806452989578247,49792
21.811723947525024,49792
21.817002296447754,49792
21.82231330871582,49792
21.827586889266968,49792
21.832797527313232,49792
21.83810782432556,49792
21.843331813812256,49792
21.84858012199402,49792
21.853814601898193,49792
21.859102964401245,49792
21.86435294151306,49792
21.869661808013916,49792
21.874866008758545,49792
21.880038499832153,49792
21.885337114334106,49792
21.89060616493225,49792
21.89581060409546,49792
21.901065826416016,49792
21.906283855438232,49792
21.911500215530396,49792
21.916778087615967,49792
21.922059774398804,49792
21.92733097076416,49792
21.93256378173828,49792
21.937771320343018,49792
21.942957639694214,49792
21.948292016983032,49792
21.95351815223694,49792
21.95882248878479,49792
21.964072942733765,49792
21.969330310821533,49792
21.974555492401123,49792
21.979836225509644,49792
21.985067129135132,49792
21.99035406112671,49792
21.995670795440674,49792
22.000940799713135,49792
22.0061674118042,49792
22.011414527893066,49792
22.01666522026062,49792
22.021876335144043,49792
22.02709436416626,49792
22.032430410385132,49792
22.037662744522095,49792
22.042964935302734,49792
22.048238277435303,49792
22.053491830825806,49792
22.058741569519043,49792
22.0639910697937,49792
22.06924295425415,49792
22.07445216178894,49792
22.07963800430298,49792
22.084871768951416,49792
22.09013271331787,49792
22.095412015914917,49792
22.1006338596344,49792
22.105865955352783,49792
22.111111164093018,49792
22.116360187530518,49792
22.12154507637024,49792
22.12678551673889,49792
22.132048845291138,49792
22.137364387512207,49792
22.14254856109619,49792
22.1479070186615,49792
22.153148412704468,49792
22.158379554748535,49792
22.16364312171936,49792
22.168859481811523,49792
22.174182176589966,49792
22.17937445640564,49792
22.184602737426758,49792
22.189882516860962,49792
22.19511914253235,49792
22.200411081314087,49792
22.20570945739746,49792
22.210938692092896,49792
22.216182947158813,49792
22.221465587615967,49792
22.22675633430481,49792
22.231971979141235,49792
22.237234354019165,49792
22.24246835708618,49792
22.247727394104004,49792
22.25291109085083,49792
22.258177995681763,49792
22.2634379863739,49792
22.268731832504272,49792
22.27397871017456,49792
22.279263019561768,49792
22.284523010253906,49792
22.289774656295776,49792
22.29501962661743,49792
22.300302028656006,49792
22.305487394332886,49792
22.31070852279663,49792
22.315887689590454,49792
22.321139812469482,49792
22.32642936706543,49792
22.331571102142334,49792
22.336878538131714,49792
22.34215235710144,49792
22.34741997718811,49792
22.352654218673706,49792
22.357898950576782,49792
22.36313796043396,49792
22.368474006652832,49792
22.373787879943848,49792
22.3790340423584,49792
22.384328842163086,49792
22.389594793319702,49792
22.394883155822754,49792
22.40017056465149,49792
22.405476331710815,49792
22.41074514389038,49792
22.415936708450317,49792
22.42127251625061,49792
22.42656660079956,49792
22.4317729473114,49792
22.43699288368225,49792
22.442257165908813,49792
22.44745659828186,49792
22.45268940925598,49792
22.45790958404541,49792
22.463140726089478,49792
22.46839165687561,49792
22.47357416152954,49792
22.47885751724243,49792
22.484131336212158,49792
22.489362478256226,49792
22.494555473327637,49792
22.499755382537842,49792
22.504952669143677,49792
22.510260105133057,49792
22.515458345413208,49792
22.52070641517639,49792
22.52613067626953,49792
22.53151226043701,49792
22.536916971206665,49792
22.542282104492188,49792
22.54749345779419,49792
22.552786350250244,49792
22.55821681022644,49792
22.563458681106567,49792
22.56872057914734,49792
22.57392716407776,49792
22.57914710044861,49792
22.584410429000854,49792
22.58973240852356,49792
22.594910383224487,49792
22.600191354751587,49792
22.60546112060547,49792
22.61074423789978,49792
22.615922212600708,49792
22.6212100982666,49792
22.626532793045044,49792
22.63175106048584,49792
22.636993169784546,49792
22.642279863357544,49792
22.647554874420166,49792
22.652780294418335,49792
22.658082485198975,49792
22.663307428359985,49792
22.66854691505432,49792
22.673803091049194,49792
22.679088354110718,49792
22.684345245361328,49792
22.689648628234863,49792
22.6949143409729,49792
22.70022439956665,49792
22.705494165420532,49792
22.71073293685913,49792
22.716010570526123,49792
22.721338987350464,49792
22.72658681869507,49792
22.731791496276855,49792
22.73703169822693,49792
22.74228572845459,49792
22.747536659240723,49792
22.752758979797363,49792
22.758007049560547,49792
22.763314723968506,49792
22.768558979034424,49792
22.773820400238037,49792
22.779091596603394,49792
22.7843234539032,49792
22.789533853530884,49792
22.794774293899536,49792
22.800086975097656,49792
22.805384874343872,49792
22.81065797805786,49792
22.81589984893799,49792
22.821149587631226,49792
22.826374769210815,49792
22.831727266311646,49792
22.836978673934937,49792
22.842187881469727,49792
22.84743642807007,49792
22.852694511413574,49792
22.85801911354065,49792
22.863325834274292,49792
22.868560314178467,49792
22.873759508132935,49792
22.879080295562744,49792
22.88433837890625,49792
22.889609575271606,49792
22.894821882247925,49792
22.900129079818726,49792
22.905346870422363,49792
22.910608768463135,49792
22.915799140930176,49792
22.92104935646057,49792
22.92625331878662,49792
22.93147301673889,49792
22.936818838119507,49792
22.942149877548218,49792
22.947382926940918,49792
22.952582836151123,49792
22.957850694656372,49792
22.963101863861084,49792
22.9683198928833,49792
22.973573923110962,49792
22.97881507873535,49792
22.984031677246094,49792
22.989224672317505,49792
22.994466304779053,49792
22.999781131744385,49792
23.005024433135986,49792
23.010318994522095,49792
23.015580415725708,49792
23.020821809768677,49792
23.02608323097229,49792
23.031304836273193,49792
23.036654949188232,49792
23.041841745376587,49792
23.04713010787964,49792
23.052488803863525,49792
23.05776333808899,49792
23.062977075576782,49792
23.068198680877686,49792
23.0735023021698,49792
23.07876467704773,49792
23.084034204483032,49792
23.089388847351074,49792
23.094645261764526,49792
23.099884033203125,49792
23.105061769485474,49792
23.11030149459839,49792
23.11552095413208,49792
23.120818853378296,49792
23.126033782958984,49792
23.131342887878418,49792
23.136616230010986,49792
23.141881227493286,49792
23.147154569625854,49792
23.152482748031616,49792
23.157692909240723,49792
23.16290545463562,49792
23.168164014816284,49792
23.173371076583862,49792
23.17859983444214,49792
23.1838698387146,49792
23.189156532287598,49792
23.194411039352417,49792
23.199753761291504,49792
23.20495367050171,49792
23.210156679153442,49792
23.215383052825928,49792
23.220643043518066,49792
23.225829362869263,49792
23.23106861114502,49792
23.236334562301636,49792
23.24160623550415,49792
23.24691367149353,49792
23.252262115478516,49792
23.257562398910522,49792
23.262787342071533,49792
23.26815128326416,49792
23.273435831069946,49792
23.278711080551147,49792
23.283950328826904,49792
23.289222240447998,49792
23.294453620910645,49792
23.29990816116333,49792
23.305211305618286,49792
23.31046772003174,49792
23.31568169593811,49792
23.320871114730835,49792
23.3260977268219,49792
23.33138418197632,49792
23.336578130722046,49792
23.341728448867798,49792
23.346952438354492,49792
23.352214336395264,49792
23.357401847839355,49792
23.36271595954895,49792
23.367994785308838,49792
23.373257637023926,49792
23.378538131713867,49792
23.383724212646484,49792
23.389000177383423,49792
23.39429259300232,49792
23.39952802658081,49792
23.404773473739624,49792
23.41002106666565,49792
23.415289402008057,49792
23.420501232147217,49792
23.42570662498474,49792
23.43106770515442,49792
23.436356782913208,49792
23.44162154197693,49792
23.446930408477783,49792
23.452167987823486,49792
23.457372188568115,49792
23.46261954307556,49792
23.467892169952393,49792
23.47319793701172,49792
23.47844696044922,49792
23.483687162399292,49792
23.48905301094055,49792
23.494375467300415,49792
23.49963116645813,49792
23.504942417144775,49792
23.510300874710083,49792
23.515510082244873,49792
23.520766258239746,49792
23.526026487350464,49792
23.531363010406494,49792
23.536831855773926,49792
23.542181253433228,49792
23.547436952590942,49792
23.552680253982544,49792
23.558003902435303,49792
23.5633225440979,49792
23.568541526794434,49792
23.57377791404724,49792
23.57902956008911,49792
23.584222078323364,49792
23.589451551437378,49792
23.594658613204956,49792
23.599923849105835,49792
23.605138778686523,49792
23.61036777496338,49792
23.61560559272766,49792
23.62088179588318,49792
23.626132249832153,49792
23.631383895874023,49792
23.636616706848145,49792
23.641857862472534,49792
23.647100925445557,49792
23.652406454086304,49792
23.657639026641846,49792
23.662943363189697,49792
23.668153285980225,49792
23.673394441604614,49792
23.67863965034485,49792
23.68389081954956,49792
23.68912696838379,49792
23.69431757926941,49792
23.699557542800903,49792
23.70478892326355,49792
23.710070610046387,49792
23.715320825576782,49792
23.72055697441101,49792
23.725839853286743,49792
23.731079816818237,49792
23.736330032348633,49792
23.741612195968628,49792
23.746864795684814,49792
23.752119779586792,49792
23.75736665725708,49792
23.762654781341553,49792
23.767927646636963,49792
23.77323269844055,49792
23.778483390808105,49792
23.78369903564453,49792
23.788944482803345,49792
23.79417395591736,49792
23.799355268478394,49792
23.804615259170532,49792
23.809860229492188,49792
23.815166234970093,49792
23.82040786743164,49792
23.82566213607788,49792
23.830959796905518,49792
23.83626627922058,49792
23.841476440429688,49792
23.846702337265015,49792
23.85194230079651,49792
23.857201099395752,49792
23.86248755455017,49792
23.867772102355957,49792
23.87299346923828,49792
23.878251552581787,49792
23.88351035118103,49792
23.88876962661743,49792
23.89400815963745,49792
23.899269819259644,49792
23.90452742576599,49792
23.909907817840576,49792
23.91529393196106,49792
23.920665979385376,49792
23.92591142654419,49792
23.931248426437378,49792
23.936506271362305,49792
23.941744327545166,49792
23.946986436843872,49792
23.952258825302124,49792
23.957568883895874,49792
23.96277642250061,49792
23.9681293964386,49792
23.97330927848816,49792
23.978559255599976,49792
23.983831882476807,49792
23.989073991775513,49792
23.994351863861084,49792
23.999561071395874,49792
24.004793643951416,49792
24.010028839111328,49792
24.015312910079956,49792
24.02053451538086,49792
24.025726318359375,49792
24.0310115814209,49792
24.03624439239502,49792
24.04152226448059,49792
24.046838760375977,49792
24.05209970474243,49792
24.057342052459717,49792
24.06260061264038,49792
24.067874908447266,49792
24.073086261749268,49792
24.078364849090576,49792
24.08368158340454,49792
24.088956594467163,49792
24.094166040420532,49792
24.099371433258057,49792
24.10464572906494,49792
24.10991644859314,49792
24.115289211273193,49792
24.120540857315063,49792
24.12571096420288,49792
24.130948066711426,49792
24.136274814605713,49792
24.141464471817017,49792
24.14675807952881,49792
24.1519193649292,49792
24.157193660736084,49792
24.16242218017578,49792
24.167621612548828,49792
24.172832012176514,49792
24.178097009658813,49792
24.18332314491272,49792
24.188552379608154,49792
24.193748712539673,49792
24.198975324630737,49792
24.204167366027832,49792
24.209505081176758,49792
24.214806079864502,49792
24.22008228302002,49792
24.225269079208374,49792
24.23044514656067,49792
24.235776901245117,49792
24.241029500961304,49792
24.246308088302612,49792
24.251600980758667,49792
24.256914377212524,49792
24.262132167816162,49792
24.267372131347656,49792
24.272555351257324,49792
24.277793407440186,49792
24.282989740371704,49792
24.288222789764404,49792
24.293519020080566,49792
24.298760890960693,49792
24.304026126861572,49792
24.309260845184326,49792
24.314424753189087,49792
24.31967806816101,49792
24.324904203414917,49792
24.33013916015625,49792
24.335325956344604,49792
24.34060049057007,49792
24.345962524414062,49792
24.35131049156189,49792
24.356610536575317,49792
24.361922025680542,49792
24.36719846725464,49792
24.37246870994568,49792
24.377700805664062,49792
24.38294243812561,49792
24.388193368911743,49792
24.393449068069458,49792
24.398677349090576,49792
24.40399980545044,49792
24.409260272979736,49792
24.41450595855713,49792
24.41984248161316,49792
24.425143718719482,49792
24.430439472198486,49792
24.435640335083008,49792
24.440868616104126,49792
24.446120262145996,49792
24.451334476470947,49792
24.45655059814453,49792
24.461774826049805,49792
24.4670512676239,49792
24.472239017486572,49792
24.477526426315308,49792
24.48275876045227,49792
24.4880211353302,49792
24.493321418762207,49792
24.498528242111206,49792
24.50378656387329,49792
24.509028911590576,49792
24.51427674293518,49792
24.51956558227539,49792
24.524855136871338,49792
24.53021502494812,49792
24.535555124282837,49792
24.540868997573853,49792
24.546246767044067,49792
24.551496028900146,49792
24.556732177734375,49792
24.562032222747803,49792
24.56724977493286,49792
24.57240319252014,49792
24.57765507698059,49792
24.582927465438843,49792
24.588175773620605,49792
24.593438625335693,49792
24.598705768585205,49792
24.60393762588501,49792
24.609152793884277,49792
24.61445426940918,49792
24.619667291641235,49792
24.624833822250366,49792
24.630077362060547,49792
24.63532018661499,49792
24.640557289123535,49792
24.64585781097412,49792
24.65110683441162,49792
24.65649700164795,49792
24.661759853363037,49792
24.667054653167725,49792
24.672317266464233,49792
24.677542686462402,49792
24.68280553817749,49792
24.688051223754883,49792
24.693354845046997,49792
24.698618173599243,49792
24.703890323638916,49792
24.709234714508057,49792
24.714422464370728,49792
24.719719648361206,49792
24.724933385849,49792
24.73017644882202,49792
24.735403299331665,49792
24.74067497253418,49792
24.745939254760742,49792
24.751219034194946,49792
24.756449460983276,49792
24.761726140975952,49792
24.767033338546753,49792
24.772370100021362,49792
24.77759051322937,49792
24.782795906066895,49792
24.7881019115448,49792
24.79337787628174,49792
24.79873490333557,49792
24.803950309753418,49792
24.809240341186523,49792
24.814470052719116,49792
24.819701433181763,49792
24.824919939041138,49792
24.83027172088623,49792
24.835509777069092,49792
24.840791940689087,49792
24.846067428588867,49792
24.851343870162964,49792
24.856603622436523,49792
24.86185336112976,49792
24.86711812019348,49792
24.87233304977417,49792
24.87761425971985,49792
24.88286805152893,49792
24.8880877494812,49792
24.893359661102295,49792
24.898625373840332,49792
24.903881072998047,49792
24.909117460250854,49792
24.914388418197632,49792
24.91957950592041,49792
24.92477250099182,49792
24.93001651763916,49792
24.935263872146606,49792
24.94052028656006,49792
24.945709466934204,49792
24.95093035697937,49792
24.956153869628906,49792
24.96132516860962,49792
24.966604709625244,49792
24.971895933151245,49792
24.977123975753784,49792
24.98231315612793,49792
24.987592697143555,49792
24.99283766746521,49792
24.99812150001526,49792
25.003345727920532,49792
25.00859236717224,49792
25.013875722885132,49792
25.019246816635132,49792
25.02444577217102,49792
25.029679775238037,49792
25.034920930862427,49792
25.040234804153442,49792
25.045557498931885,49792
25.050775051116943,49792
25.05606484413147,49792
25.061313152313232,49792
25.066662311553955,49792
25.071853399276733,49792
25.07713270187378,49792
25.082359790802002,49792
25.087602376937866,49792
25.092825412750244,49792
25.09809970855713,49792
25.103351354599,49792
25.108606576919556,49792
25.1138858795166,49792
25.11914563179016,49792
25.124470472335815,49792
25.12967300415039,49792
25.13487720489502,49792
25.140188217163086,49792
25.14543390274048,49792
25.150601863861084,49792
25.155841588974,49792
25.1610906124115,49792
25.16631531715393,49792
25.171583890914917,49792
25.176852226257324,49792
25.18208336830139,49792
25.187300443649292,49792
25.19251847267151,49792
25.197759866714478,49792
25.202938556671143,49792
25.208181142807007,49792
25.213359594345093,49792
25.21857237815857,49792
25.223836660385132,49792
25.229074239730835,49792
25.23429012298584,49792
25.23957347869873,49792
25.24474596977234,49792
25.249953269958496,49792
25.255152940750122,49792
25.26037907600403,49792
25.26550602912903,49792
25.27073907852173,49792
25.27593183517456,49792
25.28122067451477,49792
25.28643035888672,49792
25.291666269302368,49792
25.296968698501587,49792
25.302246809005737,49792
25.30755639076233,49792
25.312823057174683,49792
25.31807231903076,49792
25.323280096054077,49792
25.328551530838013,49792
25.333691835403442,49792
25.338985443115234,49792
25.34427309036255,49792
25.34957528114319,49792
25.354841470718384,49792
25.36016011238098,49792
25.365405082702637,49792
25.370669841766357,49792
25.375839471817017,49792
25.381080389022827,49792
25.386327981948853,49792
25.391541481018066,49792
25.39673399925232,49792
25.40194797515869,49792
25.40720224380493,49792
25.412413835525513,49792
25.41763710975647,49792
25.422868013381958,49792
25.428141593933105,49792
25.433330059051514,49792
25.43856644630432,49792
25.44381880760193,49792
25.44912099838257,49792
25.454320907592773,49792
25.45958638191223,49792
25.464760303497314,49792
25.470014810562134,49792
25.47528862953186,49792
25.480485439300537,49792
25.485684156417847,49792
25.49094533920288,49792
25.49620008468628,49792
25.50144076347351,49792
25.506784439086914,49792
25.511993646621704,49792
25.517284870147705,49792
25.522536754608154,49792
25.527804613113403,49792
25.533135890960693,49792
25.538506746292114,49792
25.543805837631226,49792
25.549091339111328,49792
25.55435276031494,49792
25.55957055091858,49792
25.564831972122192,49792
25.570059299468994,49792
25.575324058532715,49792
25.580551624298096,49792
25.585859775543213,49792
25.59108304977417,49792
25.596379280090332,49792
25.601696014404297,49792
25.606968641281128,49792
25.61224937438965,49792
25.61748695373535,49792
25.622679948806763,49792
25.627912521362305,49792
25.633294105529785,49792
25.63871955871582,49792
25.64403486251831,49792
25.649292945861816,49792
25.654605388641357,49792
25.659881114959717,49792
25.665225982666016,49792
25.670517921447754,49792
25.675809621810913,49792
25.68102502822876,49792
25.686260223388672,49792
25.691481828689575,49792
25.69666814804077,49792
25.701953649520874,49792
25.707279205322266,49792
25.712514400482178,49792
25.717761039733887,49792
25.723029851913452,49792
25.72837209701538,49792
25.733631134033203,49792
25.738874912261963,49792
25.7441189289093,49792
25.749340534210205,49792
25.754615545272827,49792
25.75994896888733,49792
25.765185594558716,49792
25.770408391952515,49792
25.77574586868286,49792
25.780991792678833,49792
25.786303997039795,49792
25.791523694992065,49792
25.796885013580322,49792
25.802192449569702,49792
25.807443857192993,49792
25.81268310546875,49792
25.81789755821228,49792
25.823113203048706,49792
25.828377962112427,49792
25.833653450012207,49792
25.838902473449707,49792
25.844131469726562,49792
25.8494713306427,49792
25.854703664779663,49792
25.860063791275024,49792
25.865326166152954,49792
25.870590925216675,49792
25.875866174697876,49792
25.881118059158325,49792
25.88635540008545,49792
25.891666889190674,49792
25.896944761276245,49792
25.90216565132141,49792
25.907405614852905,49792
25.912728548049927,49792
25.918023586273193,49792
25.92326521873474,49792
25.92854070663452,49792
25.933834552764893,49792
25.939114809036255,49792
25.944312810897827,49792
25.949572801589966,49792
25.954875946044922,49792
25.960113286972046,49792
25.965385913848877,49792
25.970677137374878,49792
25.97588539123535,49792
25.981199741363525,49792
25.986380100250244,49792
25.99162459373474,49792
25.99691152572632,49792
26.002293825149536,49792
26.007550954818726,49792
26.0128116607666,49792
26.018068313598633,49792
26.023316144943237,49792
26.02858853340149,49792
26.033772706985474,49792
26.03903579711914,49792
26.04427981376648,49792
26.049553394317627,49792
26.054741382598877,49792
26.06007146835327,49792
26.065303087234497,49792
26.07056999206543,49792
26.075786113739014,49792
26.081180810928345,49792
26.08649492263794,49792
26.091797590255737,49792
26.096970081329346,49792
26.102191925048828,49792
26.10744881629944,49792
26.112634897232056,49792
26.11784291267395,49792
26.12313461303711,49792
26.128409147262573,49792
26.133634328842163,49792
26.138920068740845,49792
26.14421510696411,49792
26.149563789367676,49792
26.154794216156006,49792
26.160036087036133,49792
26.165353059768677,49792
26.170596599578857,49792
26.175822734832764,49792
26.181079387664795,49792
26.186368703842163,49792
26.19161558151245,49792
26.197014093399048,49792
26.202295541763306,49792
26.207573175430298,49792
26.212823629379272,49792
26.218109369277954,49792
26.22335124015808,49792
26.228628635406494,49792
26.233832120895386,49792
26.239075422286987,49792
26.244269847869873,49792
26.249487161636353,49792
26.254658460617065,49792
26.259891271591187,49792
26.265157461166382,49792
26.27044415473938,49792
26.275744438171387,49792
26.281030654907227,49792
26.286327838897705,49792
26.291529655456543,49792
26.296825647354126,49792
26.302042245864868,49792
26.30738353729248,49792
26.31266689300537,49792
26.31795859336853,49792
26.32317876815796,49792
26.328478574752808,49792
26.333790063858032,49792
26.33902907371521,49792
26.34428572654724,49792
26.349570274353027,49792
26.35480284690857,49792
26.360076665878296,49792
26.36532688140869,49792
26.37055516242981,49792
26.375881671905518,49792
26.381192684173584,49792
26.386537551879883,49792
26.391762733459473,49792
26.397144317626953,49792
26.402365684509277,49792
26.4075984954834,49792
26.412925481796265,49792
26.41817331314087,49792
26.423405647277832,49792
26.42856764793396,49792
26.433692932128906,49792
26.438921213150024,49792
26.444148302078247,49792
26.449361562728882,49792
26.454556941986084,49792
26.459831953048706,49792
26.465229034423828,49792
26.470492601394653,49792
26.47567391395569,49792
26.480915784835815,49792
26.486165285110474,49792
26.491371631622314,49792
26.496651649475098,49792
26.50193738937378,49792
26.507174730300903,49792
26.512391090393066,49792
26.517757415771484,49792
26.5231773853302,49792
26.528507232666016,49792
26.533899307250977,49792
26.539287090301514,49792
26.54466938972473,49792
26.550071716308594,49792
26.555467128753662,49792
26.560704231262207,49792
26.565997838974,49792
26.57125473022461,49792
26.576585054397583,49792
26.58179759979248,49792
26.587066173553467,49792
26.592283964157104,49792
26.597532033920288,49792
26.602720737457275,49792
26.60795521736145,49792
26.61322021484375,49792
26.61851215362549,49792
26.623764991760254,49792
26.628982305526733,49792
26.634268522262573,49792
26.63955283164978,49792
26.644777536392212,49792
26.65003752708435,49792
26.655369997024536,49792
26.66069769859314,49792
26.66589069366455,49792
26.671183347702026,49792
26.676491498947144,49792
26.68176770210266,49792
26.687031269073486,49792
26.692365169525146,49792
26.697638988494873,49792
26.702870845794678,49792
26.708180904388428,49792
26.71343231201172,49792
26.71867561340332,49792
26.723870038986206,49792
26.729156255722046,49792
26.734564781188965,49792
26.739776372909546,49792
26.74497127532959,49792
26.750203132629395,49792
26.75551700592041,49792
26.76082968711853,49792
26.76611590385437,49792
26.771342277526855,49792
26.776676893234253,49792
26.78182291984558,49792
26.787081003189087,49792
26.792343616485596,49792
26.797626972198486,49792
26.802867650985718,49792
26.808039665222168,49792
26.813270568847656,49792
26.818564414978027,49792
26.823757886886597,49792
26.829038858413696,49792
26.83433771133423,49792
26.839534997940063,49792
26.844725608825684,49792
26.849970817565918,49792
26.855209827423096,49792
26.86045742034912,49792
26.865729093551636,49792
26.87100315093994,49792
26.876360416412354,49792
26.88167715072632,49792
26.886897087097168,49792
26.89213514328003,49792
26.897393465042114,49792
26.902685165405273,49792
26.907981157302856,49792
26.913320064544678,49792
26.918593645095825,49792
26.923835277557373,49792
26.92914080619812,49792
26.93436574935913,49792
26.939555406570435,49792
26.944899082183838,49792
26.950127840042114,49792
26.955374717712402,49792
26.960567951202393,49792
26.96580958366394,49792
26.971001386642456,49792
26.976176977157593,49792
26.981404304504395,49792
26.98661208152771,49792
26.991878986358643,49792
26.997339963912964,49792
27.002507209777832,49792
27.007760047912598,49792
27.01305317878723,49792
27.018356800079346,49792
27.02356481552124,49792
27.028810262680054,49792
27.033955812454224,49792
27.039177417755127,49792
27.0444393157959,49792
27.049689292907715,49792
27.054916620254517,49792
27.060184001922607,49792
27.06544017791748,49792
27.070756435394287,49792
27.076011180877686,49792
27.081302404403687,49792
27.08657693862915,49792
27.0917649269104,49792
27.097065925598145,49792
27.10231637954712,49792
27.107575178146362,49792
27.112791061401367,49792
27.11806035041809,49792
27.123321056365967,49792
27.128607273101807,49792
27.1338849067688,49792
27.139185428619385,49792
27.144400119781494,49792
27.149733543395996,49792
27.154966592788696,49792
27.160238027572632,49792
27.16547465324402,49792
27.170685052871704,49792
27.175982236862183,49792
27.181280374526978,49792
27.186522483825684,49792
27.19174313545227,49792
27.196962594985962,49792
27.20216655731201,49792
27.207333087921143,49792
27.21261191368103,49792
27.217819690704346,49792
27.22317886352539,49792
27.228446006774902,49792
27.233753204345703,49792
27.238993406295776,49792
27.244244813919067,49792
27.249518394470215,49792
27.254769563674927,49792
27.259997844696045,49792
27.26521611213684,49792
27.27047562599182,49792
27.275721311569214,49792
27.280972957611084,49792
27.2862446308136,49792
27.291414499282837,49792
27.296781063079834,49792
27.302170753479004,49792
27.307430505752563,49792
27.31275200843811,49792
27.318050622940063,49792
27.323249340057373,49792
27.328541040420532,49792
27.33379888534546,49792
27.339041471481323,49792
27.34430241584778,49792
27.34952163696289,49792
27.354780912399292,49792
27.36006259918213,49792
27.365336656570435,49792
27.370636463165283,49792
27.375927686691284,49792
27.381100177764893,49792
27.386345863342285,49792
27.391653537750244,49792
27.396901607513428,49792
27.402112007141113,49792
27.407417058944702,49792
27.4127094745636,49792
27.418004512786865,49792
27.423388242721558,49792
27.428690195083618,49792
27.43392062187195,49792
27.43915557861328,49792
27.444369316101074,49792
27.449662923812866,49792
27.45489478111267,49792
27.46024441719055,49792
27.46544647216797,49792
27.470687866210938,49792
27.475924253463745,49792
27.481138944625854,49792
27.486336708068848,49792
27.491657733917236,49792
27.496982097625732,49792
27.502180337905884,49792
27.50747323036194,49792
27.51275897026062,49792
27.51800847053528,49792
27.523243188858032,49792
27.52851700782776,49792
27.533851623535156,49792
27.539213180541992,49792
27.544634103775024,49792
27.54996919631958,49792
27.55517578125,49792
27.560408115386963,49792
27.56563639640808,49792
27.570887565612793,49792
27.576185703277588,49792
27.58144450187683,49792
27.586711883544922,49792
27.591933012008667,49792
27.597147464752197,49792
27.602391242980957,49792
27.607596397399902,49792
27.612918853759766,49792
27.61812996864319,49792
27.623279333114624,49792
27.628520727157593,49792
27.6336886882782,49792
27.638967037200928,49792
27.644303560256958,49792
27.649609565734863,49792
27.654783725738525,49792
27.660048723220825,49792
27.665287017822266,49792
27.670549392700195,49792
27.67579460144043,49792
27.681116819381714,49792
27.68635892868042,49792
27.691564321517944,49792
27.696781873703003,49792
27.70199179649353,49792
27.707275390625,49792
27.712514877319336,49792
27.717719554901123,49792
27.722973346710205,49792
27.728240251541138,49792
27.733503818511963,49792
27.73885989189148,49792
27.74415421485901,49792
27.74939227104187,49792
27.754559993743896,49792
27.75988483428955,49792
27.76513934135437,49792
27.770442724227905,49792
27.775678157806396,49792
27.780943870544434,49792
27.786248445510864,49792
27.791503429412842,49792
27.79676127433777,49792
27.802059412002563,49792
27.807289361953735,49792
27.81246066093445,49792
27.81770372390747,49792
27.822919845581055,49792
27.828194618225098,49792
27.833455562591553,49792
27.838664054870605,49792
27.84395980834961,49792
27.849238395690918,49792
27.85448384284973,49792
27.859740257263184,49792
27.86494541168213,49792
27.87037444114685,49792
27.875609874725342,49792
27.880881547927856,49792
27.88616132736206,49792
27.891407012939453,49792
27.896763563156128,49792
27.90202021598816,49792
27.90722370147705,49792
27.912471532821655,49792
27.917701959609985,49792
27.922910451889038,49792
27.928162574768066,49792
27.933414220809937,49792
27.938621520996094,49792
27.94392728805542,49792
27.949201583862305,49792
27.954440355300903,49792
27.959745407104492,49792
27.965032815933228,49792
27.970404148101807,49792
27.975651741027832,49792
27.98090386390686,49792
27.98615264892578,49792
27.991447925567627,49792
27.99669647216797,49792
28.001951456069946,49792
28.00719928741455,49792
28.012434244155884,49792
28.017653226852417,49792
28.02290415763855,49792
28.02809453010559,49792
28.033337354660034,49792
28.038717031478882,49792
28.04402995109558,49792
28.049306392669678,49792
28.0546612739563,49792
28.05995535850525,49792
28.065271854400635,49792
28.070496559143066,49792
28.075773000717163,49792
28.081000566482544,49792
28.08619785308838,49792
28.09143590927124,49792
28.096681118011475,49792
28.101881504058838,49792
28.107154369354248,49792
28.11240291595459,49792
28.11771011352539,49792
28.122982501983643,49792
28.12830877304077,49792
28.133597373962402,49792
28.138893127441406,49792
28.14413833618164,49792
28.149372100830078,49792
28.154606103897095,49792
28.159889459609985,49792
28.16508436203003,49792
28.17036485671997,49792
28.175585985183716,49792
28.180850982666016,49792
28.186034202575684,49792
28.191364526748657,49792
28.196560382843018,49792
28.201905727386475,49792
28.207202434539795,49792
28.212535858154297,49792
28.217772722244263,49792
28.222918272018433,49792
28.228119134902954,49792
28.233443021774292,49792
28.238676071166992,49792
28.243948698043823,49792
28.24924874305725,49792
28.254507780075073,49792
28.259758710861206,49792
28.264986991882324,49792
28.27024221420288,49792
28.275484085083008,49792
28.28077220916748,49792
28.286076068878174,49792
28.291311025619507,49792
28.296655416488647,49792
28.301916360855103,49792
28.30716586112976,49792
28.312424421310425,49792
28.31766152381897,49792
28.32294487953186,49792
28.32817268371582,49792
28.333439826965332,49792
28.338699340820312,49792
28.34390354156494,49792
28.349199771881104,49792
28.354439735412598,49792
28.359664916992188,49792
28.36488437652588,49792
28.37015724182129,49792
28.3754780292511,49792
28.38069486618042,49792
28.386033296585083,49792
28.39136028289795,49792
28.396626949310303,49792
28.401928901672363,49792
28.407277584075928,49792
28.412564039230347,49792
28.41785478591919,49792
28.423038959503174,49792
28.428297758102417,49792
28.433568954467773,49792
28.43880796432495,49792
28.444090604782104,49792
28.44930362701416,49792
28.454565286636353,49792
28.45980167388916,49792
28.465094804763794,49792
28.470338344573975,49792
28.475610494613647,49792
28.480855464935303,49792
28.486159563064575,49792
28.491411685943604,49792
28.496704578399658,49792
28.50199055671692,49792
28.50734233856201,49792
28.512683153152466,49792
28.51790189743042,49792
28.523154258728027,49792
28.52857208251953,49792
28.53402876853943,49792
28.53943920135498,49792
28.544822692871094,49792
28.550245761871338,49792
28.555532217025757,49792
28.56088614463806,49792
28.566177368164062,49792
28.571428537368774,49792
28.576671838760376,49792
28.581963777542114,49792
28.587263584136963,49792
28.59251117706299,49792
28.597755193710327,49792
28.603039264678955,49792
28.60838007926941,49792
28.613585472106934,49792
28.618781089782715,49792
28.624003410339355,49792
28.629283905029297,49792
28.63464045524597,49792
28.639928102493286,49792
28.64522647857666,49792
28.65050220489502,49792
28.655797004699707,49792
28.661041021347046,49792
28.6663236618042,49792
28.6715304851532,49792
28.676774978637695,49792
28.682026624679565,49792
28.687400341033936,49792
28.692658185958862,49792
28.69791889190674,49792
28.703214645385742,49792
28.708502054214478,49792
28.713717222213745,49792
28.719009399414062,49792
28.72431707382202,49792
28.72957706451416,49792
28.734792947769165,49792
28.740119695663452,49792
28.745301246643066,49792
28.75050687789917,49792
28.755801677703857,49792
28.76117777824402,49792
28.766460180282593,49792
28.771721601486206,49792
28.777026653289795,49792
28.78227210044861,49792
28.787527799606323,49792
28.792763710021973,49792
28.79797077178955,49792
28.8031964302063,49792
28.808591842651367,49792
28.813883066177368,49792
28.819204092025757,49792
28.824445962905884,49792
28.82978582382202,49792
28.83525776863098,49792
28.840534687042236,49792
28.845699071884155,49792
28.85098099708557,49792
28.856237173080444,49792
28.861484050750732,49792
28.866759777069092,49792
28.871994495391846,49792
28.877312898635864,49792
28.88261342048645,49792
28.88785433769226,49792
28.893073558807373,49792
28.898327827453613,49792
28.90359139442444,49792
28.908857583999634,49792
28.91407537460327,49792
28.91925311088562,49792
28.924495935440063,49792
28.929743766784668,49792
28.934990406036377,49792
28.940244913101196,49792
28.945453882217407,49792
28.950711965560913,49792
28.95593786239624,49792
28.961195468902588,49792
28.966428995132446,49792
28.971715927124023,49792
28.9770770072937,49792
28.98241949081421,49792
28.987714529037476,49792
28.99294900894165,49792
28.998204946517944,49792
29.00342845916748,49792
29.00870418548584,49792
29.013955116271973,49792
29.019297122955322,49792
29.02455472946167,49792
29.02983570098877,49792
29.035096406936646,49792
29.040414094924927,49792
29.045711994171143,49792
29.05092763900757,49792
29.056257963180542,49792
29.06148099899292,49792
29.066768407821655,49792
29.072009563446045,49792
29.07734203338623,49792
29.082603454589844,49792
29.087899446487427,49792
29.093132972717285,49792
29.098382711410522,49792
29.103605031967163,49792
29.10894751548767,49792
29.114173889160156,49792
29.119487047195435,49792
29.124748468399048,49792
29.12995147705078,49792
29.1351215839386,49792
29.1403911113739,49792
29.14558172225952,49792
29.150835752487183,49792
29.156084537506104,49792
29.161357641220093,49792
29.166682243347168,49792
29.171932697296143,49792
29.17721939086914,49792
29.182422876358032,49792
29.187613487243652,49792
29.192872762680054,49792
29.198152542114258,49792
29.20350933074951,49792
29.20877981185913,49792
29.21402621269226,49792
29.21933126449585,49792
29.22457456588745,49792
29.229846954345703,49792
29.235175371170044,49792
29.24048137664795,49792
29.245730876922607,49792
29.251004934310913,49792
29.256248235702515,49792
29.261495351791382,49792
29.266746044158936,49792
29.2719624042511,49792
29.277188301086426,49792
29.282386541366577,49792
29.287614822387695,49792
29.29286003112793,49792
29.298134088516235,49792
29.303419828414917,49792
29.30870223045349,49792
29.31392550468445,49792
29.319160223007202,49792
29.324382543563843,49792
29.329729318618774,49792
29.33499813079834,49792
29.340237617492676,49792
29.345450401306152,49792
29.350711584091187,49792
29.35591220855713,49792
29.36118721961975,49792
29.366443634033203,49792
29.371660470962524,49792
29.376895666122437,49792
29.382141828536987,49792
29.387373685836792,49792
29.39260721206665,49792
29.39789628982544,49792
29.403232097625732,49792
29.408559799194336,49792
29.41382336616516,49792
29.419098138809204,49792
29.4243803024292,49792
29.429622888565063,49792
29.43486475944519,49792
29.44012427330017,49792
29.445314645767212,49792
29.450610637664795,49792
29.455965518951416,49792
29.461315870285034,49792
29.466612339019775,49792
29.47185492515564,49792
29.47710371017456,49792
29.482318878173828,49792
29.487609386444092,49792
29.49288535118103,49792
29.498253107070923,49792
29.503496646881104,49792
29.508904933929443,49792
29.51425552368164,49792
29.51949429512024,49792
29.52473759651184,49792
29.53011155128479,49792
29.53530716896057,49792
29.54065465927124,49792
29.54593586921692,49792
29.5512752532959,49792
29.55652165412903,49792
29.561769247055054,49792
29.566983938217163,49792
29.57221794128418,49792
29.577573776245117,49792
29.582887172698975,49792
29.588079929351807,49792
29.593483448028564,49792
29.598740816116333,49792
29.604035139083862,49792
29.609360218048096,49792
29.61466097831726,49792
29.619897842407227,49792
29.62523341178894,49792
29.63049030303955,49792
29.63575267791748,49792
29.641134023666382,49792
29.64639115333557,49792
29.651610851287842,49792
29.656949043273926,49792
29.662312746047974,49792
29.667598247528076,49792
29.672871828079224,49792
29.678168773651123,49792
29.68345618247986,49792
29.688731908798218,49792
29.693969249725342,49792
29.69926953315735,49792
29.70457100868225,49792
29.709859371185303,49792
29.715202569961548,49792
29.720462560653687,49792
29.725680112838745,49792
29.73092555999756,49792
29.73618245124817,49792
29.74142074584961,49792
29.74668836593628,49792
29.751912117004395,49792
29.757173776626587,49792
29.76253890991211,49792
29.767826557159424,49792
29.77310276031494,49792
29.778376817703247,49792
29.78359842300415,49792
29.788882732391357,49792
29.79418110847473,49792
29.799455404281616,49792
29.804725646972656,49792
29.810153245925903,49792
29.81545090675354,49792
29.820723295211792,49792
29.825987100601196,49792
29.83125615119934,49792
29.836490631103516,49792
29.841713666915894,49792
29.846951007843018,49792
29.85213851928711,49792
29.85735273361206,49792
29.86259651184082,49792
29.867828607559204,49792
29.873168230056763,49792
29.878530979156494,49792
29.883769512176514,49792
29.889052391052246,49792
29.89436101913452,49792
29.89962673187256,49792
29.90478825569153,49792
29.909998416900635,49792
29.915302515029907,49792
29.92053246498108,49792
29.92575240135193,49792
29.931065320968628,49792
29.936327695846558,49792
29.941585779190063,49792
29.946805477142334,49792
29.952100038528442,49792
29.957420110702515,49792
29.962758541107178,49792
29.968000650405884,49792
29.97319221496582,49792
29.978437423706055,49792
29.98378038406372,49792
29.989068269729614,49792
29.994404077529907,49792
29.99971628189087,49792
30.00494146347046,49792
30.010265111923218,49792
30.015604496002197,49792
30.020902395248413,49792
30.0261869430542,49792
30.031461238861084,49792
30.036717653274536,49792
30.042053699493408,49792
30.04736304283142,49792
30.052728414535522,49792
30.058034658432007,49792
30.063250064849854,49792
30.06849980354309,49792
30.07382869720459,49792
30.079164505004883,49792
30.084386587142944,49792
30.089677810668945,49792
30.094839096069336,49792
30.100067853927612,49792
30.10531997680664,49792
30.110618114471436,49792
30.115807056427002,49792
30.121129274368286,49792
30.12641716003418,49792
30.13175106048584,49792
30.137016773223877,49792
30.14231586456299,49792
30.147605180740356,49792
30.1529061794281,49792
30.158191442489624,49792
30.16344165802002,49792
30.16868567466736,49792
30.173936367034912,49792
30.17928171157837,49792
30.18453574180603,49792
30.189842224121094,49792
30.19518804550171,49792
30.200477838516235,49792
30.20577573776245,49792
30.211084842681885,49792
30.216412782669067,49792
30.221609830856323,49792
30.22691535949707,49792
30.232227563858032,49792
30.237546682357788,49792
30.242828369140625,49792
30.248080253601074,49792
30.253289461135864,49792
30.258533239364624,49792
30.263737678527832,49792
30.268985271453857,49792
30.27436351776123,49792
30.279616355895996,49792
30.284898281097412,49792
30.29022455215454,49792
30.295453310012817,49792
30.300738096237183,49792
30.3060302734375,49792
30.311315059661865,49792
30.31663990020752,49792
30.321881771087646,49792
30.32723593711853,49792
30.3324716091156,49792
30.337799787521362,49792
30.343114852905273,49792
30.34842038154602,49792
30.35369849205017,49792
30.358925819396973,49792
30.364267349243164,49792
30.369494915008545,49792
30.37473440170288,49792
30.38016963005066,49792
30.385401964187622,49792
30.390634298324585,49792
30.395845413208008,49792
30.401153802871704,49792
30.406437397003174,49792
30.411649227142334,49792
30.416999578475952,49792
30.422207355499268,49792
30.427541494369507,49792
30.43285036087036,49792
30.43820285797119,49792
30.443531036376953,49792
30.448795557022095,49792
30.45401120185852,49792
30.459258317947388,49792
30.46445918083191,49792
30.4697208404541,49792
30.475003480911255,49792
30.48030161857605,49792
30.485543727874756,49792
30.49081325531006,49792
30.496102333068848,49792
30.501525163650513,49792
30.506993770599365,49792
30.512245893478394,49792
30.517513036727905,49792
30.522797346115112,49792
30.528101921081543,49792
30.533457279205322,49792
30.53883934020996,49792
30.544312477111816,49792
30.549684047698975,49792
30.555094003677368,49792
30.56036949157715,49792
30.565650463104248,49792
30.570916175842285,49792
30.57621431350708,49792
30.581467628479004,49792
30.586753606796265,49792
30.592034816741943,49792
30.597332000732422,49792
30.60261631011963,49792
30.60780096054077,49792
30.61312484741211,49792
30.618414640426636,49792
30.623693704605103,49792
30.629006147384644,49792
30.634305953979492,49792
30.639549255371094,49792
30.644813299179077,49792
30.65005087852478,49792
30.65534520149231,49792
30.66056537628174,49792
30.66577386856079,49792
30.671075105667114,49792
30.67639136314392,49792
30.681628227233887,49792
30.686883449554443,49792
30.692196130752563,49792
30.697515726089478,49792
30.702746391296387,49792
30.708005905151367,49792
30.71326756477356,49792
30.718565225601196,49792
30.72382688522339,49792
30.72907853126526,49792
30.734333276748657,49792
30.73963952064514,49792
30.744844675064087,49792
30.75015640258789,49792
30.75550103187561,49792
30.760886907577515,49792
30.766119956970215,49792
30.771339178085327,49792
30.77658724784851,49792
30.781810998916626,49792
30.78717017173767,49792
30.792426347732544,49792
30.797728061676025,49792
30.80293607711792,49792
30.808177947998047,49792
30.813448429107666,49792
30.818629264831543,49792
30.823861122131348,49792
30.829145431518555,49792
30.834325313568115,49792
30.839624643325806,49792
30.844966650009155,49792
30.85026717185974,49792
30.855515003204346,49792
30.860725164413452,49792
30.86597967147827,49792
30.87124538421631,49792
30.87648582458496,49792
30.881641626358032,49792
30.887014150619507,49792
30.89229416847229,49792
30.897608041763306,49792
30.90284776687622,49792
30.908111810684204,49792
30.913309335708618,49792
30.918560028076172,49792
30.92380714416504,49792
30.929059505462646,49792
30.93432092666626,49792
30.939534902572632,49792
30.944714307785034,49792
30.94996428489685,49792
30.95522165298462,49792
30.960489511489868,49792
30.965681076049805,49792
30.97090482711792,49792
30.97611403465271,49792
30.981327533721924,49792
30.986619472503662,49792
30.991882801055908,49792
30.99713969230652,49792
31.002400398254395,49792
31.007665634155273,49792
31.012917518615723,49792
31.018069744110107,49792
31.0232892036438,49792
31.02853274345398,49792
31.033724546432495,49792
31.039048194885254,49792
31.044278860092163,49792
31.049550533294678,49792
31.05481743812561,49792
31.06007409095764,49792
31.065330505371094,49792
31.07060956954956,49792
31.07583999633789,49792
31.081090211868286,49792
31.086324214935303,49792
31.09154438972473,49792
31.09671902656555,49792
31.10194444656372,49792
31.107170820236206,49792
31.112390518188477,49792
31.11757779121399,49792
31.12281370162964,49792
31.128145456314087,49792
31.13343572616577,49792
31.138709783554077,49792
31.14391255378723,49792
31.149192571640015,49792
31.15452766418457,49792
31.1597683429718,49792
31.165054321289062,49792
31.170297145843506,49792
31.175522327423096,49792
31.180774927139282,49792
31.186026096343994,49792
31.191299438476562,49792
31.196608543395996,49792
31.20187520980835,49792
31.20718479156494,49792
31.212416172027588,49792
31.21765685081482,49792
31.222854137420654,49792
31.228144884109497,49792
31.233346223831177,49792
31.23855423927307,49792
31.243797302246094,49792
31.249054431915283,49792
31.254266023635864,49792
31.259508848190308,49792
31.264774322509766,49792
31.2701199054718,49792
31.275311946868896,49792
31.280588150024414,49792
31.285747051239014,49792
31.290903091430664,49792
31.29617404937744,49792
31.301347494125366,49792
31.306578159332275,49792
31.311768770217896,49792
31.31702947616577,49792
31.322250604629517,49792
31.32751178741455,49792
31.33275556564331,49792
31.338016271591187,49792
31.343233108520508,49792
31.348442792892456,49792
31.353671550750732,49792
31.358983039855957,49792
31.364238023757935,49792
31.369567155838013,49792
31.374778985977173,49792
31.380005836486816,49792
31.385228872299194,49792
31.390514373779297,49792
31.39570713043213,49792
31.40093994140625,49792
31.40619659423828,49792
31.411436319351196,49792
31.41672921180725,49792
31.421985626220703,49792
31.427132844924927,49792
31.432342767715454,49792
31.437538146972656,49792
31.442715406417847,49792
31.447962760925293,49792
31.453226566314697,49792
31.458545923233032,49792
31.46386480331421,49792
31.46919298171997,49792
31.474412202835083,49792
31.479698657989502,49792
31.484923124313354,49792
31.490206480026245,49792
31.495477437973022,49792
31.50073552131653,49792
31.506070613861084,49792
31.51128125190735,49792
31.516502618789673,49792
31.521764755249023,49792
31.527101755142212,49792
31.532392024993896,49792
31.537768125534058,49792
31.543123245239258,49792
31.548410892486572,49792
31.55379581451416,49792
31.559136152267456,49792
31.564364433288574,49792
31.569581508636475,49792
31.5747811794281,49792
31.57999348640442,49792
31.585161209106445,49792
31.590423345565796,49792
31.595654487609863,49792
31.600911617279053,49792
31.606219053268433,49792
31.61150860786438,49792
31.61673879623413,49792
31.62203812599182,49792
31.62729549407959,49792
31.632576942443848,49792
31.637815475463867,49792
31.64306902885437,49792
31.648310661315918,49792
31.653583765029907,49792
31.65884017944336,49792
31.66420292854309,49792
31.66949462890625,49792
31.674689054489136,49792
31.6799054145813,49792
31.685120344161987,49792
31.690394401550293,49792
31.695579767227173,49792
31.70084547996521,49792
31.706106185913086,49792
31.71142578125,49792
31.71661639213562,49792
31.721906185150146,49792
31.727243423461914,49792
31.732526540756226,49792
31.737873315811157,49792
31.743138074874878,49792
31.748412132263184,49792
31.753613233566284,49792
31.75884699821472,49792
31.7641863822937,49792
31.76949667930603,49792
31.774760961532593,49792
31.77996015548706,49792
31.785146951675415,49792
31.790384531021118,49792
31.795619249343872,49792
31.80084776878357,49792
31.806086778640747,49792
31.811368465423584,49792
31.81656050682068,49792
31.821868896484375,49792
31.82711100578308,49792
31.832329988479614,49792
31.837512493133545,49792
31.84275770187378,49792
31.848053693771362,49792
31.853368997573853,49792
31.858664989471436,49792
31.863823652267456,49792
31.869064569473267,49792
31.874281644821167,49792
31.879515409469604,49792
31.88471269607544,49792
31.890074491500854,49792
31.895306825637817,49792
31.900553703308105,49792
31.905783891677856,49792
31.91102886199951,49792
31.91628646850586,49792
31.921533823013306,49792
31.92677640914917,49792
31.932034730911255,49792
31.937278747558594,49792
31.942471742630005,49792
31.947720527648926,49792
31.952962398529053,49792
31.95821213722229,49792
31.963467836380005,49792
31.968756198883057,49792
31.974029541015625,49792
31.979317665100098,49792
31.984639167785645,49792
31.98993492126465,49792
31.99515986442566,49792
32.00039219856262,49792
32.00563097000122,49792
32.010883808135986,49792
32.01609754562378,49792
32.02133107185364,49792
32.026540994644165,49792
32.03186011314392,49792
32.03710985183716,49792
32.0423800945282,49792
32.04763627052307,49792
32.05289030075073,49792
32.05808091163635,49792
32.0633864402771,49792
32.068684816360474,49792
32.07393193244934,49792
32.07917881011963,49792
32.08440113067627,49792
32.089680910110474,49792
32.09489369392395,49792
32.10016894340515,49792
32.10543394088745,49792
32.11070990562439,49792
32.11586928367615,49792
32.12109041213989,49792
32.12629055976868,49792
32.13150644302368,49792
32.13676834106445,49792
32.14199900627136,49792
32.14723539352417,49792
32.15247917175293,49792
32.15766525268555,49792
32.16288232803345,49792
32.16813588142395,49792
32.17334246635437,49792
32.17858028411865,49792
32.183849811553955,49792
32.18910479545593,49792
32.194286584854126,49792
32.19958853721619,49792
32.204814434051514,49792
32.21005415916443,49792
32.215362787246704,49792
32.22058653831482,49792
32.22588062286377,49792
32.23116636276245,49792
32.23640489578247,49792
32.24163293838501,49792
32.24687695503235,49792
32.252190351486206,49792
32.25750017166138,49792
32.26263093948364,49792
32.26789879798889,49792
32.27312159538269,49792
32.27834129333496,49792
32.2835750579834,49792
32.288793325424194,49792
32.29396843910217,49792
32.29917812347412,49792
32.304441690444946,49792
32.30966305732727,49792
32.31486225128174,49792
32.32007336616516,49792
32.32526469230652,49792
32.330503940582275,49792
32.33572840690613,49792
32.34102654457092,49792
32.34629964828491,49792
32.35148024559021,49792
32.35677933692932,49792
32.362091064453125,49792
32.36740279197693,49792
32.372713804244995,49792
32.37799382209778,49792
32.38324165344238,49792
32.38853859901428,49792
32.393813371658325,49792
32.399094343185425,49792
32.40424585342407,49792
32.40949010848999,49792
32.41472315788269,49792
32.41999340057373,49792
32.425204277038574,49792
32.43048691749573,49792
32.435789346694946,49792
32.44107103347778,49792
32.4463095664978,49792
32.451502323150635,49792
32.45676779747009,49792
32.46198844909668,49792
32.4672315120697,49792
32.472447633743286,49792
32.47767972946167,49792
32.48282837867737,49792
32.48807954788208,49792
32.493356704711914,49792
32.498579263687134,49792
32.50379967689514,49792
32.509108781814575,49792
32.5143928527832,49792
32.51964092254639,49792
32.524834871292114,49792
32.53012490272522,49792
32.53547763824463,49792
32.54081201553345,49792
32.54626417160034,49792
32.55168318748474,49792
32.55705118179321,49792
32.56227922439575,49792
32.567625522613525,49792
32.572877407073975,49792
32.578125953674316,49792
32.583388805389404,49792
32.58866834640503,49792
32.59391784667969,49792
32.59916710853577,49792
32.604485750198364,49792
32.6098415851593,49792
32.61517596244812,49792
32.62038731575012,49792
32.62569618225098,49792
32.63105750083923,49792
32.63631772994995,49792
32.64163517951965,49792
32.64689254760742,49792
32.65220499038696,49792
32.657540798187256,49792
32.66278529167175,49792
32.66806674003601,49792
32.673258543014526,49792
32.67851638793945,49792
32.68379354476929,49792
32.68900156021118,49792
32.69420576095581,49792
32.699562311172485,49792
32.70476412773132,49792
32.70999312400818,49792
32.71528172492981,49792
32.7206244468689,49792
32.72592377662659,49792
32.73124313354492,49792
32.73652386665344,49792
32.74177527427673,49792
32.74703645706177,49792
32.75243544578552,49792
32.75775599479675,49792
32.76321196556091,49792
32.768481969833374,49792
32.77367663383484,49792
32.778985261917114,49792
32.78427696228027,49792
32.78950309753418,49792
32.79478645324707,49792
32.800055265426636,49792
32.80528116226196,49792
32.810526609420776,49792
32.815788984298706,49792
32.82102060317993,49792
32.82631158828735,49792
32.83160638809204,49792
32.83686065673828,49792
32.84220290184021,49792
32.84746265411377,49792
32.85269379615784,49792
32.8579421043396,49792
32.863213300704956,49792
32.868412733078,49792
32.873650550842285,49792
32.878896951675415,49792
32.88418793678284,49792
32.88942861557007,49792
32.89462661743164,49792
32.89986824989319,49792
32.90512752532959,49792
32.910402059555054,49792
32.91561198234558,49792
32.92083740234375,49792
32.92610144615173,49792
32.93134689331055,49792
32.93657398223877,49792
32.941794633865356,49792
32.947025537490845,49792
32.952210664749146,49792
32.957496643066406,49792
32.9628005027771,49792
32.96814441680908,49792
32.973345041275024,49792
32.97853064537048,49792
32.98379635810852,49792
32.989134788513184,49792
32.994325399398804,49792
32.99949288368225,49792
33.00475597381592,49792
33.00998640060425,49792
33.015339851379395,49792
33.02066707611084,49792
33.025938987731934,49792
33.031293869018555,49792
33.03649115562439,49792
33.04175353050232,49792
33.04700469970703,49792
33.05221128463745,49792
33.05743169784546,49792
33.06270933151245,49792
33.06807732582092,49792
33.073357582092285,49792
33.07859992980957,49792
33.08383226394653,49792
33.089070081710815,49792
33.094332456588745,49792
33.09958791732788,49792
33.10489320755005,49792
33.1102135181427,49792
33.11540961265564,49792
33.12059688568115,49792
33.12590217590332,49792
33.13111448287964,49792
33.136393785476685,49792
33.141592502593994,49792
33.14683985710144,49792
33.152080059051514,49792
33.1574068069458,49792
33.16265320777893,49792
33.16790699958801,49792
33.173095703125,49792
33.178329944610596,49792
33.18353080749512,49792
33.18869948387146,49792
33.19390797615051,49792
33.19913411140442,49792
33.204384326934814,49792
33.20961356163025,49792
33.214921712875366,49792
33.22024941444397,49792
33.22547388076782,49792
33.23072385787964,49792
33.235915422439575,49792
33.241169691085815,49792
33.246455669403076,49792
33.251646757125854,49792
33.25699186325073,49792
33.26226615905762,49792
33.267465114593506,49792
33.27267599105835,49792
33.27792477607727,49792
33.28320837020874,49792
33.288414478302,49792
33.293630838394165,49792
33.29884099960327,49792
33.30413007736206,49792
33.309436082839966,49792
33.314629554748535,49792
33.31993842124939,49792
33.325217485427856,49792
33.330466985702515,49792
33.335721015930176,49792
33.34095907211304,49792
33.34625291824341,49792
33.35146903991699,49792
33.35667586326599,49792
33.361857175827026,49792
33.367125034332275,49792
33.372394323349,49792
33.377601861953735,49792
33.38292121887207,49792
33.388219594955444,49792
33.3934326171875,49792
33.3987033367157,49792
33.403926372528076,49792
33.40921235084534,49792
33.414408683776855,49792
33.4196994304657,49792
33.4248993396759,49792
33.430158376693726,49792
33.43535256385803,49792
33.440603494644165,49792
33.445847034454346,49792
33.45115685462952,49792
33.45651388168335,49792
33.46178388595581,49792
33.467063903808594,49792
33.4723744392395,49792
33.47764348983765,49792
33.48283672332764,49792
33.48812985420227,49792
33.49332666397095,49792
33.498549938201904,49792
33.50373458862305,49792
33.508976459503174,49792
33.51427149772644,49792
33.51958441734314,49792
33.52484202384949,49792
33.53016209602356,49792
33.53551959991455,49792
33.54088854789734,49792
33.54625749588013,49792
33.55165123939514,49792
33.55689883232117,49792
33.56230926513672,49792
33.56758785247803,49792
33.57273864746094,49792
33.57804012298584,49792
33.583170890808105,49792
33.588468074798584,49792
33.59367847442627,49792
33.59898376464844,49792
33.60423684120178,49792
33.609559059143066,49792
33.61479091644287,49792
33.620065212249756,49792
33.62530279159546,49792
33.630486726760864,49792
33.63573431968689,49792
33.64106559753418,49792
33.64634084701538,49792
33.65172481536865,49792
33.65703058242798,49792
33.662394285202026,49792
33.667715311050415,49792
33.673014879226685,49792
33.67833113670349,49792
33.68357825279236,49792
33.68888282775879,49792
33.694175243377686,49792
33.69940161705017,49792
33.70467567443848,49792
33.70994853973389,49792
33.71527600288391,49792
33.72056293487549,49792
33.72588229179382,49792
33.73120045661926,49792
33.736478328704834,49792
33.7417688369751,49792
33.74695038795471,49792
33.75222301483154,49792
33.75748109817505,49792
33.762818336486816,49792
33.768178939819336,49792
33.77347540855408,49792
33.77866744995117,49792
33.78396487236023,49792
33.789294958114624,49792
33.79456949234009,49792
33.799914598464966,49792
33.80513858795166,49792
33.81038951873779,49792
33.815617084503174,49792
33.8208954334259,49792
33.82614731788635,49792
33.8313992023468,49792
33.8366219997406,49792
33.84188199043274,49792
33.847158908843994,49792
33.85234832763672,49792
33.8576865196228,49792
33.86294674873352,49792
33.868250131607056,49792
33.87352681159973,49792
33.878825187683105,49792
33.88413739204407,49792
33.889342069625854,49792
33.89452886581421,49792
33.89984321594238,49792
33.905078411102295,49792
33.91034817695618,49792
33.91555619239807,49792
33.92080783843994,49792
33.92606782913208,49792
33.931302547454834,49792
33.93652153015137,49792
33.94167351722717,49792
33.9469530582428,49792
33.95224142074585,49792
33.9575560092926,49792
33.962730169296265,49792
33.967920541763306,49792
33.97324824333191,49792
33.978529930114746,49792
33.98376274108887,49792
33.98901057243347,49792
33.994216203689575,49792
33.99937152862549,49792
34.00462627410889,49792
34.0099413394928,49792
34.01514482498169,49792
34.02039694786072,49792
34.025614976882935,49792
34.03088116645813,49792
34.03613877296448,49792
34.04137563705444,49792
34.04665541648865,49792
34.05195164680481,49792
34.05721664428711,49792
34.06250858306885,49792
34.06781530380249,49792
34.07316756248474,49792
34.078436613082886,49792
34.083678245544434,49792
34.088950395584106,49792
34.094159841537476,49792
34.09941101074219,49792
34.10468912124634,49792
34.109930753707886,49792
34.11520266532898,49792
34.12053465843201,49792
34.12578511238098,49792
34.13102436065674,49792
34.13649940490723,49792
34.141892194747925,49792
34.14737033843994,49792
34.15259766578674,49792
34.15783071517944,49792
34.163121700286865,49792
34.16836667060852,49792
34.17365026473999,49792
34.17898464202881,49792
34.18421125411987,49792
34.18954348564148,49792
34.19480848312378,49792
34.20007610321045,49792
34.20534110069275,49792
34.210633993148804,49792
34.215927600860596,49792
34.22122144699097,49792
34.22651195526123,49792
34.23178791999817,49792
34.237099170684814,49792
34.242297887802124,49792
34.247597455978394,49792
34.25283145904541,49792
34.25805044174194,49792
34.26321983337402,49792
34.26845860481262,49792
34.27376461029053,49792
34.27905893325806,49792
34.284343957901,49792
34.28963327407837,49792
34.29492115974426,49792
34.3001708984375,49792
34.30537438392639,49792
34.3107967376709,49792
34.31608581542969,49792
34.32132148742676,49792
34.32655096054077,49792
34.331788539886475,49792
34.337011098861694,49792
34.34228467941284,49792
34.347482442855835,49792
34.3526656627655,49792
34.357996463775635,49792
34.36319589614868,49792
34.36846303939819,49792
34.37377214431763,49792
34.37894868850708,49792
34.38424730300903,49792
34.3895149230957,49792
34.39471697807312,49792
34.399940490722656,49792
34.40515613555908,49792
34.41038250923157,49792
34.415639877319336,49792
34.42090392112732,49792
34.42614459991455,49792
34.431397676467896,49792
34.43666887283325,49792
34.44189786911011,49792
34.44722652435303,49792
34.4524827003479,49792
34.45784640312195,49792
34.46310615539551,49792
34.46843957901001,49792
34.47373104095459,49792
34.479066610336304,49792
34.4843385219574,49792
34.48964715003967,49792
34.49505114555359,49792
34.50030779838562,49792
34.50550127029419,49792
34.51079082489014,49792
34.51602506637573,49792
34.52139854431152,49792
34.52665305137634,49792
34.53187561035156,49792
34.537272453308105,49792
34.54267334938049,49792
34.54808783531189,49792
34.55343747138977,49792
34.55871558189392,49792
34.56412363052368,49792
34.56931948661804,49792
34.57460403442383,49792
34.579931020736694,49792
34.58512830734253,49792
34.59044146537781,49792
34.595736265182495,49792
34.600985288619995,49792
34.606276512145996,49792
34.6114387512207,49792
34.616671323776245,49792
34.62192368507385,49792
34.62720537185669,49792
34.632452726364136,49792
34.637837409973145,49792
34.643030405044556,49792
34.64832830429077,49792
34.653676986694336,49792
34.658960819244385,49792
34.66420006752014,49792
34.669450998306274,49792
34.674675703048706,49792
34.67994546890259,49792
34.68524146080017,49792
34.6905300617218,49792
34.6957643032074,49792
34.70115065574646,49792
34.70650577545166,49792
34.711785316467285,49792
34.717090368270874,49792
34.722405195236206,49792
34.727672815322876,49792
34.73293900489807,49792
34.73825669288635,49792
34.74350094795227,49792
34.74873614311218,49792
34.75397348403931,49792
34.75923776626587,49792
34.76452660560608,49792
34.769774198532104,49792
34.77503299713135,49792
34.78029465675354,49792
34.78559374809265,49792
34.79090666770935,49792
34.7962212562561,49792
34.80143618583679,49792
34.80667209625244,49792
34.81190085411072,49792
34.81715226173401,49792
34.822391986846924,49792
34.82771587371826,49792
34.83299231529236,49792
34.83841300010681,49792
34.843613624572754,49792
34.84890007972717,49792
34.85417628288269,49792
34.85942983627319,49792
34.86473321914673,49792
34.870001792907715,49792
34.87527298927307,49792
34.88054609298706,49792
34.88571572303772,49792
34.89097738265991,49792
34.896240234375,49792
34.90157341957092,49792
34.906904458999634,49792
34.912134647369385,49792
34.91739821434021,49792
34.922712326049805,49792
34.9278929233551,49792
34.93311405181885,49792
34.938353061676025,49792
34.94359064102173,49792
34.948875188827515,49792
34.954161405563354,49792
34.95954918861389,49792
34.964852809906006,49792
34.97023892402649,49792
34.97544288635254,49792
34.9807562828064,49792
34.98601245880127,49792
34.99138617515564,49792
34.996662616729736,49792
35.001930475234985,49792
35.00712561607361,49792
35.012446641922,49792
35.01776957511902,49792
35.02309203147888,49792
35.02837419509888,49792
35.0335955619812,49792
35.038888931274414,49792
35.044105052948,49792
35.04937434196472,49792
35.054664850234985,49792
35.05989480018616,49792
35.065075397491455,49792
35.070351123809814,49792
35.075629472732544,49792
35.08084058761597,49792
35.08604288101196,49792
35.09137535095215,49792
35.09657120704651,49792
35.101733684539795,49792
35.107053995132446,49792
35.11236047744751,49792
35.11758780479431,49792
35.1229088306427,49792
35.12824296951294,49792
35.13345384597778,49792
35.1386935710907,49792
35.143924713134766,49792
35.149202823638916,49792
35.1544976234436,49792
35.15976524353027,49792
35.16501784324646,49792
35.17030048370361,49792
35.17553472518921,49792
35.1808078289032,49792
35.18617105484009,49792
35.19143557548523,49792
35.19674611091614,49792
35.201969385147095,49792
35.20723295211792,49792
35.21241879463196,49792
35.2176558971405,49792
35.22291827201843,49792
35.22821068763733,49792
35.23340678215027,49792
35.2386634349823,49792
35.24393963813782,49792
35.249200105667114,49792
35.25447750091553,49792
35.25974464416504,49792
35.26503038406372,49792
35.27031064033508,49792
35.275524377822876,49792
35.28082084655762,49792
35.286118268966675,49792
35.2913932800293,49792
35.29665398597717,49792
35.30189633369446,49792
35.30714535713196,49792
35.31235361099243,49792
35.317530155181885,49792
35.32276749610901,49792
35.328075647354126,49792
35.333313941955566,49792
35.33853507041931,49792
35.343780517578125,49792
35.34903144836426,49792
35.35427117347717,49792
35.359495401382446,49792
35.36474251747131,49792
35.37001872062683,49792
35.37527418136597,49792
35.380555391311646,49792
35.38583755493164,49792
35.39110326766968,49792
35.39629888534546,49792
35.401604652404785,49792
35.40686082839966,49792
35.4120614528656,49792
35.41733980178833,49792
35.422581911087036,49792
35.42783164978027,49792
35.433090686798096,49792
35.43833518028259,49792
35.44365191459656,49792
35.44886493682861,49792
35.45414590835571,49792
35.45948815345764,49792
35.46473264694214,49792
35.47001028060913,49792
35.47530770301819,49792
35.480552434921265,49792
35.48585081100464,49792
35.49112129211426,49792
35.496379375457764,49792
35.50158166885376,49792
35.50689935684204,49792
35.51218795776367,49792
35.5174195766449,49792
35.522709608078,49792
35.52794528007507,49792
35.53320026397705,49792
35.53852391242981,49792
35.54383969306946,49792
35.549240827560425,49792
35.55460810661316,49792
35.559898853302,49792
35.56524443626404,49792
35.570563554763794,49792
35.575766801834106,49792
35.581096172332764,49792
35.586358070373535,49792
35.591620445251465,49792
35.596845388412476,49792
35.602041482925415,49792
35.60731887817383,49792
35.612560510635376,49792
35.617799282073975,49792
35.62309956550598,49792
35.62833857536316,49792
35.63354229927063,49792
35.63878846168518,49792
35.64412021636963,49792
35.649402379989624,49792
35.65468668937683,49792
35.65997004508972,49792
35.66533923149109,49792
35.67065358161926,49792
35.67594575881958,49792
35.681169748306274,49792
35.68639326095581,49792
35.69158577919006,49792
35.69682025909424,49792
35.70209717750549,49792
35.70730972290039,49792
35.71248960494995,49792
35.717734813690186,49792
35.72294092178345,49792
35.72823095321655,49792
35.733444929122925,49792
35.7386519908905,49792
35.74387788772583,49792
35.74918580055237,49792
35.75441884994507,49792
35.75959825515747,49792
35.76484417915344,49792
35.77007603645325,49792
35.77532124519348,49792
35.78056287765503,49792
35.78578519821167,49792
35.79097533226013,49792
35.79625082015991,49792
35.80162072181702,49792
35.806883335113525,49792
35.812132358551025,49792
35.8173565864563,49792
35.82257294654846,49792
35.82790517807007,49792
35.8332314491272,49792
35.8385796546936,49792
35.84392476081848,49792
35.84932565689087,49792
35.85453939437866,49792
35.859750270843506,49792
35.86502456665039,49792
35.87035155296326,49792
35.87565326690674,49792
35.880987882614136,49792
35.88629126548767,49792
35.89161396026611,49792
35.8968460559845,49792
35.90213656425476,49792
35.907376766204834,49792
35.91264081001282,49792
35.91787147521973,49792
35.92309379577637,49792
35.92837619781494,49792
35.933632612228394,49792
35.93886756896973,49792
35.94407320022583,49792
35.94936156272888,49792
35.95462894439697,49792
35.959805727005005,49792
35.964945554733276,49792
35.970189571380615,49792
35.975396394729614,49792
35.98068308830261,49792
35.98590803146362,49792
35.99115037918091,49792
35.99643921852112,49792
36.00170874595642,49792
36.006922006607056,49792
36.01222825050354,49792
36.017470598220825,49792
36.02265000343323,49792
36.02782702445984,49792
36.033047676086426,49792
36.038246631622314,49792
36.043498039245605,49792
36.04875588417053,49792
36.05399417877197,49792
36.05921387672424,49792
36.06441140174866,49792
36.06972408294678,49792
36.07501673698425,49792
36.08017086982727,49792
36.0853750705719,49792
36.09059262275696,49792
36.09584903717041,49792
36.10106921195984,49792
36.106364011764526,49792
36.11159801483154,49792
36.11688709259033,49792
36.12206292152405,49792
36.127230644226074,49792
36.13242244720459,49792
36.13766884803772,49792
36.14283061027527,49792
36.148130655288696,49792
36.15333700180054,49792
36.158552408218384,49792
36.16376709938049,49792
36.16902160644531,49792
36.17422842979431,49792
36.1795072555542,49792
36.18471360206604,49792
36.19007182121277,49792
36.19536089897156,49792
36.200592279434204,49792
36.20578050613403,49792
36.2110230922699,49792
36.216318130493164,49792
36.221553325653076,49792
36.226722955703735,49792
36.231945514678955,49792
36.23722743988037,49792
36.242536306381226,49792
36.24784255027771,49792
36.25313878059387,49792
36.258383989334106,49792
36.26356482505798,49792
36.2688570022583,49792
36.27407217025757,49792
36.279396533966064,49792
36.28456234931946,49792
36.28982877731323,49792
36.29500961303711,49792
36.300297021865845,49792
36.30555987358093,49792
36.310739517211914,49792
36.31596541404724,49792
36.32118082046509,49792
36.32647681236267,49792
36.331645488739014,49792
36.33689618110657,49792
36.342164278030396,49792
36.34745788574219,49792
36.35272145271301,49792
36.35797739028931,49792
36.363304138183594,49792
36.368560791015625,49792
36.3738329410553,49792
36.37912082672119,49792
36.38432168960571,49792
36.38954472541809,49792
36.39471697807312,49792
36.3999388217926,49792
36.405131340026855,49792
36.41044545173645,49792
36.415627241134644,49792
36.42091202735901,49792
36.42626070976257,49792
36.4314603805542,49792
36.43668842315674,49792
36.442002296447754,49792
36.44732332229614,49792
36.45255184173584,49792
36.457818269729614,49792
36.46309208869934,49792
36.46836471557617,49792
36.47361350059509,49792
36.47894072532654,49792
36.48417282104492,49792
36.489428997039795,49792
36.49470782279968,49792
36.50000071525574,49792
36.50525188446045,49792
36.510502576828,49792
36.51579260826111,49792
36.52097463607788,49792
36.52627897262573,49792
36.531492471694946,49792
36.536797761917114,49792
36.54206418991089,49792
36.5473358631134,49792
36.55267548561096,49792
36.55796766281128,49792
36.56338119506836,49792
36.56856179237366,49792
36.57379484176636,49792
36.57901883125305,49792
36.58425450325012,49792
36.58947992324829,49792
36.594672441482544,49792
36.59999966621399,49792
36.60527300834656,49792
36.6105432510376,49792
36.61578893661499,49792
36.62114858627319,49792
36.62637782096863,49792
36.631641149520874,49792
36.63697266578674,49792
36.64218759536743,49792
36.647411823272705,49792
36.65274095535278,49792
36.65800595283508,49792
36.663405418395996,49792
36.66870355606079,49792
36.67386770248413,49792
36.67908525466919,49792
36.68434000015259,49792
36.68952035903931,49792
36.69475507736206,49792
36.70008301734924,49792
36.70542240142822,49792
36.71068620681763,49792
36.715954065322876,49792
36.721189737319946,49792
36.726409912109375,49792
36.73162269592285,49792
36.73690581321716,49792
36.74213147163391,49792
36.74736166000366,49792
36.752612590789795,49792
36.75782871246338,49792
36.763253688812256,49792
36.76859140396118,49792
36.773820877075195,49792
36.77904963493347,49792
36.78427457809448,49792
36.7895667552948,49792
36.79476189613342,49792
36.80000352859497,49792
36.80529761314392,49792
36.81054162979126,49792
36.8156955242157,49792
36.82094407081604,49792
36.826143980026245,49792
36.83143424987793,49792
36.83669686317444,49792
36.841965675354004,49792
36.84723734855652,49792
36.85243487358093,49792
36.85774087905884,49792
36.86303758621216,49792
36.86830472946167,49792
36.873536825180054,49792
36.87885904312134,49792
36.88414764404297,49792
36.88942527770996,49792
36.89471101760864,49792
36.89991283416748,49792
36.905150413513184,49792
36.91039538383484,49792
36.915629386901855,49792
36.92085266113281,49792
36.926114082336426,49792
36.93136215209961,49792
36.93661427497864,49792
36.941872119903564,49792
36.94713234901428,49792
36.95234417915344,49792
36.95762252807617,49792
36.962936878204346,49792
36.96813702583313,49792
36.97342252731323,49792
36.97863984107971,49792
36.98388314247131,49792
36.98913264274597,49792
36.994401693344116,49792
36.99965977668762,49792
37.004945516586304,49792
37.01024794578552,49792
37.015482902526855,49792
37.02086544036865,49792
37.02612376213074,49792
37.03138208389282,49792
37.036608934402466,49792
37.04188942909241,49792
37.04716897010803,49792
37.05237007141113,49792
37.05757212638855,49792
37.06281042098999,49792
37.06817150115967,49792
37.073416233062744,49792
37.07859945297241,49792
37.08387279510498,49792
37.08916139602661,49792
37.094398021698,49792
37.09971332550049,49792
37.104952573776245,49792
37.11025857925415,49792
37.11549687385559,49792
37.12068510055542,49792
37.12592577934265,49792
37.131219148635864,49792
37.13645648956299,49792
37.141730070114136,49792
37.146934270858765,49792
37.15210795402527,49792
37.15735459327698,49792
37.1625874042511,49792
37.16785287857056,49792
37.17310571670532,49792
37.17841339111328,49792
37.18368101119995,49792
37.18896794319153,49792
37.194201707839966,49792
37.199464559555054,49792
37.204683780670166,49792
37.20992875099182,49792
37.21518397331238,49792
37.22049355506897,49792
37.22579336166382,49792
37.231035470962524,49792
37.23629331588745,49792
37.24151349067688,49792
37.24673342704773,49792
37.251988887786865,49792
37.2572660446167,49792
37.262465476989746,49792
37.26778054237366,49792
37.273062229156494,49792
37.278268814086914,49792
37.28354239463806,49792
37.288872957229614,49792
37.29412031173706,49792
37.29935336112976,49792
37.30449628829956,49792
37.30975031852722,49792
37.315030097961426,49792
37.32021903991699,49792
37.32541632652283,49792
37.33063578605652,49792
37.335883140563965,49792
37.34105372428894,49792
37.34633183479309,49792
37.3515305519104,49792
37.35681748390198,49792
37.36205577850342,49792
37.367307901382446,49792
37.37250995635986,49792
37.377750873565674,49792
37.383023500442505,49792
37.388251304626465,49792
37.39345622062683,49792
37.398662090301514,49792
37.403831481933594,49792
37.409101486206055,49792
37.41434335708618,49792
37.419572591781616,49792
37.424777030944824,49792
37.4300217628479,49792
37.435222864151,49792
37.44047522544861,49792
37.4456524848938,49792
37.45091676712036,49792
37.4561562538147,49792
37.46138906478882,49792
37.466625690460205,49792
37.47178649902344,49792
37.477028131484985,49792
37.48224377632141,49792
37.48754620552063,49792
37.49277710914612,49792
37.49799466133118,49792
37.50322937965393,49792
37.508461475372314,49792
37.51367425918579,49792
37.518983364105225,49792
37.52423858642578,49792
37.52950382232666,49792
37.53469395637512,49792
37.54002928733826,49792
37.545427560806274,49792
37.55080986022949,49792
37.55622673034668,49792
37.5616500377655,49792
37.5670063495636,49792
37.5722930431366,49792
37.577505588531494,49792
37.58275055885315,49792
37.588019132614136,49792
37.59325838088989,49792
37.59852409362793,49792
37.60374712944031,49792
37.608989238739014,49792
37.61416435241699,49792
37.619364738464355,49792
37.624563455581665,49792
37.62977743148804,49792
37.6350634098053,49792
37.64030742645264,49792
37.645533323287964,49792
37.650821685791016,49792
37.65610599517822,49792
37.661481618881226,49792
37.66674494743347,49792
37.671990633010864,49792
37.6771981716156,49792
37.68242692947388,49792
37.687711000442505,49792
37.692952394485474,49792
37.6981942653656,49792
37.70342826843262,49792
37.70878291130066,49792
37.71400737762451,49792
37.71923470497131,49792
37.72447991371155,49792
37.7297158241272,49792
37.734943866729736,49792
37.740214109420776,49792
37.7454252243042,49792
37.75063896179199,49792
37.75585412979126,49792
37.76119875907898,49792
37.76651072502136,49792
37.77165508270264,49792
37.7769091129303,49792
37.782227754592896,49792
37.787545919418335,49792
37.792693853378296,49792
37.79790258407593,49792
37.80318236351013,49792
37.80847358703613,49792
37.813735246658325,49792
37.8190336227417,49792
37.82431983947754,49792
37.82956671714783,49792
37.834797859191895,49792
37.840083837509155,49792
37.84533452987671,49792
37.850579500198364,49792
37.85581135749817,49792
37.86105799674988,49792
37.86628007888794,49792
37.871527433395386,49792
37.87671732902527,49792
37.88194918632507,49792
37.88718128204346,49792
37.89240574836731,49792
37.897658824920654,49792
37.90294909477234,49792
37.90818381309509,49792
37.91346740722656,49792
37.91880488395691,49792
37.9240083694458,49792
37.929229974746704,49792
37.93446683883667,49792
37.93970012664795,49792
37.944894790649414,49792
37.95013070106506,49792
37.95530462265015,49792
37.960503578186035,49792
37.965707302093506,49792
37.97095251083374,49792
37.97630333900452,49792
37.98155879974365,49792
37.98685836791992,49792
37.99208617210388,49792
37.99732518196106,49792
38.00270128250122,49792
38.00791907310486,49792
38.013160943984985,49792
38.018425703048706,49792
38.023640632629395,49792
38.02886462211609,49792
38.034095287323,49792
38.039334535598755,49792
38.044578075408936,49792
38.04982662200928,49792
38.05500531196594,49792
38.060195446014404,49792
38.0653920173645,49792
38.070629835128784,49792
38.07584071159363,49792
38.081133127212524,49792
38.086368560791016,49792
38.0915584564209,49792
38.09683084487915,49792
38.10204267501831,49792
38.1073157787323,49792
38.112589836120605,49792
38.117979526519775,49792
38.123213052749634,49792
38.12851905822754,49792
38.13373351097107,49792
38.13904023170471,49792
38.14436101913452,49792
38.149723052978516,49792
38.15496468544006,49792
38.16026067733765,49792
38.16551733016968,49792
38.17077112197876,49792
38.176037311553955,49792
38.18124866485596,49792
38.18647909164429,49792
38.19177460670471,49792
38.19704818725586,49792
38.20232701301575,49792
38.20759582519531,49792
38.21278405189514,49792
38.2180233001709,49792
38.22329068183899,49792
38.228551149368286,49792
38.233742237091064,49792
38.23900628089905,49792
38.24427318572998,49792
38.24960231781006,49792
38.254844665527344,49792
38.26007008552551,49792
38.26535415649414,49792
38.27055501937866,49792
38.27585315704346,49792
38.281033515930176,49792
38.28635835647583,49792
38.29157376289368,49792
38.29684901237488,49792
38.30210542678833,49792
38.30730390548706,49792
38.31248998641968,49792
38.31778621673584,49792
38.323065996170044,49792
38.32836389541626,49792
38.33357572555542,49792
38.33890175819397,49792
38.344040870666504,49792
38.34931302070618,49792
38.354572772979736,49792
38.35980939865112,49792
38.36507272720337,49792
38.37032747268677,49792
38.37551760673523,49792
38.38086223602295,49792
38.386136054992676,49792
38.391396045684814,49792
38.39670181274414,49792
38.40192151069641,49792
38.407158851623535,49792
38.412418842315674,49792
38.417635440826416,49792
38.42281198501587,49792
38.42800998687744,49792
38.433279037475586,49792
38.43853306770325,49792
38.44378137588501,49792
38.4490602016449,49792
38.454286098480225,49792
38.45949459075928,49792
38.46471405029297,49792
38.469985008239746,49792
38.47518968582153,49792
38.48044776916504,49792
38.48568820953369,49792
38.4909143447876,49792
38.4961621761322,49792
38.50134587287903,49792
38.50660181045532,49792
38.51186013221741,49792
38.5172016620636,49792
38.52248454093933,49792
38.527827739715576,49792
38.53315019607544,49792
38.53844428062439,49792
38.543739318847656,49792
38.549124240875244,49792
38.55448317527771,49792
38.55991268157959,49792
38.565308809280396,49792
38.57055974006653,49792
38.57571792602539,49792
38.580947399139404,49792
38.586211919784546,49792
38.59147119522095,49792
38.59667444229126,49792
38.601876735687256,49792
38.60711908340454,49792
38.61237716674805,49792
38.617671728134155,49792
38.62295961380005,49792
38.62818360328674,49792
38.6334183216095,49792
38.63867688179016,49792
38.64388585090637,49792
38.64927291870117,49792
38.65454149246216,49792
38.65982151031494,49792
38.665178537368774,49792
38.67047142982483,49792
38.67569875717163,49792
38.68091678619385,49792
38.68618631362915,49792
38.6914758682251,49792
38.6967134475708,49792
38.701942920684814,49792
38.707112312316895,49792
38.71240472793579,49792
38.71762657165527,49792
38.72288680076599,49792
38.72815990447998,49792
38.73340845108032,49792
38.73866820335388,49792
38.743895530700684,49792
38.74921536445618,49792
38.75458860397339,49792
38.7598397731781,49792
38.76512360572815,49792
38.770419120788574,49792
38.775686264038086,49792
38.78091740608215,49792
38.78621959686279,49792
38.791500091552734,49792
38.796693325042725,49792
38.801992893218994,49792
38.80735778808594,49792
38.812694787979126,49792
38.81808590888977,49792
38.82333040237427,49792
38.828553915023804,49792
38.833755016326904,49792
38.83895182609558,49792
38.84421467781067,49792
38.849506855010986,49792
38.85475778579712,49792
38.860053300857544,49792
38.86529564857483,49792
38.870588064193726,49792
38.875845432281494,49792
38.88125038146973,49792
38.886560916900635,49792
38.89177656173706,49792
38.89714336395264,49792
38.902445793151855,49792
38.90779137611389,49792
38.91322994232178,49792
38.91851282119751,49792
38.923877000808716,49792
38.92923879623413,49792
38.93454456329346,49792
38.93973350524902,49792
38.94494318962097,49792
38.950223445892334,49792
38.95546245574951,49792
38.960715532302856,49792
38.96592426300049,49792
38.97118139266968,49792
38.97642183303833,49792
38.981730699539185,49792
38.98699712753296,49792
38.99221229553223,49792
38.997533321380615,49792
39.00275111198425,49792
39.007981061935425,49792
39.01318168640137,49792
39.01846170425415,49792
39.02371883392334,49792
39.028972864151,49792
39.03428030014038,49792
39.03948783874512,49792
39.044724464416504,49792
39.050008058547974,49792
39.055230379104614,49792
39.060476303100586,49792
39.0657160282135,49792
39.070934534072876,49792
39.07627320289612,49792
39.081541538238525,49792
39.08675932884216,49792
39.091975927352905,49792
39.097270250320435,49792
39.102476358413696,49792
39.10774564743042,49792
39.112971782684326,49792
39.11828875541687,49792
39.123552560806274,49792
39.128875970840454,49792
39.13410544395447,49792
39.139331579208374,49792
39.14450979232788,49792
39.14972543716431,49792
39.15497946739197,49792
39.16020178794861,49792
39.16540241241455,49792
39.17059254646301,49792
39.17580723762512,49792
39.18113946914673,49792
39.186429262161255,49792
39.19167113304138,49792
39.196964740753174,49792
39.202266454696655,49792
39.20749497413635,49792
39.2127685546875,49792
39.21798348426819,49792
39.22322630882263,49792
39.228535175323486,49792
39.23379397392273,49792
39.23904085159302,49792
39.24429130554199,49792
39.24956202507019,49792
39.2548930644989,49792
39.260165214538574,49792
39.26544189453125,49792
39.270663022994995,49792
39.275877237319946,49792
39.28116273880005,49792
39.286349296569824,49792
39.291566133499146,49792
39.296826124191284,49792
39.302077770233154,49792
39.30727767944336,49792
39.31256723403931,49792
39.31781363487244,49792
39.32306122779846,49792
39.32836031913757,49792
39.3335862159729,49792
39.33881592750549,49792
39.344027042388916,49792
39.34927988052368,49792
39.35453701019287,49792
39.3597891330719,49792
39.36505150794983,49792
39.370304107666016,49792
39.375516414642334,49792
39.38073515892029,49792
39.385961055755615,49792
39.39123010635376,49792
39.39645791053772,49792
39.401700019836426,49792
39.40688967704773,49792
39.41208481788635,49792
39.417346477508545,49792
39.42266869544983,49792
39.42799091339111,49792
39.43322443962097,49792
39.43838620185852,49792
39.44357180595398,49792
39.44887351989746,49792
39.45413112640381,49792
39.45935845375061,49792
39.46459126472473,49792
39.469876527786255,49792
39.475085735321045,49792
39.48032522201538,49792
39.485610485076904,49792
39.49087047576904,49792
39.496098041534424,49792
39.50129532814026,49792
39.50657534599304,49792
39.51174473762512,49792
39.51696825027466,49792
39.52230620384216,49792
39.52755832672119,49792
39.5328266620636,49792
39.538060426712036,49792
39.543365240097046,49792
39.54867339134216,49792
39.55405950546265,49792
39.55952024459839,49792
39.56482744216919,49792
39.57014560699463,49792
39.57538151741028,49792
39.580591440200806,49792
39.58582401275635,49792
39.59109425544739,49792
39.596354484558105,49792
39.60154724121094,49792
39.6068012714386,49792
39.612016677856445,49792
39.617303133010864,49792
39.62250757217407,49792
39.62776327133179,49792
39.63297748565674,49792
39.63824152946472,49792
39.64351511001587,49792
39.64878559112549,49792
39.6539945602417,49792
39.6592333316803,49792
39.66457509994507,49792
39.669899463653564,49792
39.67520475387573,49792
39.680490493774414,49792
39.68571949005127,49792
39.69096302986145,49792
39.69624352455139,49792
39.701517820358276,49792
39.70679426193237,49792
39.711982011795044,49792
39.71728038787842,49792
39.72254538536072,49792
39.72781300544739,49792
39.73303174972534,49792
39.73825979232788,49792
39.743462324142456,49792
39.74864411354065,49792
39.75393867492676,49792
39.759164571762085,49792
39.76449179649353,49792
39.76969599723816,49792
39.77507781982422,49792
39.78031802177429,49792
39.78554058074951,49792
39.79086351394653,49792
39.79609227180481,49792
39.80125117301941,49792
39.806477069854736,49792
39.81166195869446,49792
39.81704044342041,49792
39.82227087020874,49792
39.827510595321655,49792
39.832722425460815,49792
39.838000774383545,49792
39.843180656433105,49792
39.84842038154602,49792
39.853655099868774,49792
39.85889220237732,49792
39.86413598060608,49792
39.86938166618347,49792
39.87460708618164,49792
39.87996554374695,49792
39.88515567779541,49792
39.89038825035095,49792
39.89561462402344,49792
39.90087080001831,49792
39.90607786178589,49792
39.91124248504639,49792
39.91658806800842,49792
39.92188906669617,49792
39.92716431617737,49792
39.93236708641052,49792
39.93760633468628,49792
39.94285345077515,49792
39.94806671142578,49792
39.953296184539795,49792
39.95853400230408,49792
39.96373629570007,49792
39.969062089920044,49792
39.97431468963623,49792
39.97965049743652,49792
39.98487710952759,49792
39.99019432067871,49792
39.995426654815674,49792
40.00068283081055,49792
40.00589656829834,49792
40.01111459732056,49792
40.016371965408325,49792
40.021594762802124,49792
40.02686548233032,49792
40.03215456008911,49792
40.03743076324463,49792
40.04270625114441,49792
40.047943353652954,49792
40.053184270858765,49792
40.05846381187439,49792
40.06370520591736,49792
40.06890368461609,49792
40.07408165931702,49792
40.07933950424194,49792
40.084553956985474,49792
40.08972144126892,49792
40.09492635726929,49792
40.10018014907837,49792
40.10542368888855,49792
40.11064600944519,49792
40.115856647491455,49792
40.12118077278137,49792
40.12643909454346,49792
40.131688833236694,49792
40.136945962905884,49792
40.14217925071716,49792
40.14744544029236,49792
40.15268564224243,49792
40.15799164772034,49792
40.16317629814148,49792
40.16833424568176,49792
40.1735405921936,49792
40.17881727218628,49792
40.18405532836914,49792
40.18929600715637,49792
40.19462203979492,49792
40.19991970062256,49792
40.20513606071472,49792
40.210408210754395,49792
40.21558952331543,49792
40.22096037864685,49792
40.22618746757507,49792
40.231449365615845,49792
40.23669147491455,49792
40.24187731742859,49792
40.24712514877319,49792
40.25229859352112,49792
40.25753331184387,49792
40.262799978256226,49792
40.26800894737244,49792
40.273258209228516,49792
40.278528928756714,49792
40.283767223358154,49792
40.289018392562866,49792
40.29434013366699,49792
40.29958152770996,49792
40.30477690696716,49792
40.31005382537842,49792
40.31529879570007,49792
40.32056379318237,49792
40.325785875320435,49792
40.33110547065735,49792
40.33635187149048,49792
40.34159708023071,49792
40.34677314758301,49792
40.35205125808716,49792
40.35739994049072,49792
40.36266088485718,49792
40.36793780326843,49792
40.373241901397705,49792
40.378496170043945,49792
40.383668661117554,49792
40.38891816139221,49792
40.39415669441223,49792
40.3994197845459,49792
40.40460443496704,49792
40.4099006652832,49792
40.415207862854004,49792
40.420438051223755,49792
40.425726890563965,49792
40.43101739883423,49792
40.43629860877991,49792
40.44151473045349,49792
40.44680881500244,49792
40.452011585235596,49792
40.45727276802063,49792
40.4624297618866,49792
40.467647075653076,49792
40.47289419174194,49792
40.47815442085266,49792
40.48332071304321,49792
40.48857355117798,49792
40.493844985961914,49792
40.499122858047485,49792
40.504295349121094,49792
40.5095419883728,49792
40.51472759246826,49792
40.51998162269592,49792
40.52523350715637,49792
40.53053689002991,49792
40.5357027053833,49792
40.540982246398926,49792
40.546388387680054,49792
40.55174469947815,49792
40.55710506439209,49792
40.56245684623718,49792
40.56782937049866,49792
40.573084592819214,49792
40.578388929367065,49792
40.58360457420349,49792
40.58880829811096,49792
40.59413480758667,49792
40.59937381744385,49792
40.60465335845947,49792
40.6099374294281,49792
40.6151659488678,49792
40.62042856216431,49792
40.62568664550781,49792
40.63095998764038,49792
40.636245012283325,49792
40.64149856567383,49792
40.64674663543701,49792
40.65200924873352,49792
40.65737795829773,49792
40.66253662109375,49792
40.66774296760559,49792
40.67290258407593,49792
40.67813777923584,49792
40.68330907821655,49792
40.68858623504639,49792
40.69379544258118,49792
40.699060678482056,49792
40.70428276062012,49792
40.709590435028076,49792
40.71493101119995,49792
40.72020077705383,49792
40.72550177574158,49792
40.73072910308838,49792
40.735926389694214,49792
40.741190910339355,49792
40.746368408203125,49792
40.75155472755432,49792
40.75679659843445,49792
40.76210832595825,49792
40.7673544883728,49792
40.77258563041687,49792
40.777830600738525,49792
40.78302478790283,49792
40.78825926780701,49792
40.79353332519531,49792
40.798810720443726,49792
40.804123401641846,49792
40.80936026573181,49792
40.81461715698242,49792
40.81985521316528,49792
40.825156450271606,49792
40.83042764663696,49792
40.83561062812805,49792
40.84082078933716,49792
40.84608054161072,49792
40.8513867855072,49792
40.85670185089111,49792
40.86208629608154,49792
40.86742091178894,49792
40.87268781661987,49792
40.877907514572144,49792
40.883137702941895,49792
40.88836622238159,49792
40.89362335205078,49792
40.89887833595276,49792
40.90405607223511,49792
40.90940618515015,49792
40.91467905044556,49792
40.91990900039673,49792
40.92511248588562,49792
40.93037939071655,49792
40.93561840057373,49792
40.940853118896484,49792
40.94620060920715,49792
40.95146632194519,49792
40.95676136016846,49792
40.96183919906616,49792
40.96235799789429,49792
