Time,Objective value
0.001378774642944336,16202580
0.0014414787292480469,16202580
0.0033948421478271484,16144668
0.00506281852722168,16096568
0.006682157516479492,16075885
0.008153915405273438,16052506
0.009531497955322266,16013737
0.010788917541503906,15951585
0.011873722076416016,15951585
0.01291203498840332,15934079
0.013813972473144531,15927609
0.014897823333740234,15916334
0.016046524047851562,15910479
0.017241954803466797,15906955
0.027439594268798828,15906955
0.02905416488647461,15903442
0.03878068923950195,15883857
0.049597740173339844,15883857
0.051251888275146484,15883857
0.05240178108215332,15883857
0.053499698638916016,15883857
0.06401491165161133,15883449
0.0655813217163086,15883449
0.06673526763916016,15874368
0.07735133171081543,15859031
0.07893943786621094,15857093
0.0895528793334961,15857093
0.09106254577636719,15840122
0.09221243858337402,15815750
0.10245871543884277,15815750
0.1224210262298584,15815750
0.12430739402770996,15815750
0.1346900463104248,15815750
0.13621091842651367,15800783
0.13731741905212402,15800783
0.14812111854553223,15800783
0.14967727661132812,15800783
0.16030168533325195,15800783
0.19023799896240234,15800783
0.1927032470703125,15800783
0.22156906127929688,15786341
0.2239091396331787,15786341
0.2249922752380371,15786341
0.23558855056762695,15786341
0.23717498779296875,15786341
0.23828601837158203,15780399
0.23937201499938965,15777807
0.2404186725616455,15777807
0.2508735656738281,15777807
0.25237345695495605,15777807
0.2534494400024414,15777807
0.26368188858032227,15777807
0.26517724990844727,15777807
0.2754378318786621,15777807
0.2860701084136963,15777807
0.28753042221069336,15777807
0.3071753978729248,15777807
0.30890369415283203,15777807
0.3104393482208252,15777807
0.339752197265625,15777807
0.34192371368408203,15777807
0.34343576431274414,15777807
0.3541598320007324,15775139
0.36535048484802246,15775139
0.3669273853302002,15767849
0.377910852432251,15767849
0.37945008277893066,15759572
0.3804950714111328,15756150
0.3815956115722656,15754752
0.38269948959350586,15748883
0.38381028175354004,15746738
0.3849492073059082,15740158
0.3860328197479248,15739405
0.3962275981903076,15739405
0.3977041244506836,15738635
0.39880895614624023,15733255
0.39991021156311035,15733255
0.4009864330291748,15733255
0.4308485984802246,15733255
0.43306446075439453,15705135
0.43465518951416016,15698407
0.43575572967529297,15698407
0.43682098388671875,15698407
0.43787503242492676,15698407
0.46691250801086426,15698407
0.4689927101135254,15698407
0.4797191619873047,15698407
0.481142520904541,15697990
0.49169468879699707,15686423
0.4931337833404541,15686423
0.4941580295562744,15681913
0.5047013759613037,15681913
0.5156986713409424,15681913
0.5365657806396484,15681913
0.5385861396789551,15681913
0.5583839416503906,15681913
0.5789849758148193,15681913
0.58107590675354,15667025
0.5825488567352295,15667025
0.592888355255127,15667025
0.6038496494293213,15660052
0.6146080493927002,15660052
0.6161375045776367,15655954
0.6361956596374512,15655954
0.6472992897033691,15654216
0.6582975387573242,15654216
0.6690587997436523,15652839
0.6705741882324219,15652839
0.6992509365081787,15652839
0.7015707492828369,15652839
0.7026016712188721,15652839
0.7314386367797852,15652839
0.733820915222168,15640161
0.7537453174591064,15640161
0.764631986618042,15640161
0.7665469646453857,15640161
0.76761794090271,15640161
0.7686617374420166,15640161
0.7793316841125488,15640161
0.7906036376953125,15640161
0.8015403747558594,15640161
0.8030166625976562,15640161
0.8319098949432373,15640161
0.8434016704559326,15640161
0.86366868019104,15640161
0.8754596710205078,15640161
0.886347770690918,15621775
0.8878276348114014,15621775
0.89811110496521,15614094
0.8995912075042725,15614094
0.9006233215332031,15613121
0.9295675754547119,15613121
0.9316277503967285,15613121
0.9618451595306396,15613121
0.9641199111938477,15613121
0.984154462814331,15613121
0.9860289096832275,15613121
1.0061931610107422,15613121
1.017580509185791,15610025
1.0190248489379883,15610025
1.0200953483581543,15605372
1.0304510593414307,15605372
1.0413849353790283,15605372
1.0622835159301758,15605372
1.0740511417388916,15605372
1.094637155532837,15605372
1.106250286102295,15605372
1.1173269748687744,15605372
1.128509283065796,15605372
1.1396980285644531,15602717
1.1411302089691162,15602717
1.1517198085784912,15600559
1.1628541946411133,15600559
1.1642985343933105,15599325
1.1746492385864258,15591580
1.1853630542755127,15591580
1.196122646331787,15591580
1.197572946548462,15591580
1.1986346244812012,15591580
1.2181661128997803,15591580
1.2389371395111084,15591580
1.240781545639038,15591580
1.2513368129730225,15591580
1.2623405456542969,15591580
1.273210048675537,15591580
1.274632453918457,15591580
1.2849853038787842,15585757
1.3052399158477783,15585757
1.3166420459747314,15585757
1.3373563289642334,15585757
1.3488967418670654,15585757
1.369509220123291,15585757
1.3810992240905762,15585757
1.3921542167663574,15585757
1.412412166595459,15585757
1.4325897693634033,15585757
1.434981346130371,15578898
1.4456839561462402,15578898
1.4563276767730713,15578898
1.4578711986541748,15578898
1.4589662551879883,15578898
1.4694910049438477,15578898
1.4806253910064697,15578898
1.4915010929107666,15578065
1.511310338973999,15578065
1.5130226612091064,15578065
1.5329933166503906,15578065
1.5534977912902832,15578065
1.555408000946045,15578065
1.5656013488769531,15578065
1.585726261138916,15578065
1.5972051620483398,15578065
1.627389669418335,15578065
1.6296131610870361,15578065
1.6505091190338135,15578065
1.6621677875518799,15578065
1.673640251159668,15578065
1.685056447982788,15578065
1.6960244178771973,15575604
1.7073860168457031,15575604
1.7280173301696777,15571270
1.7299368381500244,15571270
1.7309470176696777,15571270
1.7510802745819092,15571270
1.7624480724334717,15571270
1.7639505863189697,15571270
1.774533748626709,15571270
1.7948765754699707,15571270
1.8060836791992188,15571270
1.8263819217681885,15571270
1.8375859260559082,15571270
1.8490185737609863,15571270
1.869286298751831,15571270
1.8897011280059814,15571270
1.891631841659546,15571270
1.9019184112548828,15571270
1.912564754486084,15562458
1.9325916767120361,15562458
1.93454909324646,15562458
1.9447834491729736,15555484
1.9555423259735107,15555484
1.9753129482269287,15555484
1.9865257740020752,15551443
1.9880306720733643,15551443
1.9980993270874023,15551443
2.008843183517456,15551443
2.0292038917541504,15551443
2.0403807163238525,15551443
2.042222261428833,15551443
2.0715720653533936,15551443
2.0736358165740967,15551443
2.0750980377197266,15549006
2.0947940349578857,15549006
2.106018543243408,15549006
2.1262574195861816,15549006
2.137657880783081,15548093
2.1486735343933105,15548093
2.1501410007476807,15541966
2.1699986457824707,15541769
2.171874761581421,15540277
2.1918466091156006,15540277
2.193730115890503,15540277
2.1947858333587646,15532580
2.21474552154541,15532580
2.225893497467041,15532580
2.2372000217437744,15532580
2.2388291358947754,15532580
2.2496583461761475,15532580
2.2510995864868164,15532580
2.2705941200256348,15532580
2.2816855907440186,15532580
2.2929372787475586,15532580
2.303668975830078,15532580
2.3144371509552,15532580
2.325279474258423,15532580
2.345587968826294,15532580
2.356626510620117,15532580
2.367804765701294,15532580
2.3785715103149414,15532580
2.389286518096924,15532580
2.400024890899658,15532580
2.419888734817505,15532580
2.421785354614258,15532580
2.451007127761841,15532580
2.453155755996704,15532580
2.4734952449798584,15532580
2.475119113922119,15532580
2.4765212535858154,15532580
2.486755847930908,15532580
2.4974634647369385,15532580
2.5275378227233887,15532580
2.5295183658599854,15532580
2.541151285171509,15532580
2.5618724822998047,15532580
2.5830302238464355,15532580
2.5852744579315186,15532580
2.596336603164673,15532580
2.617250919342041,15532580
2.6286752223968506,15532580
2.6404519081115723,15532580
2.651801586151123,15532580
2.6532487869262695,15519550
2.654283046722412,15519550
2.6741628646850586,15519550
2.6854429244995117,15519550
2.6968753337860107,15519550
2.6983399391174316,15518636
2.718756914138794,15518636
2.720374822616577,15518636
2.7405951023101807,15518636
2.752054214477539,15518636
2.7634010314941406,15516390
2.7744340896606445,15516390
2.7858145236968994,15516390
2.7872226238250732,15516390
2.8075366020202637,15516390
2.8092381954193115,15516390
2.810692071914673,15516390
2.8305180072784424,15516390
2.8418986797332764,15516390
2.8433377742767334,15516390
2.882627010345459,15516390
2.885002851486206,15516390
2.8961212635040283,15516390
2.9069323539733887,15516390
2.9176077842712402,15516390
2.919142246246338,15516390
2.9386637210845947,15516390
2.9403297901153564,15516390
2.9510128498077393,15510579
2.9524900913238525,15508757
2.962897300720215,15508757
2.9736053943634033,15508757
2.984344959259033,15508757
2.9953317642211914,15508757
2.9968724250793457,15508757
3.026289463043213,15508757
3.0375289916992188,15508757
3.039482355117798,15508757
3.0497262477874756,15508757
3.0695948600769043,15508757
3.0803534984588623,15508757
3.0822911262512207,15508757
3.09273624420166,15508757
3.1126761436462402,15508757
3.1327037811279297,15505027
3.1348888874053955,15505027
3.1458017826080322,15505027
3.1658143997192383,15505027
3.1770901679992676,15505027
3.18790864944458,15505027
3.2077839374542236,15505027
3.218982219696045,15505027
3.2481508255004883,15505027
3.259394884109497,15505027
3.270514488220215,15505027
3.281170606613159,15505027
3.2826714515686035,15505027
3.3020811080932617,15505027
3.3130600452423096,15505027
3.314527750015259,15505027
3.3524062633514404,15505027
3.354978322982788,15505027
3.3656375408172607,15505027
3.376305341720581,15505027
3.3778176307678223,15505027
3.388148546218872,15505027
3.4082534313201904,15505027
3.410252332687378,15505027
3.4300169944763184,15505027
3.4411962032318115,15505027
3.4526877403259277,15505027
3.4636390209198,15505027
3.474626302719116,15500658
3.4761781692504883,15500658
3.48665189743042,15500658
3.498006820678711,15495358
3.509350299835205,15495358
3.530378580093384,15495358
3.532223701477051,15495358
3.542686939239502,15495358
3.563241958618164,15495358
3.574526786804199,15495358
3.5760958194732666,15495358
3.5964062213897705,15495358
3.607574224472046,15494136
3.609445810317993,15494136
3.6389992237091064,15494136
3.6504995822906494,15494136
3.6523594856262207,15494136
3.662834882736206,15494136
3.664271354675293,15494136
3.6840097904205322,15490497
3.695422649383545,15490497
3.706233024597168,15490497
3.7076704502105713,15490497
3.7179486751556396,15490497
3.7194204330444336,15490497
3.7296335697174072,15489033
3.7402219772338867,15489033
3.7416887283325195,15489033
3.7519073486328125,15489033
3.762706995010376,15489033
3.7641961574554443,15489033
3.784133195877075,15489033
3.7855305671691895,15489033
3.7915499210357666,15489033
3.7978882789611816,15489033
3.8041727542877197,15489033
3.8104729652404785,15489033
3.816744565963745,15489033
3.823044776916504,15489033
3.8347229957580566,15489033
3.8357486724853516,15489033
3.836639642715454,15478640
3.8480169773101807,15478640
3.84916353225708,15478640
3.8551831245422363,15478640
3.8560898303985596,15478640
3.8674018383026123,15475582
3.8684275150299072,15475582
3.874675750732422,15475582
3.886263370513916,15475582
3.892760753631592,15475582
3.899019718170166,15475582
3.9053022861480713,15475582
3.906193733215332,15475582
3.9176080226898193,15475582
3.9295239448547363,15475582
3.9305617809295654,15475582
3.947516679763794,15475582
3.9489309787750244,15475582
3.9549248218536377,15475582
3.9612109661102295,15475582
3.9675161838531494,15475582
3.9684295654296875,15475582
3.9744293689727783,15475582
3.9860377311706543,15475582
3.9925718307495117,15475582
3.9934778213500977,15475582
4.010263919830322,15475582
4.011548280715942,15475582
4.017805099487305,15475582
4.024093151092529,15475582
4.030363082885742,15475582
4.042005777359009,15475582
4.048399209976196,15472093
4.054902791976929,15472093
4.061172246932983,15464294
4.067445278167725,15464294
4.073772668838501,15464294
4.0747082233428955,15460021
4.07535982131958,15459303
4.081371307373047,15459303
4.087695837020874,15459303
4.088624000549316,15457506
4.094682693481445,15457506
4.09558629989624,15457506
4.106945276260376,15457506
4.108097314834595,15457506
4.11950159072876,15457506
4.12601637840271,15457506
4.132322311401367,15457506
4.138566017150879,15457506
4.139460325241089,15457506
4.145468473434448,15457506
4.146367311477661,15457506
4.152377605438232,15457506
4.1586480140686035,15457506
4.1595518589019775,15457506
4.160188436508179,15457506
4.1662280559539795,15457506
4.172499656677246,15457506
4.178802728652954,15457506
4.179713726043701,15457506
4.185691595077515,15457506
4.197404623031616,15457506
4.2039711475372314,15444785
4.20488429069519,15444785
4.210901737213135,15444785
4.211792469024658,15438124
4.217801570892334,15438124
4.224071502685547,15438124
4.224973678588867,15435412
4.231016159057617,15435412
4.231900453567505,15435412
4.243251323699951,15435412
4.244388103485107,15435412
4.250445604324341,15435412
4.256708145141602,15435412
4.262963056564331,15435412
4.263840198516846,15435412
4.275190591812134,15435412
4.276332139968872,15435412
4.282315254211426,15435412
4.2939393520355225,15435412
4.295088291168213,15435412
4.306477308273315,15435412
4.307627439498901,15435412
4.32450795173645,15435412
4.325655460357666,15435412
4.326812028884888,15435412
4.327475309371948,15435412
4.333493709564209,15435412
4.345135450363159,15435412
4.351540803909302,15435412
4.358107566833496,15435412
4.359023094177246,15435412
4.359650373458862,15435412
4.365641832351685,15435412
4.371983528137207,15435412
4.378299951553345,15435412
4.384591817855835,15435412
4.385486602783203,15435412
4.386120557785034,15435412
4.397512674331665,15435412
4.403904438018799,15435412
4.405051231384277,15435412
4.405683279037476,15435412
4.411669015884399,15435412
4.423226833343506,15435412
4.429771900177002,15435412
4.430656433105469,15435412
4.447423696517944,15435412
4.459508657455444,15435412
4.460774898529053,15435412
4.467048168182373,15435412
4.4733381271362305,15435412
4.479597806930542,15435412
4.485856294631958,15435412
4.492136001586914,15435412
4.498399257659912,15435412
4.504645347595215,15435412
4.510950326919556,15435412
4.511841773986816,15435412
4.523213863372803,15435412
4.52425217628479,15435412
4.535904884338379,15435412
4.536933422088623,15435412
4.537825345993042,15435412
4.543869495391846,15435412
4.544761896133423,15435412
4.556135654449463,15435412
4.557293891906738,15435412
4.563321113586426,15435412
4.564231872558594,15435412
4.564864873886108,15435412
4.576260805130005,15435412
4.577425003051758,15435412
4.594180583953857,15435412
4.600799322128296,15435412
4.601964473724365,15435412
4.613366603851318,15435412
4.619921445846558,15435412
4.620843887329102,15435412
4.621480226516724,15435412
4.638126850128174,15435412
4.639535427093506,15435412
4.650859355926514,15435412
4.652022361755371,15435412
4.65805196762085,15435412
4.6696765422821045,15435412
4.6708292961120605,15435412
4.6821863651275635,15435412
4.683343887329102,15435412
4.694725036621094,15435412
4.695755243301392,15435412
4.702035188674927,15435412
4.702934741973877,15435412
4.708965063095093,15435412
4.7259955406188965,15435412
4.732687711715698,15435412
4.733739614486694,15435412
4.745412588119507,15435412
4.751997470855713,15430934
4.758291244506836,15430934
4.759225130081177,15430934
4.759886741638184,15429038
4.771293640136719,15429038
4.772447347640991,15429038
4.783863544464111,15429038
4.790379762649536,15429038
4.791292667388916,15429038
4.79732346534729,15429038
4.803529262542725,15429038
4.815164089202881,15429038
4.816187620162964,15429038
4.817076921463013,15429038
4.833818674087524,15429038
4.840512275695801,15429038
4.841650724411011,15429038
4.84765100479126,15429038
4.8539509773254395,15429038
4.865551233291626,15429038
4.866691589355469,15429038
4.878105401992798,15429038
4.879136800765991,15429038
4.885384798049927,15429038
4.891650676727295,15429038
4.897904396057129,15429038
4.904188871383667,15429038
4.910420656204224,15429038
4.916642665863037,15429038
4.928290367126465,15429038
4.929324626922607,15429038
4.935581922531128,15422679
4.941910028457642,15421030
4.942821979522705,15421030
4.948857307434082,15421030
4.949749231338501,15421030
4.950369596481323,15411821
4.951003551483154,15411821
4.962305068969727,15411821
4.974084138870239,15411821
4.975215435028076,15411821
4.981603622436523,15411821
4.988119840621948,15411821
4.994409084320068,15411821
5.0059974193573,15411821
5.007018566131592,15411821
5.0079345703125,15411821
5.0139384269714355,15409174
5.020151376724243,15409174
5.021024942398071,15409174
5.0323874950408936,15409174
5.033515214920044,15409174
5.039545774459839,15409174
5.051157236099243,15409174
5.05230450630188,15409174
5.074441909790039,15409174
5.086370468139648,15409174
5.087921142578125,15409174
5.089196443557739,15409174
5.095421552658081,15409174
5.101715564727783,15409174
5.118704795837402,15409174
5.125480890274048,15409174
5.137125730514526,15409174
5.143517255783081,15409174
5.150070905685425,15409174
5.156355381011963,15409174
5.15723443031311,15409174
5.179348468780518,15409174
5.180752277374268,15409174
5.187239170074463,15409174
5.188138484954834,15409174
5.199506044387817,15409174
5.216594934463501,15409174
5.223471403121948,15409174
5.224502325057983,15409174
5.246760368347168,15409174
5.248175144195557,15409174
5.249312877655029,15409174
5.260622262954712,15409174
5.272535562515259,15409174
5.279034614562988,15409174
5.296048641204834,15409174
5.297316312789917,15409174
5.303593397140503,15409174
5.304488182067871,15409174
5.315872430801392,15409174
5.322268962860107,15409174
5.32342267036438,15409174
5.324074029922485,15409174
5.346168041229248,15409174
5.352968454360962,15409174
5.3597283363342285,15409174
5.371411323547363,15409174
5.377897500991821,15409174
5.389457702636719,15409174
5.401308536529541,15409174
5.40781307220459,15409174
5.414073944091797,15409174
5.431085824966431,15409174
5.432251930236816,15409174
5.438755989074707,15409174
5.445031404495239,15409174
5.451313257217407,15409174
5.457564115524292,15409174
5.46383261680603,15409174
5.470072507858276,15409174
5.476376533508301,15409174
5.4826414585113525,15409174
5.488889455795288,15409174
5.489800214767456,15409174
5.506507158279419,15409174
5.507933139801025,15409174
5.508561134338379,15405834
5.509214162826538,15405834
5.5098488330841064,15405834
5.515866041183472,15405834
5.527450323104858,15405834
5.539378881454468,15405834
5.540536165237427,15405834
5.551915168762207,15405834
5.5529351234436035,15405834
5.5592429637908936,15405834
5.560161590576172,15405834
5.582285165786743,15405834
5.583676099777222,15405834
5.595350742340088,15405834
5.596755027770996,15405834
5.602790355682373,15405834
5.609077453613281,15405834
5.626142978668213,15405834
5.632911443710327,15405834
5.633805274963379,15405834
5.639818429946899,15405834
5.656805992126465,15405834
5.658222198486328,15405834
5.680359125137329,15405834
5.681775331497192,15405834
5.682925462722778,15396814
5.6889259815216064,15396814
5.69518780708313,15396814
5.706876993179321,15396814
5.708031415939331,15396814
5.719397783279419,15396814
5.725745677947998,15396814
5.726892709732056,15396814
5.754263401031494,15396814
5.755930662155151,15396814
5.767672538757324,15396814
5.76910662651062,15396814
5.775127649307251,15396814
5.7867772579193115,15396814
5.793202638626099,15396814
5.794215679168701,15396814
5.800499439239502,15396814
5.812093257904053,15396814
5.81325364112854,15396814
5.819284200668335,15396814
5.820186138153076,15396814
5.83696985244751,15396814
5.838243246078491,15396814
5.844477415084839,15396814
5.845356464385986,15396814
5.851396322250366,15396814
5.857671499252319,15396814
5.863935470581055,15396814
5.870187044143677,15396814
5.876437187194824,15396814
5.877341985702515,15396814
5.883421897888184,15396814
5.889728546142578,15396814
5.890625,15396814
5.90198016166687,15396814
5.908489942550659,15396814
5.914767265319824,15396814
5.931772232055664,15396814
5.9330503940582275,15396814
5.9446446895599365,15396814
5.956548690795898,15396814
5.968415975570679,15396814
5.974956750869751,15396814
5.991980075836182,15396814
5.998652219772339,15396814
6.005192279815674,15396814
6.011487007141113,15396814
6.02312445640564,15396814
6.034887075424194,15396814
6.036169528961182,15396814
6.047826528549194,15396814
6.054222345352173,15396814
6.066021203994751,15396814
6.067424297332764,15396814
6.068082332611084,15396814
6.074039459228516,15383925
6.085662364959717,15383925
6.086811542510986,15383925
6.092819929122925,15383925
6.099073886871338,15383925
6.099975109100342,15383925
6.116681337356567,15383925
6.123382329940796,15383925
6.13516640663147,15383925
6.136433362960815,15383925
6.142673969268799,15383925
6.148924350738525,15383925
6.15516209602356,15383925
6.166769742965698,15383925
6.178621292114258,15383925
6.1905412673950195,15383925
6.197068214416504,15383925
6.203313112258911,15383925
6.209578275680542,15383925
6.226578235626221,15383925
6.233404636383057,15383925
6.23969841003418,15383925
6.251392364501953,15383925
6.263260364532471,15383925
6.2644147872924805,15383925
6.281126976013184,15383925
6.293139457702637,15383925
6.294538974761963,15383925
6.30598783493042,15383925
6.312471389770508,15383925
6.324082374572754,15383925
6.330611944198608,15383925
6.331501007080078,15383925
6.332137823104858,15383925
6.343460321426392,15383925
6.355369806289673,15383925
6.361905097961426,15383925
6.368198394775391,15383925
6.374483585357666,15383925
6.380756855010986,15383925
6.392379999160767,15383925
6.393499135971069,15383925
6.410249471664429,15383925
6.411377429962158,15383925
6.417868375778198,15383925
6.424123048782349,15383925
6.430410861968994,15383925
6.442129611968994,15383925
6.448675632476807,15383925
6.449572801589966,15383925
6.45557975769043,15383925
6.4617600440979,15383925
6.4626429080963135,15383925
6.463269233703613,15383925
6.474619388580322,15383925
6.475754261016846,15383925
6.481750965118408,15383925
6.4826500415802,15383925
6.4940080642700195,15383925
6.500515937805176,15383925
6.501405715942383,15383925
6.502035617828369,15383925
6.502649784088135,15383687
6.514014005661011,15383687
6.5151526927948,15383687
6.515796899795532,15383687
6.5325517654418945,15383687
6.533946752548218,15383687
6.539947271347046,15383687
6.546207666397095,15383687
6.5471227169036865,15383687
6.553148031234741,15383687
6.564871549606323,15383687
6.571270704269409,15383687
6.577693462371826,15383687
6.594652414321899,15383687
6.595804929733276,15383687
6.602195739746094,15383687
6.608667373657227,15383687
6.614908218383789,15383687
6.626568555831909,15383687
6.6384665966033936,15383687
6.650206565856934,15383687
6.6569764614105225,15383687
6.668574810028076,15383687
6.67514181137085,15383687
6.676035642623901,15383687
6.687443017959595,15381927
6.693962812423706,15381927
6.705602407455444,15381927
6.71210241317749,15381927
6.723666667938232,15381927
6.724659442901611,15381927
6.73088264465332,15381927
6.737128257751465,15381927
6.748735427856445,15381927
6.755274057388306,15381927
6.761560916900635,15381927
6.773131608963013,15381927
6.7795562744140625,15375084
6.780582427978516,15375084
6.792309522628784,15375084
6.793430805206299,15375084
6.810140371322632,15375084
6.816785097122192,15372461
6.817964315414429,15372461
6.829370021820068,15372461
6.835881948471069,15372461
6.842144012451172,15372461
6.859213590621948,15372461
6.8657166957855225,15372461
6.872523307800293,15372461
6.873418569564819,15372461
6.8794264793396,15372461
6.885683298110962,15372461
6.8865721225738525,15372461
6.903320550918579,15372461
6.909968376159668,15372461
6.911114454269409,15372461
6.922511339187622,15372461
6.929014205932617,15372461
6.940653085708618,15372461
6.947051048278809,15372461
6.958932161331177,15372461
6.965331792831421,15372461
6.966496706008911,15372461
6.967144966125488,15372461
6.973170518875122,15372461
6.990172386169434,15372461
6.996829032897949,15372461
6.9979963302612305,15372461
7.003994464874268,15372461
7.010239601135254,15372461
7.02186131477356,15372461
7.028414011001587,15372461
7.034718751907349,15372461
7.046379804611206,15372461
7.047499895095825,15372461
7.048164367675781,15372461
7.064870834350586,15372461
7.0717387199401855,15372461
7.083343982696533,15372461
7.095148324966431,15372461
7.096299171447754,15372461
7.097425222396851,15372461
7.114144325256348,15372461
7.1155359745025635,15372461
7.121573448181152,15372461
7.12779688835144,15372461
7.144772529602051,15372461
7.146048307418823,15372461
7.157682657241821,15372461
7.158830165863037,15372461
7.1648173332214355,15372461
7.165680646896362,15372461
7.177081823348999,15372461
7.183613538742065,15372461
7.195266008377075,15372461
7.201779842376709,15372461
7.213472843170166,15372461
7.2145912647247314,15372461
7.2367119789123535,15372461
7.243525743484497,15372461
7.244548559188843,15372461
7.245669364929199,15372461
7.2517194747924805,15372461
7.257996320724487,15372461
7.264273643493652,15372461
7.265188217163086,15368407
7.276559829711914,15368407
7.288450717926025,15368407
7.289583444595337,15368407
7.29561185836792,15368407
7.2965028285980225,15368407
7.3186609745025635,15368407
7.320185661315918,15368407
7.326421022415161,15368407
7.338164329528809,15368407
7.339339733123779,15368407
7.350729942321777,15368407
7.357235670089722,15368407
7.3635194301605225,15368407
7.375089645385742,15368407
7.381659746170044,15368407
7.387964963912964,15368407
7.388833999633789,15368407
7.394817352294922,15368407
7.401077747344971,15368407
7.407338857650757,15368407
7.418952226638794,15368407
7.430776596069336,15368407
7.437274932861328,15368407
7.454266548156738,15368407
7.4556872844696045,15368407
7.4671311378479,15368407
7.473709583282471,15368407
7.479964017868042,15368407
7.496968746185303,15368407
7.503767967224121,15368407
7.51003360748291,15368407
7.5109171867370605,15368407
7.5168867111206055,15368407
7.528478384017944,15368407
7.540353536605835,15368407
7.541510581970215,15365965
7.5475218296051025,15365965
7.5537803173065186,15365965
7.570882081985474,15365965
7.582911014556885,15365965
7.589685916900635,15365965
7.590589284896851,15365965
7.5912184715271,15365965
7.607935667037964,15365965
7.6090734004974365,15365965
7.620964765548706,15365965
7.627466917037964,15365965
7.639019966125488,15365965
7.640184640884399,15365965
7.651541471481323,15365965
7.652673721313477,15365965
7.669492483139038,15365965
7.676145792007446,15365965
7.682682037353516,15365965
7.688957929611206,15365965
7.700599670410156,15365965
7.70176100730896,15365965
7.707756996154785,15363603
7.71750283241272,15363603
7.728506326675415,15363603
7.749056339263916,15363603
7.760571241378784,15363603
7.762554407119751,15363603
7.7733378410339355,15363603
7.77489709854126,15363603
7.803189754486084,15363603
7.814783096313477,15363603
7.816334247589111,15363603
7.81737208366394,15363603
7.846018314361572,15363603
7.848206043243408,15363603
7.8589324951171875,15363603
7.86051607131958,15363603
7.880223274230957,15363603
7.900396823883057,15363603
7.920580863952637,15363603
7.931429147720337,15363603
7.933368444442749,15363603
7.952789068222046,15363603
7.9730141162872314,15363603
7.975040674209595,15363603
7.994486331939697,15363603
8.005220174789429,15363603
8.01610803604126,15363603
8.02717924118042,15363603
8.046920776367188,15363603
8.059589147567749,15363603
8.060993194580078,15363603
8.061624765396118,15363603
8.067653894424438,15354852
8.068545818328857,15351369
8.06916856765747,15350403
8.080459833145142,15348441
8.086958885192871,15348441
8.087878704071045,15348441
8.09389615058899,15348441
8.1055166721344,15348441
8.10655403137207,15348441
8.118197917938232,15348441
8.119356870651245,15348441
8.119999408721924,15348441
8.131332635879517,15348441
8.137722969055176,15348441
8.144286632537842,15348441
8.155914545059204,15348441
8.156946897506714,15348441
8.157861471176147,15348226
8.163843631744385,15343892
8.170114040374756,15343892
8.171009302139282,15336904
8.18234634399414,15336904
8.188712358474731,15336904
8.195181846618652,15336904
8.21218466758728,15336904
8.218679189682007,15336904
8.220073938369751,15336904
8.231442928314209,15336904
8.23259973526001,15336904
8.243982553482056,15336904
8.250469446182251,15336904
8.256768465042114,15336904
8.263041734695435,15336904
8.269299268722534,15336904
8.280911445617676,15336904
8.282045364379883,15336904
8.293492317199707,15336904
8.30000615119934,15336904
8.30625867843628,15327385
8.317921876907349,15327385
8.324434280395508,15327385
8.330671072006226,15327385
8.336997270584106,15327385
8.343265295028687,15327385
8.34414553642273,15327385
8.36086893081665,15327385
8.367379426956177,15327385
8.368515491485596,15327385
8.369402170181274,15327385
8.38098955154419,15327385
8.398178577423096,15327385
8.404987096786499,15327385
8.40591049194336,15327385
8.411926746368408,15327385
8.418184041976929,15324970
8.419106721878052,15324970
8.419737815856934,15324970
8.431124925613403,15324970
8.437626600265503,15324970
8.443915367126465,15324970
8.460889339447021,15324970
8.46227502822876,15324970
8.462909460067749,15324970
8.47429347038269,15324970
8.486158609390259,15324970
8.49272346496582,15324970
8.49898362159729,15324970
8.505209684371948,15324970
8.5114905834198,15324970
8.523120164871216,15324970
8.529511451721191,15324970
8.536015033721924,15324970
8.547550916671753,15324970
8.548565864562988,15324970
8.549460411071777,15324970
8.560793399810791,15324970
8.561954736709595,15324970
8.573229551315308,15324970
8.579736471176147,15324970
8.585992097854614,15324970
8.597503662109375,15324970
8.598659753799438,15324970
8.604691743850708,15324970
8.61095142364502,15324970
8.617189645767212,15324970
8.628832340240479,15324970
8.635220050811768,15324970
8.641746520996094,15324970
8.647978782653809,15324970
8.65962266921997,15324970
8.660773038864136,15324970
8.666789054870605,15324970
8.67305874824524,15324970
8.679318904876709,15324970
8.696294784545898,15324970
8.702996730804443,15324970
8.7148916721344,15324970
8.716052293777466,15324970
8.727421045303345,15324970
8.733970403671265,15324970
8.745621681213379,15324970
8.74675440788269,15324970
8.75812292098999,15324970
8.770012140274048,15324970
8.776374578475952,15324970
8.777526140213013,15323843
8.788846254348755,15323843
8.795349359512329,15323843
8.796252727508545,15323843
8.796907424926758,15323843
8.808277368545532,15323843
8.809274673461914,15323843
8.815495491027832,15323843
8.821773529052734,15323843
8.83346700668335,15323843
8.845322370529175,15323843
8.851794004440308,15323843
8.858101606369019,15323843
8.875110149383545,15323843
8.881776571273804,15323843
8.88819146156311,15323843
8.894640445709229,15323843
8.895781755447388,15323843
8.901798725128174,15323843
8.924139261245728,15323843
8.925534963607788,15323843
8.93741226196289,15323843
8.938445329666138,15323843
8.955435752868652,15323843
8.956731081008911,15323843
8.96300458908081,15323843
8.98003077507019,15323843
8.986685276031494,15323843
8.993199348449707,15323843
9.010151386260986,15323843
9.016815662384033,15323843
9.023343563079834,15323843
9.02958869934082,15323843
9.041288614273071,15323843
9.042446613311768,15323843
9.053781032562256,15323843
9.060325145721436,15323843
9.072013139724731,15323843
9.07302737236023,15323843
9.079291582107544,15323843
9.08554744720459,15323843
9.102553129196167,15323843
9.10925555229187,15323843
9.115764141082764,15323843
9.132776737213135,15323843
9.13406491279602,15323843
9.134962558746338,15323843
9.14631986618042,15323843
9.169017791748047,15323843
9.170440912246704,15323843
9.176984071731567,15323843
9.177918195724487,15323843
9.17855429649353,15323843
9.184552669525146,15323843
9.206937313079834,15323843
9.208353042602539,15323843
9.214887142181396,15323843
9.221118688583374,15323843
9.232811212539673,15323843
9.23937439918518,15323843
9.25099778175354,15323843
9.25739336013794,15323843
9.269210577011108,15323843
9.27579927444458,15323843
9.276965856552124,15323843
9.283039093017578,15323843
9.283940315246582,15323843
9.289987087249756,15317678
9.29623818397522,15317678
9.313226461410522,15317678
9.320029258728027,15317678
9.326308012008667,15317678
9.337993383407593,15317678
9.355232238769531,15317678
9.356378555297852,15317678
9.357537031173706,15317678
9.368921518325806,15303566
9.375264406204224,15303566
9.376412868499756,15303566
9.387794017791748,15303566
9.388952493667603,15303566
9.41485333442688,15303566
9.416284799575806,15303566
9.41746473312378,15303566
9.418115139007568,15303566
9.42409062385559,15303566
9.430372714996338,15303566
9.436642408370972,15303566
9.448293209075928,15303566
9.454792976379395,15303566
9.455713272094727,15303566
9.467165470123291,15303566
9.468336343765259,15303566
9.474347591400146,15303566
9.475272178649902,15303566
9.481337785720825,15296351
9.482236862182617,15296351
9.504294395446777,15296351
9.511183261871338,15296351
9.523101568222046,15296351
9.52957010269165,15296351
9.541182279586792,15296351
9.547681331634521,15296351
9.553932905197144,15296351
9.570923566818237,15296351
9.572310447692871,15296351
9.583691835403442,15296351
9.59020733833313,15296351
9.601848602294922,15296351
9.602988719940186,15296351
9.614371299743652,15296351
9.620826721191406,15293888
9.627208232879639,15293888
9.628245830535889,15293888
9.634467363357544,15293888
9.651540040969849,15293888
9.6581552028656,15293888
9.664518117904663,15293888
9.665663480758667,15293888
9.671710729598999,15293888
9.6780264377594,15293888
9.689618587493896,15293888
9.706702947616577,15293888
9.708123207092285,15293888
9.714674234390259,15272147
9.720942258834839,15272147
9.727203845977783,15272147
9.733476638793945,15272147
9.7343909740448,15272147
9.740391254425049,15272147
9.752038955688477,15272147
9.758406400680542,15272147
9.759552240371704,15272147
9.765578985214233,15272147
9.777175426483154,15272147
9.77832579612732,15272147
9.789769172668457,15272147
9.790914297103882,15272147
9.807649612426758,15272147
9.80895209312439,15272147
9.815190076828003,15272147
9.816094636917114,15272147
9.827423095703125,15272147
9.83915400505066,15272147
9.840413808822632,15272147
9.841292142868042,15272147
9.858101844787598,15272147
9.859511375427246,15272147
9.876282930374146,15272147
9.88832950592041,15272147
9.894979000091553,15272147
9.901512861251831,15272147
9.913192987442017,15272147
9.919644355773926,15272147
9.925965547561646,15272147
9.927109956741333,15272147
9.943865776062012,15272147
9.945124626159668,15272147
9.951407670974731,15272147
9.957685232162476,15272147
9.963968992233276,15272147
9.986268997192383,15272147
9.993051767349243,15272147
9.99446702003479,15272147
10.000490427017212,15272147
10.006707429885864,15272147
10.013013362884521,15272147
10.019275903701782,15272147
10.03618335723877,15272147
10.042803049087524,15272147
10.0547194480896,15272147
10.055747509002686,15272147
10.067389249801636,15272147
10.073888063430786,15272147
10.085494756698608,15272147
10.097302436828613,15272147
10.109209775924683,15272147
10.110753297805786,15272147
10.122437715530396,15272147
10.12346887588501,15272147
10.129700183868408,15272147
10.135998725891113,15272147
10.142261505126953,15272147
10.148535966873169,15272147
10.149427890777588,15272147
10.16609501838684,15272147
10.167368412017822,15272147
10.184332847595215,15272147
10.185492992401123,15272147
10.186615467071533,15272147
10.192605018615723,15272147
10.198890209197998,15272147
10.205126762390137,15272147
10.211436748504639,15272147
10.223123788833618,15272147
10.229653358459473,15272147
10.24127984046936,15272147
10.247783660888672,15272147
10.254080772399902,15272147
10.26570439338684,15272147
10.272112131118774,15272147
10.278504133224487,15272147
10.284886121749878,15272147
10.291433334350586,15272147
10.297682762145996,15272147
10.309325218200684,15272147
10.31582260131836,15272147
10.332861185073853,15272147
10.339526653289795,15272147
10.348063707351685,15272147
10.356246709823608,15272147
10.367974758148193,15272147
10.3744957447052,15272147
10.375401020050049,15272147
10.386812925338745,15272147
10.39334487915039,15272147
10.405015468597412,15272147
10.42460012435913,15272147
10.43582534790039,15272147
10.45615816116333,15272147
10.467095851898193,15272147
10.468938827514648,15272147
10.470002889633179,15272147
10.489212274551392,15272147
10.490905523300171,15272147
10.510595083236694,15272147
10.521569728851318,15272147
10.532104730606079,15272147
10.551681280136108,15272147
10.57178258895874,15272147
10.574090480804443,15272147
10.602670431137085,15272147
10.623334646224976,15272147
10.634501934051514,15272147
10.636404752731323,15272147
10.665041446685791,15272147
10.676575660705566,15272147
10.678057670593262,15272147
10.697505235671997,15272147
10.708419561386108,15272147
10.719048976898193,15272147
10.729577541351318,15272147
10.758533954620361,15272147
10.760647773742676,15272147
10.771092414855957,15272147
10.790880918502808,15272147
10.80184030532837,15272147
10.821651697158813,15272147
10.832383871078491,15272147
10.843403577804565,15272147
10.87248945236206,15272147
10.874623537063599,15272147
10.885321140289307,15272147
10.90516710281372,15272147
10.925862550735474,15272147
10.937148094177246,15272147
10.938603162765503,15272147
10.958435297012329,15272147
10.969587802886963,15272147
11.007811069488525,15272147
11.010241985321045,15272147
11.021269083023071,15272147
11.032601356506348,15272147
11.034134864807129,15272147
11.05361533164978,15272147
11.064796209335327,15272147
11.085521697998047,15272147
11.087499380111694,15272147
11.107340812683105,15272147
11.118589639663696,15272147
11.138829469680786,15272147
11.140769481658936,15272147
11.151113510131836,15272147
11.16209101676941,15272147
11.163578033447266,15272147
11.211513042449951,15272147
11.213984489440918,15272147
11.215826988220215,15272147
11.23559021949768,15272147
11.246792793273926,15272147
11.257551670074463,15272147
11.259068250656128,15272147
11.269285440444946,15272147
11.28912615776062,15272147
11.300341844558716,15272147
11.301782608032227,15272147
11.330999851226807,15272147
11.342604637145996,15272147
11.363523006439209,15272147
11.384620189666748,15272147
11.396655559539795,15272147
11.407870054244995,15272147
11.409554481506348,15272147
11.42066740989685,15272147
11.43156361579895,15272147
11.433053970336914,15272147
11.453221559524536,15272147
11.455196380615234,15272147
11.48539400100708,15272147
11.497232675552368,15272147
11.508954524993896,15272147
11.520001888275146,15272147
11.540615797042847,15272147
11.542543888092041,15272147
11.543586730957031,15272147
11.564293384552002,15272147
11.575572490692139,15272147
11.577039003372192,15272147
11.615858554840088,15272147
11.636903285980225,15272147
11.639796257019043,15272147
11.651096105575562,15272147
11.66291618347168,15272147
11.674343585968018,15272147
11.704210758209229,15272147
11.716035842895508,15272147
11.724885940551758,15272147
11.731181144714355,15272147
11.742848873138428,15272147
11.763689517974854,15272147
11.766106605529785,15272147
11.777518033981323,15272147
11.78849983215332,15272147
11.818283796310425,15272147
11.829893112182617,15272147
11.850729942321777,15272147
11.87090253829956,15272147
11.882009267807007,15272147
11.884431838989258,15272147
11.904048204421997,15272147
11.915428876876831,15272147
11.935337781906128,15272147
11.955635786056519,15272147
11.966962337493896,15272147
11.986953735351562,15272147
11.988675832748413,15272147
11.999680042266846,15272147
12.019848108291626,15268352
12.04035496711731,15268352
12.051644325256348,15268352
12.071585893630981,15268352
12.082973718643188,15268352
12.08453917503357,15268352
12.085658073425293,15268352
12.124606847763062,15268352
12.136229753494263,15268352
12.148056983947754,15268352
12.169065475463867,15268352
12.181147575378418,15268352
12.192293643951416,15268352
12.19385051727295,15268352
12.204568862915039,15268352
12.224879741668701,15268352
12.236215829849243,15268352
12.23766565322876,15268352
12.248199462890625,15268352
12.259048700332642,15268352
12.269920587539673,15268352
12.29955530166626,15268352
12.30161714553833,15268352
12.312337875366211,15268352
12.313770055770874,15268352
12.333380222320557,15268352
12.353949546813965,15268352
12.355845212936401,15268352
12.384793043136597,15268352
12.396043539047241,15268352
12.407180547714233,15268352
12.4093017578125,15268352
12.429054260253906,15268352
12.449491739273071,15268352
12.460640668869019,15268352
12.462098836898804,15268352
12.48137903213501,15268352
12.492503881454468,15268352
12.5124831199646,15268352
12.514403820037842,15268352
12.524597883224487,15268352
12.535239934921265,15268352
12.536728620529175,15268352
12.546884536743164,15268352
12.575913667678833,15268352
12.57827639579773,15268352
12.579330921173096,15268352
12.59896469116211,15268352
12.610097885131836,15268352
12.629783630371094,15268352
12.631708145141602,15268352
12.641821146011353,15268352
12.6615891456604,15268352
12.663273334503174,15268352
12.683135271072388,15268352
12.69451117515564,15268352
12.714671611785889,15268352
12.725655555725098,15268352
12.727593183517456,15268352
12.747395992279053,15268352
12.749320983886719,15268352
12.768697500228882,15268352
12.770630359649658,15268352
12.790016889572144,15268352
12.81033182144165,15268352
12.830422401428223,15268352
12.832781553268433,15268352
12.880067825317383,15268352
12.882799625396729,15268352
12.893878698348999,15268352
12.904637813568115,15268352
12.924676418304443,15268352
12.93579888343811,15268352
12.94651985168457,15268352
12.957240104675293,15268352
12.968083381652832,15268352
12.988331317901611,15268352
12.99992060661316,15268352
13.029107570648193,15268352
13.040284156799316,15268352
13.04218077659607,15268352
13.05230975151062,15268352
13.062932252883911,15268352
13.07355546951294,15268352
13.075034141540527,15268352
13.08534836769104,15268352
13.096050262451172,15268352
13.10673475265503,15268352
13.117494583129883,15268352
13.119032621383667,15268352
13.147897005081177,15268352
13.159540176391602,15268352
13.179709911346436,15268352
13.181648254394531,15268352
13.192209482192993,15268352
13.203285455703735,15268352
13.223784685134888,15268352
13.235222816467285,15268352
13.236742496490479,15268352
13.256716012954712,15268352
13.268188238143921,15268352
13.298484325408936,15268352
13.310391902923584,15268352
13.311912775039673,15268352
13.331446647644043,15268352
13.34265661239624,15268352
13.353365659713745,15268352
13.382566928863525,15268352
13.393513679504395,15268352
13.413873672485352,15268352
13.416229724884033,15268352
13.418169498443604,15268352
13.428351163864136,15268352
13.448486566543579,15268352
13.459736347198486,15268352
13.461264371871948,15268352
13.4993155002594,15268352
13.501945972442627,15268352
13.512634754180908,15268352
13.51414966583252,15268352
13.533888101577759,15268352
13.554543256759644,15268352
13.575047731399536,15268352
13.577066421508789,15268352
13.587484359741211,15268352
13.598456859588623,15268352
13.61868691444397,15268352
13.630115270614624,15268352
13.641136884689331,15268352
13.651973724365234,15268352
13.67227816581726,15268352
13.683502197265625,15268352
13.703356504440308,15268352
13.714738845825195,15268352
13.716264009475708,15268352
13.735802173614502,15268352
13.747026920318604,15268352
13.767014265060425,15268352
13.77806305885315,15268352
13.789156198501587,15268352
13.790623903274536,15268352
13.819616079330444,15268352
13.839928388595581,15268352
13.842280387878418,15268352
13.843994140625,15268352
13.864420413970947,15268352
13.866397380828857,15268352
13.87714672088623,15268352
13.906450748443604,15268352
13.917908668518066,15268352
13.929328918457031,15268352
13.930872917175293,15268352
13.96907377243042,15268352
13.971703290939331,15268352
13.992294073104858,15268352
14.003262519836426,15268352
14.014352083206177,15268352
14.03420639038086,15268352
14.04506778717041,15268352
14.047006368637085,15268352
14.05720853805542,15268352
14.077135562896729,15268352
14.088376998901367,15268352
14.108199834823608,15268352
14.110146284103394,15268352
14.111200332641602,15268352
14.140021562576294,15268352
14.142180919647217,15268352
14.162138938903809,15268352
14.182393789291382,15268352
14.202680110931396,15268352
14.222952604293823,15268352
14.233934879302979,15268352
14.245089054107666,15268352
14.264967203140259,15268352
14.276110649108887,15268352
14.29593014717102,15268352
14.307080030441284,15268352
14.345868349075317,15268352
14.34838056564331,15268352
14.368415594100952,15268352
14.38880968093872,15268352
14.390473365783691,15268352
14.410710573196411,15268352
14.421937704086304,15268352
14.42355728149414,15268352
14.453500509262085,15268352
14.455984354019165,15268352
14.467047214508057,15268352
14.487720727920532,15268352
14.489377498626709,15268352
14.500168800354004,15268352
14.501623392105103,15268352
14.502651453018188,15268352
14.51289701461792,15268352
14.532812118530273,15268352
14.543647050857544,15268352
14.563905239105225,15268352
14.57503342628479,15268352
14.585664510726929,15268352
14.59630823135376,15268352
14.60693621635437,15268352
14.617547988891602,15268352
14.628267049789429,15268352
14.64810848236084,15268352
14.659245491027832,15268352
14.669999361038208,15268352
14.680761337280273,15268352
14.700896263122559,15268352
14.712091445922852,15268352
14.722944498062134,15268352
14.724371671676636,15268352
14.763148784637451,15268352
14.765401840209961,15268352
14.776665925979614,15268352
14.79761815071106,15268352
14.800004482269287,15268352
14.810524940490723,15268352
14.811988830566406,15268352
14.831583499908447,15268352
14.83345890045166,15268352
14.862480401992798,15268352
14.864545345306396,15268352
14.875328779220581,15268352
14.90499472618103,15268352
14.906856298446655,15268352
14.90869402885437,15268352
14.91898226737976,15268352
14.929742097854614,15268352
14.949886560440063,15268352
14.961113691329956,15268352
14.971919775009155,15268352
14.982703447341919,15268352
15.002655982971191,15268352
15.013970136642456,15268352
15.02475881576538,15268352
15.044844627380371,15268352
15.04673171043396,15268352
15.06697702407837,15268352
15.087946653366089,15268352
15.09918737411499,15268352
15.101242303848267,15268352
15.111819744110107,15268352
15.122784852981567,15268352
15.13371205329895,15268352
15.154114484786987,15268352
15.165433168411255,15268352
15.176658868789673,15268352
15.178595304489136,15268352
15.199013471603394,15268352
15.200793266296387,15268352
15.211711645126343,15268352
15.213166236877441,15268352
15.214165687561035,15268352
15.233735084533691,15268352
15.235443115234375,15268352
15.246103525161743,15268352
15.266055583953857,15268352
15.277172803878784,15268352
15.288011312484741,15268352
15.298788785934448,15268352
15.300266027450562,15268352
15.329236507415771,15268352
15.349907398223877,15268352
15.351984024047852,15268352
15.362661600112915,15268352
15.382479190826416,15268352
15.39359164237976,15268352
15.40440320968628,15268352
15.405864715576172,15268352
15.425274848937988,15268352
15.436457395553589,15268352
15.437912225723267,15268352
15.457532167434692,15268352
15.468478202819824,15268352
15.488614559173584,15268352
15.50017499923706,15268352
15.520033359527588,15268352
15.521933555603027,15268352
15.550700902938843,15268352
15.553040027618408,15268352
15.582692384719849,15268352
15.594420671463013,15268352
15.59608244895935,15268352
15.597514867782593,15268352
15.636414766311646,15268352
15.648329734802246,15268352
15.650479316711426,15268352
15.680111408233643,15268352
15.682454824447632,15268352
15.701868295669556,15268352
15.703557014465332,15268352
15.71419644355774,15268352
15.724761247634888,15268352
15.744645833969116,15268352
15.755802631378174,15268352
15.766503810882568,15268352
15.78037714958191,15268352
15.792290210723877,15268352
15.79343867301941,15268352
15.799444675445557,15268352
15.816418409347534,15268352
15.823095083236694,15268352
15.829672574996948,15268352
15.830546617507935,15268352
15.836545467376709,15268352
15.848122596740723,15268352
15.849288702011108,15268352
15.866046667098999,15268352
15.872665405273438,15268352
15.884553909301758,15268352
15.885707378387451,15268352
15.891730546951294,15268352
15.89798903465271,15268352
15.904209852218628,15268352
15.910492658615112,15268352
15.932822465896606,15268352
15.934090614318848,15268352
15.935345888137817,15268352
15.946900844573975,15268352
15.953399896621704,15268352
15.965042352676392,15268352
15.971436262130737,15268352
15.977939367294312,15268352
15.984186172485352,15268352
15.99048113822937,15268352
15.996761322021484,15268352
16.0191068649292,15268352
16.02063822746277,15268352
16.02153205871582,15268352
16.038259983062744,15268352
16.039670944213867,15268352
16.045674085617065,15268352
16.057310581207275,15268352
16.068358898162842,15268352
16.06981658935547,15268352
16.089426279067993,15268352
16.1005756855011,15268352
16.1207492351532,15268352
16.150717735290527,15268352
16.162978887557983,15268352
16.174739122390747,15268352
16.186530351638794,15268352
16.19789409637451,15268352
16.209396600723267,15268352
16.230366945266724,15268352
16.26040029525757,15268352
16.281294107437134,15268352
16.284127473831177,15268352
16.305006742477417,15268352
16.307434558868408,15268352
16.3275249004364,15268352
16.32945990562439,15268352
16.35874056816101,15268352
16.370415925979614,15268352
16.372190713882446,15268352
16.392372608184814,15268352
16.403611183166504,15268352
16.41445016860962,15268352
16.425368547439575,15268352
16.445638179779053,15268352
16.447383642196655,15268352
16.45820665359497,15268352
16.478672742843628,15268352
16.480528354644775,15268352
16.481545209884644,15268352
16.510356426239014,15268352
16.51218891143799,15268352
16.51383090019226,15268352
16.524479150772095,15268352
16.525983333587646,15268352
16.554683923721313,15268352
16.556795597076416,15268352
16.57654571533203,15268352
16.578518629074097,15268352
16.58875322341919,15268352
16.599367141723633,15268352
16.60085964202881,15268352
16.61112380027771,15268352
16.630969285964966,15268352
16.641924619674683,15268352
16.643895864486694,15268352
16.65449619293213,15268352
16.665405988693237,15268352
16.667032480239868,15266070
16.687497854232788,15266070
16.69873881340027,15266070
16.700676679611206,15266070
16.72161340713501,15266070
16.733223915100098,15266070
16.74475336074829,15266070
16.746540069580078,15266070
16.76671600341797,15266070
16.768380880355835,15266070
16.779112577438354,15266070
16.78997826576233,15266070
16.791428089141846,15266070
16.801648139953613,15266070
16.8122718334198,15266070
16.81372332572937,15266070
16.851731777191162,15266070
16.854281663894653,15266070
16.865079641342163,15266070
16.875730514526367,15266070
16.895647764205933,15266070
16.916276931762695,15266070
16.91792917251587,15266070
16.947534561157227,15266070
16.959035634994507,15266070
16.970252513885498,15266070
16.990325212478638,15266070
17.001429319381714,15266070
17.02153491973877,15266070
17.032652854919434,15266070
17.04382610321045,15266070
17.04531240463257,15266070
17.05548644065857,15266070
17.056944131851196,15266070
17.076255798339844,15266070
17.096731424331665,15266070
17.116849184036255,15266070
17.11896848678589,15266070
17.13884687423706,15266070
17.140528440475464,15266070
17.15114188194275,15266070
17.161733627319336,15266070
17.172353744506836,15266070
17.19215488433838,15266070
17.20303440093994,15266070
17.204928874969482,15266070
17.233514547348022,15266070
17.245086193084717,15266070
17.274736404418945,15266070
17.27686595916748,15266070
17.29701805114746,15266070
17.31806993484497,15266070
17.32014274597168,15266070
17.340500831604004,15266070
17.342216730117798,15266070
17.35293173789978,15266070
17.36391019821167,15266070
17.384313821792603,15266070
17.40493679046631,15266070
17.416573762893677,15266070
17.446703672409058,15266070
17.458831548690796,15266070
17.48050284385681,15266070
17.49186110496521,15266070
17.503180742263794,15266070
17.51409387588501,15266070
17.534366130828857,15266070
17.5456383228302,15266070
17.556545972824097,15266070
17.5675368309021,15261105
17.578328371047974,15261105
17.598878383636475,15261105
17.619194269180298,15261105
17.621391773223877,15261105
17.642003774642944,15261105
17.644023418426514,15261105
17.654661655426025,15261105
17.665605783462524,15261105
17.686688661575317,15261105
17.697954177856445,15261105
17.709450244903564,15261105
17.72049856185913,15261105
17.73142910003662,15261105
17.732892990112305,15261105
17.753076791763306,15261105
17.754881143569946,15261105
17.775114059448242,15261105
17.776817083358765,15261105
17.778266191482544,15261105
17.788443565368652,15261105
17.808964729309082,15261105
17.82995319366455,15261105
17.841792106628418,15261105
17.862152814865112,15261105
17.86395502090454,15261105
17.874905347824097,15261105
17.885854244232178,15261105
17.906328678131104,15261105
17.917734146118164,15261105
17.928988456726074,15261105
17.95880937576294,15261105
17.97068452835083,15261105
17.991987466812134,15261105
17.994078159332275,15261105
17.995084524154663,15261105
18.01495623588562,15261105
18.035414218902588,15261105
18.037509202957153,15261105
18.067435264587402,15261105
18.069493055343628,15261105
18.08023953437805,15261105
18.090834856033325,15261105
18.09227204322815,15261105
18.12135910987854,15261105
18.13297939300537,15261105
18.153299808502197,15261105
18.16448402404785,15261105
18.175636291503906,15261105
18.22384214401245,15261105
18.22649359703064,15261105
18.228514432907104,15261105
18.239391803741455,15261105
18.26003932952881,15261105
18.26201033592224,15261105
18.272749662399292,15261105
18.28368878364563,15261105
18.29457449913025,15261105
18.31509757041931,15261105
18.326427936553955,15261105
18.337422847747803,15261105
18.34842562675476,15261105
18.34986162185669,15261105
18.369635105133057,15261105
18.371522903442383,15261105
18.39125680923462,15261105
18.402573585510254,15261105
18.41352939605713,15261105
18.424278497695923,15261105
18.43520450592041,15261105
18.464855194091797,15261105
18.47649312019348,15261105
18.47800588607788,15261105
18.497699737548828,15261105
18.518466234207153,15261105
18.529670238494873,15261105
18.540552377700806,15261105
18.57037329673767,15261105
18.572649717330933,15261105
18.574118614196777,15261105
18.575130701065063,15261105
18.603942155838013,15261105
18.615331172943115,15261105
18.617239475250244,15261105
18.61829400062561,15261105
18.6193208694458,15261105
18.65713596343994,15261105
18.659480571746826,15261105
18.67964196205139,15261105
18.69061827659607,15261105
18.710859775543213,15261105
18.731258630752563,15261105
18.75147008895874,15261105
18.75341820716858,15261105
18.754482746124268,15261105
18.792691469192505,15261105
18.795170545578003,15261105
18.82435894012451,15261105
18.835803985595703,15261105
18.83770179748535,15261105
18.857353687286377,15261105
18.877755880355835,15261105
18.879911184310913,15261105
18.89986538887024,15261105
18.910929441452026,15261105
18.931015968322754,15261105
18.932921648025513,15261105
18.96165895462036,15261105
18.963776350021362,15261105
18.983619928359985,15261105
18.99432921409607,15261105
18.996296882629395,15261105
19.02482295036316,15261105
19.027201175689697,15261105
19.028283834457397,15261105
19.047952890396118,15261105
19.049906492233276,15261105
19.078562259674072,15261105
19.089943408966064,15261105
19.091652393341064,15261105
19.10244870185852,15261105
19.122350454330444,15261105
19.14247179031372,15261105
19.144673109054565,15261105
19.155508518218994,15261105
19.18467354774475,15261105
19.18689751625061,15261105
19.18843650817871,15261105
19.208326816558838,15261105
19.2103009223938,15261105
19.23027491569519,15261105
19.232236623764038,15261105
19.233325242996216,15261105
19.262889623641968,15261105
19.264864683151245,15261105
19.28550124168396,15261105
19.28735065460205,15261105
19.289222478866577,15261105
19.30906915664673,15261105
19.3205783367157,15261105
19.331738471984863,15261105
19.333165407180786,15261105
19.371437072753906,15261105
19.374154567718506,15261105
19.385037422180176,15261105
19.386473178863525,15261105
19.415526866912842,15261105
19.417490482330322,15261105
19.42835307121277,15261105
19.439449071884155,15261105
19.440923929214478,15261105
19.46033263206482,15261105
19.471502542495728,15261105
19.472990036010742,15261105
19.49245023727417,15261105
19.50323462486267,15261105
19.514223337173462,15261105
19.516076803207397,15261105
19.54474401473999,15261105
19.55618453025818,15261105
19.5673406124115,15261105
19.578113794326782,15261105
19.579590320587158,15261105
19.60840082168579,15261105
19.61994504928589,15261105
19.64022469520569,15261105
19.651368856430054,15261105
19.653212785720825,15261105
19.68286681175232,15261105
19.684933185577393,15261105
19.705219268798828,15261105
19.716594696044922,15261105
19.724998474121094,15261105
19.731265544891357,15261105
19.742979764938354,15261105
19.744131326675415,15261105
19.755552530288696,15261105
19.762075662612915,15261105
19.768359184265137,15261105
19.785385370254517,15261105
19.78681182861328,15261105
19.79828429222107,15261105
19.799423933029175,15261105
19.810802221298218,15261105
19.817354679107666,15261105
19.82898259162903,15261105
19.835360765457153,15261105
19.847057819366455,15261105
19.84848380088806,15261105
19.859890699386597,15261105
19.872632026672363,15261105
19.879166841506958,15261105
19.88545560836792,15261105
19.902533531188965,15261105
19.909175634384155,15261105
19.91569757461548,15261105
19.92202067375183,15261105
19.922916173934937,15261105
19.92889714241028,15261105
19.940500259399414,15261105
19.957667112350464,15261105
19.96973466873169,15261105
19.97123694419861,15261105
19.972403287887573,15261105
19.98405432701111,15261105
19.985076904296875,15261105
19.991357564926147,15261105
20.003095626831055,15261105
20.015007495880127,15261105
20.016159772872925,15261105
20.03289771080017,15261105
20.039578676223755,15261105
20.04606533050537,15261105
20.05768847465515,15261105
20.05887007713318,15261105
20.064935445785522,15261105
20.071194171905518,15261105
20.077461004257202,15261105
20.09456968307495,15261105
20.101308822631836,15261105
20.1129367351532,15261105
20.119508504867554,15261105
20.120404958724976,15261105
20.137165784835815,15261105
20.143826961517334,15261105
20.144979000091553,15261105
20.156341791152954,15261105
20.162880182266235,15261105
20.174518823623657,15261105
20.181030988693237,15261105
20.187307596206665,15261105
20.18821358680725,15261105
20.19956946372986,15261105
20.20612096786499,15261105
20.223111629486084,15261105
20.224392414093018,15261105
20.230661630630493,15261105
20.236948490142822,15261105
20.248640060424805,15261105
20.255182027816772,15261105
20.266831874847412,15261105
20.267985343933105,15261105
20.274011373519897,15261105
20.28563117980957,15261105
20.302695274353027,15261105
20.314732789993286,15261105
20.321643590927124,15261105
20.328432321548462,15261105
20.329575777053833,15261105
20.33070659637451,15261105
20.347394466400146,15261105
20.35407590866089,15261105
20.355206727981567,15261105
20.361185312271118,15261105
20.36740231513977,15261105
20.368311405181885,15261105
20.379683256149292,15261105
20.386204719543457,15261105
20.392465591430664,15261105
20.409427165985107,15261105
20.41084384918213,15261105
20.42759943008423,15261105
20.434266090393066,15261105
20.43530011177063,15261105
20.43619203567505,15261105
20.442151069641113,15261105
20.453763961791992,15261105
20.45491075515747,15261105
20.46625018119812,15261105
20.467410802841187,15261105
20.46805214881897,15261105
20.48480749130249,15261105
20.486103296279907,15261105
20.486988067626953,15261105
20.498350143432617,15261105
20.50475287437439,15261105
20.51123857498169,15261105
20.522908926010132,15261105
20.52944850921631,15261105
20.54654884338379,15261105
20.5531907081604,15261105
20.554362058639526,15261105
20.560364961624146,15261105
20.571949005126953,15261105
20.57845187187195,15261105
20.590081214904785,15261105
20.59659194946289,15261105
20.597476482391357,15261105
20.603471279144287,15261105
20.60977816581726,15260640
20.61606526374817,15260640
20.62235164642334,15260640
20.63395857810974,15260640
20.63513422012329,15260640
20.641150951385498,15260640
20.647430181503296,15260640
20.653708457946777,15260640
20.659973621368408,15260640
20.671578407287598,15260640
20.672722816467285,15260640
20.68412709236145,15260640
20.685131072998047,15260640
20.69140100479126,15260640
20.697644472122192,15260640
20.70394277572632,15260640
20.71558451652527,15260640
20.716728925704956,15260640
20.717339754104614,15260640
20.723379611968994,15260640
20.72968292236328,15260640
20.735984802246094,15260640
20.747609615325928,15260640
20.75956702232361,15260640
20.766106843948364,15260640
20.77240562438965,15260640
20.789423942565918,15260640
20.79082751274109,15260640
20.796797513961792,15260640
20.808422327041626,15260640
20.814807891845703,15260640
20.821250915527344,15260640
20.827765703201294,15260640
20.839414596557617,15260640
20.845779180526733,15260640
20.8523166179657,15260640
20.853231191635132,15260640
20.86457324028015,15260640
20.876453638076782,15260640
20.877607345581055,15260640
20.888999462127686,15260640
20.900891542434692,15260640
20.907407999038696,15260640
20.913681507110596,15260640
20.93070936203003,15260640
20.93199062347412,15260640
20.943604230880737,15260640
20.94463610649109,15260640
20.967121839523315,15260640
20.973885536193848,15260640
20.9806866645813,15260640
20.986964225769043,15260640
21.004008531570435,15260640
21.00524616241455,15260640
21.011446714401245,15260640
21.017662525177002,15260640
21.02388620376587,15260640
21.035460472106934,15260640
21.04734444618225,15260640
21.048503398895264,15260640
21.05991220474243,15260640
21.06106162071228,15260640
21.077953577041626,15260640
21.079225778579712,15260640
21.080135583877563,15260640
21.09690022468567,15260640
21.10368275642395,15260640
21.120689153671265,15260640
21.127325296401978,15260640
21.133840322494507,15260640
21.140077114105225,15260640
21.15172266960144,15260640
21.152892589569092,15260640
21.17508602142334,15260640
21.181895971298218,15260640
21.183183908462524,15260640
21.19478702545166,15260640
21.19594144821167,15260640
21.20199465751648,15260640
21.208257913589478,15260640
21.21982455253601,15260640
21.220999479293823,15260640
21.232417106628418,15260640
21.244321823120117,15260640
21.24547052383423,15260640
21.246126890182495,15260640
21.25756859779358,15260640
21.264078378677368,15260640
21.270355701446533,15260640
21.276643991470337,15260640
21.28291654586792,15260640
21.2838077545166,15260640
21.28442645072937,15260640
21.295830011367798,15260640
21.302353620529175,15260640
21.30324912071228,15260640
21.303873777389526,15260640
21.309863805770874,15260640
21.316059827804565,15260640
21.327663898468018,15260640
21.339645385742188,15260640
21.35140037536621,15260640
21.352667570114136,15260640
21.364312171936035,15260640
21.365460634231567,15260640
21.371508836746216,15260640
21.388535022735596,15260640
21.389686584472656,15260640
21.39069962501526,15260640
21.391568899154663,15260640
21.40834879875183,15260640
21.409746170043945,15260640
21.426563262939453,15260640
21.4278347492218,15260640
21.43945074081421,15260640
21.440603971481323,15260640
21.446589946746826,15260640
21.452872037887573,15260640
21.453779697418213,15260640
21.47061324119568,15260640
21.471766710281372,15260640
21.47834539413452,15260640
21.479240655899048,15260640
21.49602222442627,15260640
21.497162103652954,15260640
21.4983012676239,15260640
21.509722232818604,15260640
21.51089096069336,15260640
21.51150894165039,15260640
21.517523765563965,15260640
21.5291965007782,15260640
21.53573203086853,15260640
21.5420081615448,15260640
21.558966875076294,15260640
21.57101345062256,15260640
21.57241725921631,15260640
21.57847023010254,15260640
21.59547996520996,15260640
21.59675645828247,15260640
21.603005409240723,15260640
21.603883028030396,15260640
21.60991072654724,15260640
21.621526956558228,15260640
21.62254762649536,15260640
21.628867387771606,15260640
21.63518238067627,15260640
21.63607907295227,15260640
21.64746928215027,15260071
21.654013633728027,15260071
21.66029381752014,15260071
21.666568517684937,15260071
21.672818660736084,15260071
21.689910888671875,15260071
21.691302061080933,15260071
21.702733755111694,15260071
21.7038893699646,15260071
21.72057056427002,15260071
21.72182583808899,15260071
21.722712755203247,15260071
21.728718042373657,15260071
21.740353107452393,15260071
21.74691128730774,15260071
21.758553504943848,15260071
21.77031946182251,15260071
21.77710461616516,15260071
21.78879141807556,15260071
21.795287609100342,15260071
21.796178102493286,15260071
21.802153825759888,15260071
21.813721418380737,15260071
21.814903497695923,15260071
21.831628561019897,15260071
21.832900285720825,15260071
21.85529923439026,15260071
21.856692790985107,15260071
21.862973928451538,15260071
21.864012479782104,15260071
21.87562394142151,15260071
21.87678074836731,15259957
21.89354395866394,15259957
21.900012016296387,15259957
21.90129852294922,15259957
21.90760898590088,15259957
21.908519506454468,15259957
21.9145085811615,15259957
21.93152165412903,15259957
21.938188314437866,15259957
21.94470500946045,15259957
21.956316709518433,15259957
21.973492860794067,15259957
21.980260848999023,15259957
21.981662034988403,15259957
21.987706661224365,15259957
21.99934983253479,15259957
22.00591206550598,15259957
22.017537355422974,15259957
22.023983478546143,15258068
22.02514147758484,15258068
22.025781869888306,15258068
22.031778812408447,15258068
22.043521881103516,15258068
22.050074100494385,15258068
22.061708211898804,15258068
22.06819486618042,15258068
22.0920627117157,15258068
22.094263792037964,15258068
22.105034828186035,15258068
22.12495446205139,15258068
22.136279344558716,15258068
22.14723014831543,15258068
22.17625069618225,15258068
22.178199291229248,15258068
22.18888831138611,15258068
22.200071334838867,15258068
22.21106219291687,15258068
22.22204613685608,15258068
22.24280858039856,15258068
22.25411105155945,15258068
22.264830112457275,15258068
22.275721073150635,15258068
22.2959463596344,15258068
22.334736108779907,15258068
22.33766269683838,15258068
22.35804581642151,15258068
22.36948323249817,15258068
22.389617681503296,15258068
22.400922298431396,15258068
22.421196222305298,15258068
22.4321506023407,15258068
22.44340682029724,15258068
22.45454454421997,15258068
22.47442626953125,15258068
22.485722064971924,15258068
22.487141370773315,15258068
22.506510496139526,15258068
22.51760172843933,15258068
22.528326272964478,15258068
22.53910517692566,15258068
22.549612283706665,15258068
22.563740253448486,15258068
22.575650453567505,15258068
22.582221746444702,15258068
22.58848237991333,15258068
22.589372158050537,15258068
22.611494779586792,15258068
22.61838936805725,15258068
22.619552612304688,15258068
22.63094162940979,15258068
22.63745617866516,15258068
22.64373517036438,15258068
22.64462661743164,15258068
22.645260334014893,15258068
22.651287317276,15258068
22.65755820274353,15258068
22.674654245376587,15258068
22.681335926055908,15258068
22.68772268295288,15258068
22.69409489631653,15258068
22.700616598129272,15258068
22.71226477622986,15258068
22.724159002304077,15258068
22.735968828201294,15258068
22.737112760543823,15258068
22.748451709747314,15258068
22.754862785339355,15258068
22.75588607788086,15258068
22.75678300857544,15258068
22.762744903564453,15258068
22.769001007080078,15258068
22.769871473312378,15258068
22.775872945785522,15258068
22.776748657226562,15258068
22.79883074760437,15258068
22.80036449432373,15258068
22.812013149261475,15258068
22.81840944290161,15258068
22.81956386566162,15258068
22.83091402053833,15258068
22.83743166923523,15258068
22.854448080062866,15258068
22.85573673248291,15258068
22.86203694343567,15258068
22.879079580307007,15258068
22.880510568618774,15258068
22.89763045310974,15258068
22.90939426422119,15258068
22.920047998428345,15258068
22.921590566635132,15258068
22.93425750732422,15258068
22.94602918624878,15258068
22.952657222747803,15258068
22.964526653289795,15258068
22.976421356201172,15258068
22.982853412628174,15258068
22.9840030670166,15258068
23.000770092010498,15258068
23.007452249526978,15258068
23.008624792099,15258068
23.020033359527588,15258068
23.021204471588135,15258068
23.03260326385498,15258068
23.03901195526123,15258068
23.045552730560303,15258068
23.051782608032227,15258068
23.05804443359375,15258068
23.058967351913452,15258068
23.092264652252197,15258068
23.09479331970215,15258068
23.114315271377563,15258068
23.134239435195923,15258068
23.136144161224365,15258068
23.16457223892212,15258068
23.16666531562805,15258068
23.186281442642212,15258068
23.197208166122437,15258068
23.207720518112183,15258068
23.218314170837402,15258068
23.24698543548584,15258068
23.249388217926025,15258068
23.268581867218018,15258068
23.279635429382324,15258068
23.281129121780396,15258068
23.30959701538086,15258068
23.311723709106445,15258068
23.313235998153687,15258068
23.32342028617859,15258068
23.33402442932129,15258068
23.344675302505493,15258068
23.364323139190674,15258068
23.375406503677368,15258068
23.39525294303894,15258068
23.40630578994751,15258068
23.407813787460327,15258068
23.427085638046265,15258068
23.4288489818573,15258068
23.457909107208252,15258068
23.45988392829895,15258068
23.461833238601685,15258068
23.472262620925903,15258068
23.48281764984131,15258068
23.493586540222168,15258068
23.513454914093018,15258068
23.533897876739502,15258068
23.536076545715332,15258068
23.556158542633057,15258068
23.558088779449463,15258068
23.597003936767578,15258068
23.609235763549805,15258068
23.611316680908203,15258068
23.631581783294678,15258068
23.652961015701294,15258068
23.654587984085083,15258068
23.67536997795105,15258068
23.68670916557312,15258068
23.713593244552612,15258068
23.714887380599976,15258068
23.71575689315796,15258068
23.721803426742554,15258068
23.73891544342041,15258068
23.740169763565063,15258068
23.75715184211731,15258068
23.763789176940918,15255069
23.770216464996338,15255069
23.77675461769104,15255069
23.782997369766235,15255069
23.79467511177063,15255069
23.80121421813965,15255069
23.807507514953613,15255069
23.81375288963318,15255069
23.81998562812805,15255069
23.82626724243164,15255069
23.837935209274292,15255069
23.844295501708984,15255069
23.850829601287842,15255069
23.857112169265747,15255069
23.86340856552124,15255069
23.869763374328613,15255069
23.876089334487915,15255069
23.887792110443115,15255069
23.88895869255066,15255069
23.900338411331177,15255069
23.9068341255188,15255069
23.929155349731445,15255069
23.930427074432373,15255069
23.936936140060425,15255069
23.943522453308105,15255069
23.94466805458069,15255069
23.956053018569946,15255069
23.967937469482422,15255069
23.97984004020691,15255069
23.98098397254944,15255069
23.997673511505127,15255069
23.998953580856323,15255069
24.015912294387817,15255069
24.017189502716064,15255069
24.03951907157898,15255069
24.040943145751953,15255069
24.047429084777832,15255069
24.04833960533142,15255069
24.05962896347046,15255069
24.066590070724487,15255069
24.078327894210815,15255069
24.079484462738037,15255069
24.08552885055542,15255069
24.097184896469116,15255069
24.109105348587036,15255069
24.110135078430176,15255069
24.111000299453735,15255069
24.116976022720337,15255069
24.12862730026245,15255069
24.135143518447876,15255069
24.13603138923645,15255069
24.14203643798828,15255069
24.148273706436157,15255069
24.14915680885315,15255069
24.149779796600342,15255069
24.16112995147705,15255069
24.162270545959473,15255069
24.1683030128479,15255069
24.179980754852295,15255069
24.186485290527344,15255069
24.187395334243774,15255069
24.214829683303833,15255069
24.21635937690735,15255069
24.21750044822693,15255069
24.224008321762085,15255069
24.23028302192688,15255069
24.236506462097168,15255069
24.248115062713623,15255069
24.254510402679443,15255069
24.27158761024475,15255069
24.273019552230835,15255069
24.279396772384644,15255069
24.28041934967041,15255069
24.286635160446167,15255069
24.29830765724182,15255069
24.30480980873108,15255069
24.305710077285767,15255069
24.317168712615967,15255069
24.31832194328308,15255069
24.32972741127014,15255069
24.336206197738647,15255069
24.347760915756226,15255069
24.354331493377686,15255069
24.366085290908813,15255069
24.367353200912476,15255069
24.379030466079712,15255069
24.390899419784546,15255069
24.392047882080078,15255069
24.403388261795044,15255069
24.40453839302063,15255069
24.415971755981445,15255069
24.427721977233887,15255069
24.43454360961914,15255069
24.44079327583313,15255069
24.447001934051514,15255069
24.453213453292847,15255069
24.45409607887268,15255069
24.465455770492554,15255069
24.466595888137817,15255069
24.472594738006592,15255069
24.489501476287842,15255069
24.490763187408447,15255069
24.502317905426025,15255069
24.50872492790222,15255069
24.526025533676147,15255069
24.527437925338745,15255069
24.5334689617157,15255069
24.539700508117676,15255069
24.540592193603516,15255069
24.557299375534058,15255069
24.569310665130615,15255069
24.57057762145996,15255069
24.571486949920654,15255069
24.582860708236694,15255069
24.594679832458496,15255069
24.601228952407837,15255069
24.60749053955078,15255069
24.608392000198364,15255069
24.60903763771057,15255069
24.625772953033447,15255069
24.6270534992218,15255069
24.63331627845764,15255069
24.63960099220276,15253069
24.656590700149536,15253069
24.663273334503174,15253069
24.664297819137573,15253069
24.670599222183228,15253069
24.676818370819092,15253069
24.683061838150024,15253069
24.6947078704834,15253069
24.695854425430298,15253069
24.707146167755127,15253069
24.708319902420044,15253069
24.708971977233887,15253069
24.720348834991455,15253069
24.726874589920044,15253069
24.733172178268433,15253069
24.734073877334595,15253069
24.74544668197632,15253069
24.7466139793396,15253069
24.75261664390564,15249073
24.75888466835022,15249073
24.770507335662842,15249073
24.771552801132202,15249073
24.777767419815063,15249073
24.784008502960205,15249073
24.795541048049927,15249073
24.80723261833191,15249073
24.81403422355652,15249073
24.83105707168579,15249073
24.832202911376953,15249073
24.838716506958008,15249073
24.85032296180725,15249073
24.856804132461548,15249073
24.863059043884277,15249073
24.869370222091675,15249073
24.87022852897644,15249073
24.892282962799072,15249073
24.8990375995636,15249073
24.905839681625366,15249073
24.91213893890381,15249073
24.91844940185547,15249073
24.93004536628723,15249073
24.936567544937134,15249073
24.94288182258606,15249073
24.95446228981018,15249073
24.966264486312866,15249073
24.97291612625122,15249073
24.979345321655273,15249073
24.980377435684204,15249073
24.98662304878235,15249073
24.998287677764893,15249073
25.004770278930664,15249073
25.00564455986023,15249073
25.006304502487183,15249073
25.01770257949829,15249073
25.03490376472473,15249073
25.03630304336548,15249073
25.03745198249817,15249073
25.043476819992065,15249073
25.044352054595947,15249073
25.050364017486572,15249073
25.061918258666992,15249073
25.068860054016113,15249073
25.07516622543335,15249073
25.07607936859131,15249073
25.09283471107483,15249073
25.094252824783325,15249073
25.10025429725647,15249073
25.11725354194641,15249073
25.11854100227356,15249073
25.12478542327881,15249073
25.131072759628296,15249073
25.137340545654297,15249073
25.148929834365845,15249073
25.149959802627563,15249073
25.15619134902954,15249073
25.16242814064026,15249073
25.168715000152588,15249073
25.17499566078186,15249073
25.191988945007324,15249073
25.198662042617798,15249073
25.20516347885132,15249073
25.211479902267456,15249073
25.21773362159729,15249073
25.223959922790527,15249073
25.23020052909851,15249073
25.236448764801025,15249073
25.237340450286865,15249073
25.25405979156494,15249073
25.26069450378418,15249073
25.26720428466797,15249073
25.268092155456543,15249073
25.274013996124268,15249073
25.28555727005005,15249073
25.291960954666138,15249073
25.2931125164032,15249073
25.304519414901733,15242728
25.305667400360107,15242728
25.311670064926147,15242728
25.317933320999146,15242728
25.318812131881714,15242728
25.330215215682983,15242728
25.336710929870605,15242728
25.34295916557312,15242728
25.354605436325073,15242728
25.361122846603394,15242728
25.37275195121765,15242728
25.379292011260986,15242728
25.385491371154785,15242728
25.39718198776245,15242728
25.398340463638306,15242728
25.409713983535767,15242728
25.41610050201416,15242728
25.422508001327515,15242728
25.423656463623047,15242728
25.429688215255737,15242728
25.43592143058777,15242728
25.44217085838318,15242728
25.45382022857666,15242728
25.460206031799316,15242728
25.46673607826233,15242728
25.46760368347168,15242728
25.478941679000854,15242728
25.496146202087402,15242728
25.497424364089966,15242728
25.498329877853394,15242728
25.49895405769348,15242728
25.504927396774292,15242728
25.51117253303528,15242728
25.522846460342407,15242728
25.529245138168335,15242728
25.530267477035522,15242728
25.531147003173828,15242728
25.55316925048828,15242728
25.5547034740448,15242728
25.566304445266724,15242728
25.57286310195923,15242728
25.584476232528687,15242728
25.590872287750244,15242728
25.592039108276367,15242728
25.598076581954956,15242728
25.59897494316101,15242728
25.599584579467773,15242728
25.61627459526062,15242728
25.617527961730957,15242728
25.623733043670654,15242728
25.630011320114136,15242728
25.636224269866943,15242728
25.637087106704712,15242728
25.653787851333618,15242728
25.655210971832275,15242728
25.655827045440674,15242728
25.661786317825317,15242728
25.668012857437134,15242728
25.679630517959595,15242728
25.680776357650757,15242728
25.69208812713623,15242728
25.703984022140503,15242728
25.710503578186035,15242728
25.722090482711792,15242728
25.723246335983276,15242728
25.73994255065918,15242728
25.757231950759888,15242728
25.758774995803833,15242728
25.770796060562134,15242728
25.772100925445557,15242728
25.778425455093384,15242728
25.790077209472656,15242728
25.791222095489502,15242728
25.80256676673889,15242728
25.808921098709106,15242728
25.81006669998169,15242728
25.816032886505127,15242728
25.822256565093994,15242728
25.839202880859375,15242728
25.84059762954712,15242728
25.852009534835815,15242728
25.863794803619385,15242728
25.86522626876831,15242728
25.881962060928345,15242728
25.88336992263794,15242728
25.89473271369934,15242728
25.901240587234497,15242728
25.907488346099854,15242728
25.919119358062744,15242728
25.925604104995728,15242728
25.93715238571167,15242728
25.949039459228516,15242728
25.95020079612732,15242728
25.95622682571411,15242728
25.967889070510864,15242728
25.969036102294922,15242728
25.975029468536377,15242728
25.98129892349243,15242728
25.998273611068726,15242728
25.999687433242798,15242728
26.016429901123047,15242728
26.017698526382446,15242728
26.023957014083862,15242728
26.035603284835815,15242728
26.036611080169678,15242728
26.048300743103027,15242728
26.05480432510376,15242728
26.06102466583252,15242728
26.07364010810852,15242728
26.08016538619995,15242728
26.086410760879517,15242728
26.09809899330139,15242728
26.10996723175049,15242728
26.111120223999023,15242728
26.12785768508911,15242728
26.12926745414734,15242728
26.151396989822388,15242728
26.15296459197998,15242728
26.164605855941772,15242728
26.176318645477295,15242728
26.17758011817932,15242728
26.18381667137146,15242728
26.19006371498108,15242728
26.1963791847229,15242728
26.202620267868042,15242728
26.214164972305298,15242728
26.215187311172485,15242728
26.216062784194946,15242728
26.227388381958008,15242728
26.233909845352173,15242728
26.24551272392273,15242728
26.24664306640625,15242728
26.252613306045532,15242728
26.25886845588684,15242728
26.270506620407104,15242728
26.282347679138184,15242728
26.283510208129883,15242728
26.30023193359375,15242728
26.301511526107788,15242728
26.307750463485718,15242728
26.31403112411499,15242728
26.314903497695923,15242728
26.32088804244995,15242728
26.321774005889893,15242728
26.338517427444458,15242728
26.339807271957397,15242728
26.34607434272766,15242728
26.35789918899536,15242728
26.36430811882019,15242728
26.376100063323975,15242728
26.37751340866089,15242728
26.38890290260315,15242728
26.395281314849854,15242728
26.401806592941284,15242728
26.40269660949707,15242728
26.419407606124878,15242728
26.42607545852661,15242728
26.42722225189209,15242728
26.443857192993164,15242728
26.4505033493042,15242728
26.457011938095093,15242728
26.473966598510742,15242728
26.47537112236023,15242728
26.49221110343933,15242728
26.493475198745728,15242728
26.494364261627197,15242728
26.500356674194336,15242728
26.51194429397583,15242728
26.518489122390747,15242728
26.524783849716187,15242728
26.547147035598755,15242728
26.54854130744934,15242728
26.549681663513184,15242728
26.555696725845337,15242728
26.556601524353027,15242728
26.573262691497803,15242728
26.57990264892578,15242728
26.580910682678223,15242728
26.587170839309692,15242728
26.59342122077942,15242728
26.615782737731934,15242728
26.62260603904724,15242728
26.629383325576782,15242728
26.63028049468994,15242728
26.641680479049683,15242728
26.648258686065674,15242728
26.654560327529907,15242728
26.671549558639526,15242728
26.678224325180054,15242728
26.68477201461792,15242728
26.69642162322998,15242728
26.70279884338379,15242728
26.709348440170288,15242728
26.726321935653687,15242728
26.733100414276123,15242728
26.739325046539307,15242728
26.750956058502197,15242728
26.757451057434082,15242728
26.76374340057373,15242728
26.775391578674316,15242728
26.781890869140625,15242728
26.782795190811157,15242728
26.788788080215454,15242728
26.795034646987915,15242728
26.801291704177856,15242728
26.807533979415894,15242728
26.81378960609436,15242728
26.830840587615967,15242728
26.832117319107056,15242728
26.838354349136353,15242728
26.850004196166992,15242728
26.86720323562622,15242728
26.868494272232056,15242728
26.874741315841675,15242728
26.89175271987915,15242728
26.89316487312317,15242728
26.90994668006897,15242728
26.91123938560486,15242728
26.91749668121338,15242728
26.923795700073242,15242728
26.935426473617554,15242728
26.941996335983276,15242728
26.94291067123413,15242728
26.954280376434326,15242728
26.960824012756348,15242728
26.96171498298645,15242728
26.97843289375305,15242728
26.979703903198242,15242728
26.985950231552124,15242728
27.00293231010437,15242728
27.004338264465332,15242728
27.01573348045349,15242728
27.022244930267334,15242728
27.04460382461548,15242728
27.046016693115234,15242728
27.047157049179077,15242728
27.053272247314453,15242728
27.07033944129944,15242728
27.072040796279907,15242728
27.083744525909424,15242728
27.09018588066101,15242728
27.091352939605713,15242728
27.10271191596985,15242728
27.109255075454712,15242728
27.11015772819519,15242728
27.116175174713135,15242728
27.133143663406372,15242728
27.134406089782715,15242728
27.15140390396118,15242728
27.15266990661621,15242728
27.153558015823364,15242728
27.175727128982544,15242728
27.182540893554688,15242728
27.18393898010254,15242728
27.195319414138794,15242728
27.196481943130493,15242728
27.207889318466187,15242728
27.209023475646973,15242728
27.236506938934326,15242728
27.243276357650757,15242728
27.244789361953735,15242728
27.246209144592285,15242728
27.268299102783203,15242728
27.269684076309204,15242728
27.270593404769897,15242728
27.271491050720215,15242728
27.288183212280273,15242728
27.289448499679565,15242728
27.29032301902771,15242728
27.307010889053345,15242728
27.313660621643066,15242728
27.32010006904602,15242728
27.326467037200928,15242728
27.327622175216675,15242728
27.349896669387817,15242728
27.351271629333496,15242728
27.36312174797058,15242728
27.369505882263184,15242728
27.370516061782837,15242728
27.3821439743042,15242728
27.3938729763031,15242728
27.395134687423706,15242728
27.406736850738525,15242728
27.413236141204834,15242728
27.414124488830566,15242728
27.425534963607788,15242728
27.43191123008728,15242728
27.433061122894287,15242728
27.439043521881104,15240119
27.44527816772461,15240119
27.45684576034546,15240119
27.458003044128418,15240119
27.46401333808899,15240119
27.47027826309204,15234740
27.481870412826538,15234740
27.488280534744263,15234740
27.489439249038696,15234740
27.490087509155273,15234740
27.506810426712036,15234740
27.508249521255493,15234740
27.514272928237915,15234740
27.515167236328125,15234740
27.531981229782104,15234740
27.533371210098267,15234740
27.53935742378235,15234740
27.550994396209717,15234740
27.557483196258545,15234740
27.56912112236023,15234740
27.575631380081177,15234740
27.58725094795227,15234740
27.598981380462646,15234740
27.60552191734314,15234740
27.6070499420166,15234740
27.61314296722412,15234740
27.630134344100952,15234740
27.631404161453247,15234740
27.637690782546997,15234740
27.63859224319458,15234740
27.644631385803223,15234740
27.656227588653564,15234740
27.66260814666748,15234740
27.674460649490356,15234740
27.68096923828125,15234740
27.687237977981567,15234740
27.693479537963867,15234740
27.699788808822632,15234740
27.70067811012268,15234740
27.72272777557373,15234740
27.724133491516113,15234740
27.736056327819824,15234740
27.742441415786743,15234740
27.748943567276,15234740
27.74983263015747,15234740
27.76648759841919,15234740
27.767754793167114,15234740
27.78471803665161,15234740
27.805089235305786,15234740
27.80700182914734,15234740
27.808043241500854,15234740
27.84602451324463,15234740
27.84862971305847,15234740
27.859286546707153,15234740
27.86988615989685,15234740
27.88065505027771,15234740
27.900569915771484,15234740
27.921076774597168,15234740
27.941751718521118,15234740
27.952921628952026,15234740
27.964405059814453,15234740
27.975463151931763,15234740
27.986501693725586,15234740
28.006999015808105,15234740
28.008995056152344,15234740
28.06722092628479,15234740
28.070127964019775,15234740
28.07243537902832,15234740
28.073312520980835,15234740
28.10076141357422,15234740
28.102160930633545,15234740
28.103535652160645,15234740
28.1099112033844,15234740
28.116413354873657,15234740
28.117305040359497,15234740
28.13404107093811,15234740
28.146015644073486,15234740
28.147279024124146,15234740
28.164217948913574,15234740
28.165508031845093,15234740
28.171782732009888,15234740
28.183355569839478,15234740
28.184511184692383,15234740
28.19051194190979,15234740
28.191394805908203,15234740
28.19203281402588,15234740
28.203423500061035,15234740
28.209925174713135,15234740
28.216206789016724,15234740
28.227817058563232,15234740
28.239669799804688,15234740
28.240827083587646,15234740
28.246870756149292,15234740
28.25851345062256,15234740
28.280972242355347,15234740
28.282511234283447,15234740
28.283904552459717,15234740
28.295276403427124,15234740
28.30181074142456,15234740
28.308085203170776,15234740
28.314340829849243,15234740
28.32598614692688,15234740
28.332486867904663,15234740
28.354897022247314,15234740
28.361653327941895,15234740
28.368257761001587,15234740
28.374759435653687,15234740
28.38105273246765,15234740
28.39268445968628,15234740
28.399080514907837,15234740
28.405576705932617,15234740
28.417140007019043,15234740
28.42367172241211,15234740
28.429972410202026,15234740
28.436248064041138,15234740
28.437149047851562,15233720
28.44852900505066,15233720
28.455081462860107,15233720
28.47212505340576,15233720
28.473278760910034,15233720
28.479559898376465,15233720
28.491299152374268,15233720
28.492687702178955,15233720
28.498708486557007,15233720
28.510320901870728,15233720
28.51682758331299,15233720
28.523099660873413,15233720
28.540117979049683,15233720
28.54138731956482,15233720
28.54229187965393,15233720
28.553722381591797,15233720
28.560240507125854,15233720
28.571906805038452,15233720
28.57839298248291,15233720
28.579302310943604,15233720
28.59607481956482,15233720
28.602746963500977,15233720
28.60927724838257,15233720
28.61552929878235,15233720
28.621758460998535,15233720
28.62797737121582,15233720
28.63425850868225,15233720
28.64583158493042,15233720
28.652381658554077,15233720
28.658674716949463,15233720
28.675645351409912,15233720
28.68221426010132,15233720
28.699411392211914,15233720
28.700814247131348,15233720
28.70739483833313,15233720
28.719102382659912,15233720
28.725602388381958,15233720
28.731841802597046,15233720
28.743430137634277,15233720
28.749935388565063,15233720
28.76697826385498,15233720
28.768409252166748,15233720
28.774405241012573,15233720
28.775309324264526,15233720
28.775935173034668,15218879
28.776548862457275,15218879
28.78255796432495,15218879
28.788830041885376,15218879
28.79507541656494,15218879
28.795992851257324,15218879
28.802022457122803,15218879
28.80832076072693,15209675
28.819984436035156,15209675
28.83176875114441,15209675
28.833049297332764,15209675
28.83931040763855,15209675
28.845564603805542,15209675
28.84647250175476,15209675
28.852527379989624,15209675
28.858752489089966,15209675
28.875747680664062,15209675
28.876901149749756,15209675
28.88338589668274,15209675
28.884284019470215,15209675
28.895588636398315,15209675
28.901975870132446,15209675
28.903120756149292,15209675
28.914535760879517,15209675
28.915667295455933,15209675
28.927071809768677,15209675
28.933578491210938,15209675
28.939873218536377,15209675
28.962211847305298,15209675
28.963614225387573,15209675
28.964528560638428,15209675
28.97612190246582,15209675
28.977136373519897,15209675
28.98874306678772,15209675
28.995281219482422,15209675
28.996173620224,15209675
29.007526874542236,15209675
29.008664846420288,15209675
29.014671802520752,15209675
29.02096676826477,15209675
29.027230978012085,15209675
29.044222831726074,15209675
29.0509033203125,15209675
29.05743670463562,15209675
29.058345079421997,15209675
29.06438899040222,15209675
29.065290212631226,15209675
29.082077741622925,15209675
29.083342790603638,15209675
29.08969736099243,15209675
29.10130500793457,15209675
29.10783338546753,15209675
29.11415433883667,15209675
29.125736474990845,15209675
29.132264375686646,15209675
29.133167266845703,15209675
29.133792638778687,15209675
29.13976788520813,15209675
29.156753301620483,15209675
29.16867756843567,15209675
29.17021918296814,15209675
29.181819438934326,15209675
29.18832564353943,15209675
29.199966430664062,15209675
29.206330060958862,15209675
29.212666988372803,15209675
29.22434377670288,15209675
29.22573971748352,15209675
29.231700897216797,15209675
29.237969636917114,15209675
29.238868236541748,15209675
29.24484872817993,15209675
29.245718955993652,15209675
29.257062911987305,15209675
29.258070945739746,15209675
29.26975154876709,15209675
29.276242971420288,15209675
29.287875413894653,15209675
29.29425287246704,15209675
29.30060863494873,15209675
29.30700397491455,15209675
29.3135347366333,15209675
29.314424991607666,15209675
29.331145524978638,15209675
29.332539796829224,15209675
29.34394097328186,15209675
29.350470304489136,15209675
29.35665249824524,15209675
29.362937211990356,15209675
29.37462043762207,15209675
29.386403799057007,15209675
29.39292335510254,15209675
29.399560928344727,15209675
29.400591373443604,15209675
29.41217851638794,15209675
29.413320779800415,15209675
29.424729108810425,15209675
29.441851139068604,15209675
29.44864773750305,15209675
29.45007014274597,15209675
29.45071816444397,15209675
29.472799062728882,15209675
29.474071264266968,15209675
29.480811834335327,15209675
29.503161668777466,15209675
29.5046808719635,15209675
29.510952472686768,15209675
29.511833906173706,15209675
29.517808437347412,15209675
29.529472827911377,15209675
29.535768508911133,15209675
29.547629594802856,15209675
29.559537172317505,15209675
29.566082239151,15209675
29.583174467086792,15209675
29.589831590652466,15209675
29.596401929855347,15209675
29.59731411933899,15209675
29.614034414291382,15209675
29.615314722061157,15209675
29.62160634994507,15209675
29.62785291671753,15209675
29.634084224700928,15209675
29.645639657974243,15209675
29.65753984451294,15209675
29.66406273841858,15209675
29.664993047714233,15209675
29.67099928855896,15209675
29.67721128463745,15209675
29.68880534172058,15209675
29.700528144836426,15209675
29.701819896697998,15209675
29.7027268409729,15209675
29.724794387817383,15209675
29.726188898086548,15209675
29.727332830429077,15209675
29.73869037628174,15209675
29.73982000350952,15209675
29.745810747146606,15209675
29.75739884376526,15209675
29.763898372650146,15209675
29.76479148864746,15209675
29.77081274986267,15209675
29.78243660926819,15209675
29.79427456855774,15209675
29.800788402557373,15209675
29.807060480117798,15209675
29.813353061676025,15209675
29.82498788833618,15209675
29.83689570426941,15209675
29.84338617324829,15209675
29.860300064086914,15209675
29.866928815841675,15209675
29.873473405838013,15209675
29.874369621276855,15209675
29.891106367111206,15209675
29.892252922058105,15209675
29.898732900619507,15209675
29.910316705703735,15209675
29.916672468185425,15209675
29.928451776504517,15209675
29.929715156555176,15209675
29.93598175048828,15209675
29.936880588531494,15209675
29.948294162750244,15209675
29.96001648902893,15209675
29.961292028427124,15209675
29.96220111846924,15209675
29.978881120681763,15209675
29.990902423858643,15209675
29.992289781570435,15209675
29.9983012676239,15209675
30.009926557540894,15209675
30.01105833053589,15209675
30.022387981414795,15209675
30.02354669570923,15209675
30.03491497039795,15209675
30.036040544509888,15209675
30.05820608139038,15209675
30.065112352371216,15209675
30.077038049697876,15209675
30.07821273803711,15209675
30.094978094100952,15209675
30.10177707672119,15209675
30.108060359954834,15209675
30.119701862335205,15209675
30.120835304260254,15209675
30.132201433181763,15209675
30.138689517974854,15209675
30.13958716392517,15209675
30.15634536743164,15209675
30.157602310180664,15209675
30.174673080444336,15209675
30.175960302352905,15209675
30.18759298324585,15209675
30.188741445541382,15209675
30.200159549713135,15209675
30.20666265487671,15209675
30.223644733428955,15209675
30.225083589553833,15209675
30.225699424743652,15209675
30.24248480796814,15209675
30.249266147613525,15209675
30.255523681640625,15209675
30.256403923034668,15209675
30.283915996551514,15209675
30.285574674606323,15209675
30.292123079299927,15209675
30.3037211894989,15209675
30.31026864051819,15209675
30.327250719070435,15209675
30.32855725288391,15209675
30.34019446372986,15209675
30.34658718109131,15209675
30.353062629699707,15209675
30.359353065490723,15209675
30.37091088294983,15209675
30.372045040130615,15209675
30.372677326202393,15209675
30.39481472969055,15209675
30.40146493911743,15209675
30.40272283554077,15209675
30.403862953186035,15209675
30.426034212112427,15209675
30.427704095840454,15209675
30.43914556503296,15209675
30.450992584228516,15209675
30.457360982894897,15209675
30.458538055419922,15209675
30.475288152694702,15209675
30.48210597038269,15209675
30.48841881752014,15209675
30.494651317596436,15209675
30.506312608718872,15209675
30.50744390487671,15209675
30.518826961517334,15209675
30.52523136138916,15209675
30.531657695770264,15209675
30.53817391395569,15209675
30.544408321380615,15209675
30.555994272232056,15209675
30.562552213668823,15209675
30.574249267578125,15209675
30.586159229278564,15209675
30.592676162719727,15209675
30.604352712631226,15209675
30.610795259475708,15209675
30.611963510513306,15209675
30.617992401123047,15209675
30.62423610687256,15209675
30.62512183189392,15209675
30.647249460220337,15209675
30.648641347885132,15209675
30.660541772842407,15209675
30.661696672439575,15208569
30.667635440826416,15208569
30.67385768890381,15208569
30.690852880477905,15208569
30.692256927490234,15208569
30.708988189697266,15208569
30.71558451652527,15208569
30.716732501983643,15208569
30.7388174533844,15208569
30.74007272720337,15208569
30.741469621658325,15208569
30.752869844436646,15208569
30.76473617553711,15208569
30.77653670310974,15208569
30.77768301963806,15208569
30.78421425819397,15208569
30.790498733520508,15206833
30.79678988456726,15206833
30.797701597213745,15206833
30.809083938598633,15206833
30.81023621559143,15206833
30.832345724105835,15206833
30.839155435562134,15206833
30.840435028076172,15206833
30.852084636688232,15206833
30.853265047073364,15206833
30.86462378501892,15206833
30.871023178100586,15206833
30.877395391464233,15206833
30.88379216194153,15206833
30.89016556739807,15206833
30.89665198326111,15206833
30.91372299194336,15206833
30.914877891540527,15206833
30.926718950271606,15206833
30.92788028717041,15206833
30.939245223999023,15206833
30.945756196975708,15206833
30.95742440223694,15206833
30.96396231651306,15206833
30.964855909347534,15206833
30.965487718582153,15206833
30.976805448532104,15206833
30.99403190612793,15206833
31.0006844997406,15206833
31.001847982406616,15206833
31.01319408416748,15206833
31.019553184509277,15206833
31.02056646347046,15206833
31.032146215438843,15206833
31.043991804122925,15206833
31.050541162490845,15206833
31.056790590286255,15206833
31.063053846359253,15206833
31.06930923461914,15206833
31.091794729232788,15206833
31.09332847595215,15206833
31.09423017501831,15206833
31.10021662712097,15206833
31.117231845855713,15206833
31.11850929260254,15206833
31.13014507293701,15206833
31.13653016090393,15206833
31.13767385482788,15206833
31.1436767578125,15206833
31.149933576583862,15206833
31.16149878501892,15206833
31.167887687683105,15206833
31.17436957359314,15206833
31.185988426208496,15206833
31.192548036575317,15206833
31.193451642990112,15206833
31.21556854248047,15206833
31.222360372543335,15206833
31.229018688201904,15206833
31.230051517486572,15206833
31.230959177017212,15206833
31.236963033676147,15206833
31.259337902069092,15206833
31.260632514953613,15206833
31.267260789871216,15206833
31.268446922302246,15206833
31.274409532546997,15206833
31.280614376068115,15206833
31.292319297790527,15206833
31.29349136352539,15206833
31.310283184051514,15206833
31.317089557647705,15206833
31.33412480354309,15206833
31.335533142089844,15206833
31.34692406654358,15206833
31.348074913024902,15206833
31.370089292526245,15206833
31.37161612510681,15206833
31.383239269256592,15206833
31.39518642425537,15206833
31.396339654922485,15206833
31.413092851638794,15206833
31.42511487007141,15206833
31.43177580833435,15206833
31.432973623275757,15204383
31.44981861114502,15204383
31.456329584121704,15204383
31.457601070404053,15204383
31.458481311798096,15204383
31.469792366027832,15204383
31.470949172973633,15204383
31.4769127368927,15204383
31.47779655456543,15204383
31.494537115097046,15204383
31.506478309631348,15204383
31.51303791999817,15204383
31.51405119895935,15204383
31.52041006088257,15204383
31.526918172836304,15204383
31.538530826568604,15204383
31.544904947280884,15204383
31.546037673950195,15204383
31.552029609680176,15204383
31.558274269104004,15204383
31.56453776359558,15204383
31.57080864906311,15204383
31.571701049804688,15204383
31.59367871284485,15204383
31.60046148300171,15204383
31.601715564727783,15204383
31.607959508895874,15204383
31.61430335044861,15204383
31.620571613311768,15204383
31.626821756362915,15204383
31.63307499885559,15204383
31.644756078720093,15204383
31.651302099227905,15204383
31.657573223114014,15204383
31.6638343334198,15204383
31.680798053741455,15204383
31.68745183944702,15204383
31.68860363960266,15204383
31.6999671459198,15204383
31.70111608505249,15204383
31.723193883895874,15204383
31.724733591079712,15204383
31.74167013168335,15204383
31.742939472198486,15204383
31.75166153907776,15204383
31.76335048675537,15204383
31.769728422164917,15204383
31.77089786529541,15204383
31.787676334381104,15204383
31.78896737098694,15204383
31.789875745773315,15204383
31.795881986618042,15204383
31.807528257369995,15204383
31.81945013999939,15204383
31.83124589920044,15204383
31.843273401260376,15204383
31.84468173980713,15204383
31.856101989746094,15204383
31.862614631652832,15204383
31.863497734069824,15204383
31.88561701774597,15204383
31.887134790420532,15204383
31.8987557888031,15204383
31.9160213470459,15204383
31.91729736328125,15204383
31.928900718688965,15204383
31.93541145324707,15204383
31.941664695739746,15204383
31.94253706932068,15204383
31.953925132751465,15204383
31.965868711471558,15204383
31.972363471984863,15204383
31.978630304336548,15204383
31.98491334915161,15204383
31.985780000686646,15204383
31.99713444709778,15204383
32.00350856781006,15204383
32.004642724990845,15204383
32.02132821083069,15204383
32.02259659767151,15204383
32.03420805931091,15204383
32.04071521759033,15204383
32.052377700805664,15204383
32.05340600013733,15204383
32.05964732170105,15204383
32.07132387161255,15204383
32.077686071395874,15204383
32.07871460914612,15204383
32.08505177497864,15204383
32.09664463996887,15204383
32.10302925109863,15204383
32.10951542854309,15204383
32.12114143371582,15204383
32.1276638507843,15204383
32.13927960395813,15204383
32.14568758010864,15204383
32.152069330215454,15204383
32.153215169906616,15204383
32.15922427177429,15204383
32.170886516571045,15204383
32.18279671669006,15204383
32.19471621513367,15204383
32.195880651474,15204383
32.21256709098816,15204383
32.219218492507935,15204383
32.230977296829224,15204383
32.23776030540466,15204383
32.24402952194214,15204383
32.26096272468567,15204383
32.262234926223755,15204383
32.26311635971069,15204383
32.29052209854126,15204383
32.29217982292175,15204383
32.29867172241211,15199379
32.310320138931274,15199379
32.31682872772217,15199379
32.323169231414795,15199379
32.34022402763367,15199379
32.3468222618103,15199379
32.34798073768616,15199379
32.359336853027344,15199379
32.37111473083496,15199379
32.37771987915039,15199379
32.394895792007446,15199379
32.396299600601196,15199379
32.423726081848145,15199379
32.42541170120239,15199379
32.437243700027466,15199379
32.449012994766235,15199379
32.450443983078,15199379
32.4565052986145,15199379
32.4680871963501,15199379
32.46923351287842,15199379
32.47521162033081,15199379
32.48148059844971,15199379
32.48775911331177,15199379
32.4993941783905,15199379
32.51127624511719,15199379
32.51776599884033,15199379
32.53476095199585,15199379
32.54143953323364,15199379
32.54248571395874,15199379
32.559438705444336,15199379
32.56071877479553,15199379
32.56701922416687,15199379
32.57325053215027,15199379
32.584835052490234,15199379
32.5967276096344,15199379
32.5978741645813,15199379
32.609254360198975,15199379
32.61576056480408,15199379
32.622029066085815,15199379
32.622915744781494,15199379
32.62889361381531,15199379
32.64050602912903,15199379
32.652364015579224,15199379
32.65876841545105,15199379
32.66526007652283,15199379
32.66613841056824,15199379
32.68292450904846,15199379
32.68956756591797,15199379
32.7013201713562,15199379
32.71320724487305,15199379
32.71986746788025,15199379
32.721012353897095,15199379
32.727007150650024,15199379
32.73323655128479,15199379
32.73415756225586,15199379
32.750771045684814,15199379
32.76284384727478,15199379
32.7640016078949,15199379
32.77050280570984,15199379
32.77140021324158,15199379
32.78280234336853,15199379
32.78931784629822,15199379
32.79557943344116,15199379
32.807313203811646,15199379
32.81904697418213,15199379
32.82016587257385,15199379
32.83186101913452,15199379
32.83312726020813,15199379
32.84475255012512,15199379
32.8512499332428,15199379
32.85750484466553,15199379
32.879852294921875,15199379
32.88126587867737,15199379
32.882195472717285,15199379
32.893805503845215,15199379
32.900349617004395,15199379
32.9012393951416,15199379
32.92331075668335,15199379
32.9247190952301,15199379
32.93657040596008,15199379
32.948426723480225,15199379
32.94959282875061,15199379
32.96092963218689,15199379
32.97280287742615,15199379
32.9739830493927,15199379
32.98531413078308,15199379
32.99186897277832,15199379
33.00885248184204,15199379
33.0156466960907,15199379
33.02725410461426,15199379
33.02829384803772,15199379
33.0399055480957,15199379
33.04092812538147,15199379
33.04718732833862,15199379
33.04810285568237,15199379
33.05411195755005,15199379
33.065753698349,15199379
33.072272300720215,15199379
33.07318997383118,15199379
33.08459973335266,15199379
33.091177463531494,15199379
33.09743905067444,15199379
33.098350048065186,15199379
33.12038064002991,15199379
33.121917724609375,15199379
33.12816572189331,15199379
33.12907099723816,15199379
33.15113711357117,15199379
33.15252995491028,15199379
33.153688192367554,15199379
33.17038917541504,15199379
33.17701745033264,15199379
33.18889594078064,15199379
33.200761556625366,15199379
33.21266961097717,15199379
33.213812828063965,15199379
33.21446990966797,15199379
33.22588229179382,15199379
33.23239493370056,15199379
33.24398612976074,15199379
33.25052332878113,15199379
33.27286195755005,15199379
33.2797908782959,15199379
33.286320209503174,15199379
33.28722167015076,15199379
33.29322648048401,15199379
33.29409837722778,15199379
33.300095081329346,15199379
33.30636739730835,15199379
33.31262421607971,15199379
33.32426619529724,15199379
33.330796241760254,15199379
33.34244966506958,15199379
33.3434522151947,15199379
33.35502815246582,15199379
33.356173038482666,15199379
33.362178325653076,15199379
33.36304426193237,15199379
33.36903405189514,15199379
33.369921922683716,15199379
33.37586998939514,15199379
33.38216185569763,15199379
33.38304877281189,15199379
33.38369393348694,15199379
33.400399684906006,15199379
33.407021045684814,15199379
33.41889405250549,15199379
33.42004203796387,15199379
33.425976037979126,15199379
33.4268479347229,15199379
33.438262701034546,15199379
33.44477725028992,15199379
33.456401109695435,15199379
33.46828269958496,15199379
33.47479510307312,15199379
33.475693225860596,15199379
33.48710322380066,15199379
33.49881029129028,15199379
33.50008201599121,15199379
33.506370306015015,15199379
33.52332520484924,15199379
33.53537607192993,15199379
33.542134284973145,15199379
33.55372953414917,15199379
33.56029415130615,15199379
33.566561698913574,15199379
33.57815647125244,15199379
33.58466553688049,15199379
33.596301555633545,15199379
33.602874994277954,15199379
33.61454176902771,15199379
33.61570119857788,15199379
33.616312742233276,15199379
33.62767696380615,15199379
33.63404726982117,15199379
33.64587116241455,15199379
33.652392864227295,15199379
33.65862774848938,15199379
33.659528732299805,15199379
33.665512800216675,15199379
33.6824266910553,15199379
33.683706283569336,15199379
33.69531321525574,15199379
33.70181655883789,15199379
33.702704668045044,15199379
33.71941304206848,15199379
33.72590255737305,15199379
33.73257088661194,15199379
33.74968123435974,15199379
33.75110125541687,15199379
33.75747346878052,15199379
33.75863814353943,15199379
33.775386333465576,15199379
33.782174587249756,15199379
33.79377722740173,15199379
33.80029892921448,15199379
33.80654740333557,15199379
33.823495388031006,15199379
33.83024334907532,15199379
33.84191131591797,15199379
33.84306073188782,15199379
33.859771966934204,15199379
33.871803998947144,15199379
33.883750915527344,15199379
33.88504195213318,15199379
33.885942459106445,15199379
33.89731550216675,15199379
33.9037127494812,15199379
33.90485715866089,15199379
33.92154932022095,15199379
33.928069829940796,15199379
33.93480062484741,15199379
33.9411096572876,15199379
33.947389364242554,15199379
33.95906162261963,15199379
33.96022009849548,15199379
33.971553564071655,15199379
33.97795820236206,15199379
33.995015382766724,15199379
34.00187706947327,15199379
34.00304174423218,15199379
34.00905394554138,15199379
34.02062916755676,15199379
34.02714776992798,15199379
34.033414125442505,15199379
34.045026540756226,15199379
34.05140662193298,15199379
34.06326460838318,15199379
34.06981539726257,15199379
34.081425189971924,15199379
34.08795166015625,15199379
34.09959006309509,15199379
34.106139183044434,15199379
34.10703802108765,15199379
34.12379169464111,15199379
34.14115762710571,15199379
34.14256238937378,15199379
34.148943185806274,15199379
34.15543556213379,15199379
34.156352281570435,15199379
34.167757749557495,15199379
34.17953634262085,15199379
34.18634796142578,15199379
34.19261717796326,15199379
34.19891834259033,15199379
34.205164670944214,15199379
34.211424350738525,15199379
34.21766519546509,15199379
34.223965644836426,15199379
34.22484588623047,15199379
34.236143589019775,15199379
34.24805998802185,15199379
34.24921751022339,15199379
34.26060748100281,15199379
34.26712608337402,15199379
34.278801918029785,15199379
34.28532528877258,15199379
34.3022518157959,15199379
34.30339169502258,15199379
34.304529666900635,15199379
34.32124328613281,15199379
34.327898025512695,15199379
34.33978843688965,15199379
34.346333265304565,15199379
34.35266947746277,15199379
34.35353994369507,15199379
34.364957094192505,15199379
34.36608028411865,15199379
34.37747550010681,15199379
34.38397526741028,15199379
34.40097999572754,15199379
34.40761923789978,15199379
34.414008140563965,15199379
34.42051458358765,15199379
34.426767110824585,15199379
34.43304085731506,15199379
34.43390727043152,15199379
34.44525098800659,15199379
34.45161414146423,15199379
34.45262098312378,15199379
34.46425414085388,15199379
34.47076916694641,15199379
34.477049589157104,15199379
34.47796702384949,15199379
34.48401212692261,15199379
34.48490333557129,15199379
34.49631094932556,15199379
34.49731159210205,15199379
34.51431155204773,15199379
34.5211455821991,15199379
34.532782793045044,15199379
34.54448175430298,15199379
34.54575490951538,15199379
34.55203104019165,15199379
34.5582230091095,15199379
34.575175285339355,15199379
34.58182430267334,15199379
34.599079847335815,15199379
34.6005163192749,15199379
34.60653901100159,15199379
34.62349510192871,15199379
34.62492370605469,15199379
34.63635182380676,15199379
34.65347480773926,15199379
34.66012644767761,15199379
34.66140341758728,15199379
34.66280817985535,15199379
34.67414665222168,15199379
34.67527389526367,15199379
34.68126082420349,15199379
34.687469244003296,15199379
34.693777322769165,15199379
34.705373764038086,15199379
34.70637106895447,15199379
34.71265935897827,15199379
34.72427678108215,15199379
34.7253098487854,15199379
34.74772572517395,15199379
34.74913287162781,15199379
34.755643367767334,15199379
34.76186394691467,15199379
34.778831481933594,15199379
34.790701150894165,15199379
34.79212021827698,15199379
34.79861068725586,15199379
34.799514293670654,15199379
34.800145626068115,15199379
34.8007550239563,15199379
34.80678033828735,15199379
34.82913398742676,15199379
34.830782651901245,15199379
34.84214806556702,15199379
34.84328556060791,15199379
34.86538743972778,15199379
34.866790771484375,15199379
34.86794662475586,15199379
34.87930226325989,15199379
34.885807275772095,15199379
34.89747619628906,15199379
34.90406250953674,15199379
34.910301208496094,15199379
34.921908378601074,15199379
34.92831873893738,15199379
34.93477439880371,15199379
34.93565797805786,15199379
34.94165253639221,15199379
34.95326781272888,15199379
34.95439696311951,15199379
34.965760469436646,15199379
34.97766733169556,15199379
34.98418426513672,15199379
35.00662422180176,15199379
35.00817513465881,15199379
35.01980948448181,15199379
35.031604290008545,15199379
35.03842210769653,15199379
35.039308071136475,15199379
35.050633668899536,15199379
35.05699896812439,15199379
35.063515186309814,15199379
35.07515811920166,15199379
35.081730365753174,15199379
35.08263444900513,15199379
35.09412145614624,15199379
35.10604929924011,15199379
35.11245083808899,15199379
35.11348080635071,15199379
35.119778871536255,15199379
35.1367609500885,15199379
35.13805389404297,15199379
35.144322872161865,15199379
35.1506187915802,15199379
35.15149784088135,15199379
35.168166160583496,15199379
35.18033742904663,15199379
35.19223737716675,15199379
35.198750734329224,15199379
35.19965219497681,15199379
35.20029067993164,15199379
35.21159219741821,15199379
35.228912115097046,15199379
35.2357497215271,15199379
35.2420437335968,15199379
35.24833965301514,15199379
35.25457835197449,15199379
35.26078534126282,15199379
35.272358655929565,15199379
35.28432750701904,15199379
35.29083442687988,15199379
35.29710340499878,15199379
35.308732748031616,15199379
35.31512188911438,15199379
35.31612992286682,15199379
35.32773017883301,15199379
35.32890272140503,15199379
35.33492159843445,15199379
35.335813760757446,15199379
35.352537393569946,15199379
35.353809118270874,15199379
35.360108852386475,15199379
35.37710356712341,15199379
35.38381814956665,15199379
35.38471221923828,15199379
35.390708923339844,15199379
35.39160227775574,15199379
35.40831017494202,15199379
35.409589529037476,15199379
35.42656064033508,15199379
35.42783188819885,15199379
35.43405890464783,15199379
35.44032692909241,15199379
35.45197820663452,15199379
35.45859408378601,15199379
35.47020411491394,15199379
35.48725891113281,15199379
35.49414539337158,15199379
35.50072622299194,15199379
35.50701379776001,15199379
35.518736362457275,15199379
35.52528619766235,15199379
35.53159832954407,15199379
35.53793454170227,15199379
35.549529790878296,15199379
35.556082248687744,15199379
35.56773781776428,15199379
35.579485177993774,15199379
35.5807569026947,15199379
35.60307741165161,15199379
35.60447382926941,15199379
35.6056022644043,15199379
35.62232518196106,15199379
35.628955602645874,15199379
35.6407151222229,15199379
35.65273308753967,15199379
35.653884172439575,15199379
35.66030263900757,15199379
35.661314725875854,15199379
35.6675820350647,15199379
35.67385411262512,15199379
35.67473077774048,15199379
35.68617367744446,15199379
35.687328815460205,15199379
35.698747396469116,15199379
35.71064782142639,15199379
35.7171528339386,15199379
35.7234628200531,15199379
35.729735136032104,15199379
35.73065519332886,15199379
35.747430086135864,15199379
35.754077434539795,15199379
35.75521540641785,15199379
35.766560077667236,15199379
35.76759076118469,15199379
35.76849555969238,15199379
35.79470229148865,15199379
35.79681468009949,15199379
35.8073353767395,15199379
35.82687973976135,15199379
35.828601598739624,15199379
35.83926296234131,15199379
35.84980225563049,15199379
35.851330280303955,15199379
35.86157155036926,15199379
35.863136291503906,15199379
35.882622718811035,15199379
35.89342737197876,15199379
35.895405530929565,15199379
35.896512031555176,15199379
35.90707349777222,15199379
35.92768716812134,15199379
35.92974066734314,15199379
35.95866799354553,15199379
35.9608690738678,15199379
35.96230864524841,15199379
35.96330213546753,15199379
35.973434925079346,15199379
35.9933226108551,15199379
35.99496507644653,15199379
36.00565838813782,15199379
36.007108211517334,15199379
36.0354700088501,15199379
36.03735017776489,15199379
36.04837656021118,15199379
36.06795310974121,15199379
36.069923400878906,15199379
36.08001947402954,15199379
36.09070086479187,15199379
36.11060333251953,15199379
36.12157320976257,15199379
36.1417121887207,15199379
36.152891874313354,15199379
36.16341972351074,15199379
36.19225883483887,15199379
36.20373725891113,15199379
36.23254656791687,15199379
36.24353742599487,15199379
36.25475358963013,15199379
36.256508111953735,15199379
36.28543043136597,15199379
36.29688549041748,15199379
36.3075156211853,15199379
36.31827735900879,15199379
36.338032484054565,15199379
36.348899126052856,15199379
36.35973405838013,15199379
36.3706316947937,15199379
36.38169574737549,15199379
36.41077637672424,15199379
36.412694692611694,15199379
36.42375063896179,15199379
36.443382263183594,15199379
36.463396310806274,15199379
36.47440838813782,15199379
36.494144678115845,15199379
36.50496482849121,15199379
36.52475643157959,15199379
36.52714514732361,15199379
36.528177976608276,15199379
36.529236793518066,15199379
36.55795669555664,15199379
36.56923961639404,15199379
36.59810972213745,15199379
36.60959792137146,15199379
36.62111210823059,15199379
36.64096403121948,15199379
36.6429078578949,15199379
36.652971506118774,15199379
36.67261004447937,15199379
36.68331503868103,15199379
36.685301065444946,15199379
36.686384201049805,15199379
36.705835580825806,15199379
36.726019859313965,15199379
36.72801661491394,15199379
36.74734807014465,15199379
36.758354902267456,15199379
36.76890516281128,15199379
36.77950954437256,15199379
36.79916167259216,15199379
36.81906056404114,15199379
36.82098031044006,15199379
36.831239223480225,15199379
36.86025595664978,15199379
36.8623833656311,15199379
36.872979402542114,15199379
36.892897844314575,15199379
36.90381073951721,15199379
36.91490316390991,15199379
36.916372776031494,15199379
36.93576216697693,15199379
36.93766689300537,15199379
36.938743591308594,15199379
36.96724200248718,15199379
36.96936321258545,15199379
36.998231649398804,15199379
37.00053429603577,15199379
37.01964473724365,15199379
37.03968596458435,15199379
37.05043077468872,15199379
37.06139516830444,15199379
37.072429180145264,15199379
37.08287453651428,15199379
37.093520641326904,15199379
37.1040985584259,15199379
37.12380337715149,15199379
37.13476896286011,15199379
37.13630032539368,15199379
37.155439615249634,15199379
37.17546010017395,15199379
37.1773898601532,15199379
37.20567321777344,15199379
37.21695685386658,15199379
37.21888089179993,15199379
37.229002952575684,15195663
37.2486469745636,15195663
37.259624004364014,15195663
37.279224157333374,15195663
37.29022431373596,15195663
37.30982708930969,15195663
37.32102370262146,15195663
37.32249188423157,15195663
37.350738763809204,15195663
37.36200475692749,15195663
37.3821656703949,15195663
37.383918046951294,15195663
37.403672218322754,15195663
37.42397928237915,15195663
37.43518567085266,15195663
37.436723709106445,15195663
37.465373516082764,15195663
37.467594623565674,15195663
37.47842717170715,15195663
37.507455348968506,15195663
37.51894211769104,15195663
37.52962279319763,15195663
37.54035663604736,15195663
37.5417857170105,15195663
37.56111979484558,15195663
37.56310725212097,15195663
37.582518339157104,15195663
37.602614879608154,15195663
37.61394667625427,15195663
37.625433921813965,15195663
37.62710356712341,15195663
37.62855267524719,15195663
37.63895225524902,15195663
37.667919874191284,15195663
37.6796441078186,15195663
37.68127202987671,15195663
37.70104265213013,15195663
37.702921628952026,15195663
37.71310114860535,15195663
37.714529514312744,15195663
37.7432975769043,15195663
37.7640323638916,15195663
37.77545213699341,15195663
37.77724599838257,15195663
37.78798747062683,15195663
37.79866313934326,15195663
37.80938935279846,15195663
37.81084108352661,15195663
37.83016800880432,15195663
37.83183145523071,15190340
37.8424277305603,15190340
37.86225414276123,15190340
37.864147424697876,15190340
37.88404440879822,15190340
37.89521026611328,15190340
37.915605783462524,15190340
37.91738295555115,15190340
37.9280641078949,15190340
37.947936058044434,15190340
37.9590961933136,15190340
37.9796667098999,15190340
37.98138451576233,15190340
37.99233865737915,15190340
37.99391508102417,15190340
38.023131370544434,15190340
38.034621477127075,15190340
38.04608702659607,15190340
38.0667986869812,15190340
38.078163862228394,15190340
38.08023548126221,15190340
38.09103298187256,15190340
38.10191631317139,15190340
38.112926721572876,15190340
38.114373445510864,15190340
38.15313529968262,15190340
38.16493487358093,15190340
38.16688680648804,15190340
38.16875720024109,15190340
38.17924666404724,15190340
38.199434995651245,15190340
38.21050477027893,15190340
38.22186803817749,15190340
38.23261260986328,15190340
38.25287222862244,15190340
38.25473093986511,15190340
38.26526665687561,15190340
38.27627944946289,15190340
38.27782201766968,15190340
38.297738790512085,15190340
38.2996940612793,15190340
38.31973624229431,15190340
38.340471267700195,15190340
38.342660427093506,15190340
38.344202756881714,15190340
38.355024337768555,15190340
38.37531518936157,15188903
38.3773033618927,15188903
38.38830924034119,15188903
38.39930272102356,15188903
38.41044330596924,15188903
38.411824226379395,15188903
38.44126272201538,15188903
38.44369077682495,15188903
38.46375250816345,15188903
38.475064516067505,15188903
38.485950231552124,15188903
38.496954679489136,15188903
38.49848175048828,15188903
38.50913429260254,15188903
38.51985311508179,15188903
38.52138423919678,15188903
38.54155349731445,15188903
38.552931785583496,15188903
38.58271360397339,15188903
38.58512997627258,15188903
38.6138916015625,15188903
38.63446855545044,15188903
38.65522575378418,15188903
38.666061878204346,15188903
38.6771764755249,15188903
38.687830209732056,15188903
38.69845724105835,15188903
38.7090265750885,15188903
38.719621896743774,15188903
38.73946809768677,15188903
38.741361141204834,15188903
38.75145721435547,15188903
38.75290393829346,15188903
38.78202748298645,15188903
38.79362392425537,15188903
38.80439496040344,15188903
38.81517052650452,15188903
38.83521103858948,15188903
38.84637999534607,15188903
38.86672568321228,15188903
38.887513160705566,15188903
38.889368534088135,15188903
38.899802684783936,15188903
38.92050075531006,15188903
38.93165040016174,15188903
38.943018198013306,15188903
38.95394730567932,15188903
38.9553599357605,15177230
38.9657244682312,15173061
38.96718454360962,15173061
38.99612641334534,15173061
39.007328033447266,15173061
39.018566370010376,15173061
39.02951383590698,15173061
39.0592885017395,15173061
39.06129312515259,15173061
39.063202142715454,15173061
39.06422734260559,15173061
39.07444095611572,15173061
39.09427857398987,15173061
39.10537362098694,15173061
39.106884479522705,15173061
39.1170551776886,15173061
39.12773942947388,15173061
39.14762759208679,15173061
39.15882706642151,15173061
39.16962218284607,15173061
39.171173334121704,15173061
39.1815710067749,15173061
39.2107949256897,15173061
39.22199535369873,15173061
39.232856035232544,15173061
39.23482275009155,15173061
39.24508261680603,15173061
39.264899015426636,15173061
39.26679730415344,15173061
39.27716088294983,15173061
39.27872586250305,15173061
39.29865527153015,15173061
39.30066657066345,15173061
39.30175447463989,15173061
39.321789264678955,15173061
39.32376313209534,15173061
39.35351061820984,15173061
39.36583352088928,15173061
39.386080503463745,15173061
39.397616147994995,15173061
39.399022817611694,15173061
39.40005660057068,15173061
39.43947243690491,15173061
39.4421808719635,15173061
39.44362759590149,15173061
39.463473320007324,15173061
39.49334120750427,15173061
39.49555945396423,15173061
39.525158166885376,15173061
39.527366399765015,15173061
39.538296699523926,15173061
39.54907202720642,15173061
39.550541400909424,15173061
39.57997369766235,15173061
39.58220052719116,15173061
39.59300994873047,15173061
39.61302447319031,15173061
39.624430894851685,15173061
39.63538479804993,15173061
39.636783838272095,15173061
39.657076835632324,15173061
39.687071084976196,15173061
39.689533948898315,15173061
39.699177742004395,15173061
39.710869550704956,15173061
39.72263550758362,15173061
39.729278564453125,15173061
39.73040747642517,15173061
39.73104548454285,15173061
39.742337703704834,15173061
39.74335980415344,15173061
39.750513315200806,15173061
39.756757736206055,15173061
39.77371025085449,15173061
39.78038024902344,15173061
39.78675937652588,15173061
39.78792405128479,15173061
39.804675579071045,15173061
39.81662344932556,15173061
39.81804895401001,15173061
39.824488162994385,15173061
39.836140155792236,15173061
39.83727693557739,15173061
39.8486704826355,15173061
39.86592745780945,15173061
39.872538328170776,15173061
39.87371063232422,15173061
39.879746198654175,15173061
39.88063335418701,15173061
39.89736008644104,15173061
39.90413236618042,15173061
39.90502333641052,15173061
39.911044120788574,15173061
39.92802667617798,15173061
39.93453335762024,15173061
39.93582558631897,15173061
39.936715602874756,15173061
39.94816780090332,15173061
39.96010398864746,15173061
39.971901416778564,15173061
39.97315979003906,15173061
39.9794180393219,15173061
39.98565649986267,15173061
39.997230529785156,15173061
40.003735065460205,15173061
40.015392780303955,15173061
40.021950483322144,15173061
40.033570766448975,15173061
40.03998517990112,15173061
40.04110622406006,15173061
40.04712176322937,15173061
40.0586998462677,15173061
40.05972170829773,15173061
40.071329832077026,15173061
40.07248592376709,15173061
40.08388924598694,15173061
40.09044003486633,15173061
40.10205578804016,15173061
40.108553886413574,15173061
40.1147985458374,15173061
40.11572790145874,15173061
40.12178945541382,15173061
40.13879919052124,15173061
40.14542770385742,15173061
40.15182638168335,15173061
40.158209562301636,15173061
40.16472339630127,15173061
40.176331996917725,15173061
40.18288516998291,15173061
40.18915891647339,15173061
40.19005107879639,15173061
40.196032762527466,15173061
40.19691276550293,15173061
40.219074010849,15173061
40.22060966491699,15173061
40.24838042259216,15173061
40.250051736831665,15173061
40.25096368789673,15173061
40.26256489753723,15173061
40.269083976745605,15173061
40.27530241012573,15173061
40.29226565361023,15173061
40.29354119300842,15173061
40.29980444908142,15173061
40.3060405254364,15173061
40.3122878074646,15173061
40.32389497756958,15173061
40.330411434173584,15173061
40.336668968200684,15173061
40.34829545021057,15173061
40.35485887527466,15173061
40.36117243766785,15173061
40.372856855392456,15173061
40.384743213653564,15173061
40.396543979644775,15173061
40.39797019958496,15173061
40.414719343185425,15173061
40.42148041725159,15173061
40.42238116264343,15173061
40.44446873664856,15173061
40.44601821899414,15173061
40.462974071502686,15173061
40.464253187179565,15173061
40.470542669296265,15173061
40.47144842147827,15173061
40.48279547691345,15173061
40.49467635154724,15173061
40.50118660926819,15173061
40.50741624832153,15173061
40.51371502876282,15173061
40.53071856498718,15173061
40.53723955154419,15173061
40.53865671157837,15173061
40.544636249542236,15173061
40.55630946159363,15173061
40.562848806381226,15173061
40.56913614273071,15173061
40.57537841796875,15173061
40.581658601760864,15173061
40.58791971206665,15173061
40.58880376815796,15173061
40.594778537750244,15173061
40.61174750328064,15173061
40.61839509010315,15173061
40.62474250793457,15173061
40.63110089302063,15173061
40.637553691864014,15173061
40.6438102722168,15173061
40.65005350112915,15173061
40.661704301834106,15173061
40.66823887825012,15173061
40.67454504966736,15173061
40.68614196777344,15173061
40.69267177581787,15173061
40.69357466697693,15173061
40.69956922531128,15173061
40.705796003341675,15173061
40.706692934036255,15173061
40.70734190940857,15173061
40.713308334350586,15173061
40.72494459152222,15173061
40.726089000701904,15173061
40.74289512634277,15173061
40.75475287437439,15173061
40.76149249076843,15173061
40.76276397705078,15173061
40.7636661529541,15173061
40.77498912811279,15173061
40.77612543106079,15173061
40.7929470539093,15173061
40.79434132575989,15173061
40.81105923652649,15173061
40.817822217941284,15173061
40.824097871780396,15173061
40.83039355278015,15173061
40.842013359069824,15173061
40.84851098060608,15173061
40.85475182533264,15173061
40.86641240119934,15173061
40.87294387817383,15173061
40.87381553649902,15173061
40.88522696495056,15173061
40.886258363723755,15173061
40.892493724823,15173061
40.904114961624146,15173061
40.90524768829346,15173061
40.92207431793213,15173061
40.928823471069336,15173061
40.93507790565491,15173061
40.94133806228638,15173061
40.94759941101074,15173061
40.95926904678345,15173061
40.960410356521606,15173061
40.96105194091797,15173061
40.98311638832092,15173061
40.984649896621704,15173061
40.99631357192993,15173061
41.00824475288391,15173061
41.009379386901855,15173061
41.01539659500122,15173061
41.02164316177368,15173061
41.02253222465515,15173061
41.02314257621765,15173061
41.034483671188354,15173061
41.040961027145386,15173061
41.052595138549805,15173061
41.05900716781616,15173061
41.060153007507324,15173061
41.06617331504822,15173061
41.07240533828735,15173061
41.0894033908844,15173061
41.10157799720764,15173061
41.10809111595154,15173061
41.119733810424805,15173061
41.13688063621521,15173061
41.13842463493347,15173061
41.14464354515076,15173061
41.15088629722595,15173061
41.16248869895935,15173061
41.16898012161255,15173061
41.18061971664429,15173061
41.18712830543518,15173061
41.193453550338745,15173061
41.21054482460022,15173061
41.217122316360474,15173061
41.228819608688354,15173061
41.22996139526367,15173061
41.2363121509552,15173061
41.24282908439636,15173061
41.24911141395569,15173061
41.26074004173279,15173061
41.2617449760437,15173061
41.273409843444824,15173061
41.27994346618652,15173061
41.28081250190735,15173061
41.29217028617859,15173061
41.29867601394653,15173061
41.31570863723755,15173061
41.3169732093811,15173061
41.32862710952759,15173061
41.33502960205078,15173061
41.34141969680786,15173061
41.34791302680969,15173061
41.364909172058105,15173061
41.36618399620056,15173061
41.37782144546509,15173061
41.38436484336853,15173061
41.390647649765015,15173061
41.396913051605225,15173061
41.40855288505554,15173061
41.42044925689697,15173061
41.432395219802856,15173061
41.438947916030884,15173061
41.45064043998718,15173061
41.45715093612671,15173061
41.46349573135376,15173061
41.46976041793823,15173061
41.47606039047241,15173061
41.482370376586914,15173061
41.4886372089386,15173061
41.48951983451843,15173061
41.51166105270386,15173061
41.51304030418396,15173061
41.519567012786865,15173061
41.5258264541626,15173061
41.53205680847168,15173061
41.549031257629395,15173061
41.56087946891785,15173061
41.567673444747925,15173061
41.5689582824707,15173061
41.57519865036011,15173061
41.58684754371643,15173061
41.59876465797424,15173061
41.60515069961548,15173061
41.61168169975281,15173061
41.61794590950012,15173061
41.62416696548462,15173061
41.635759592056274,15173061
41.64765429496765,15173061
41.654093742370605,15173061
41.66058659553528,15173061
41.67220139503479,15173061
41.67874717712402,15173061
41.685017347335815,15173061
41.6965913772583,15173061
41.70835089683533,15173061
41.715108156204224,15173061
41.716010332107544,15173061
41.72203230857849,15173061
41.73361349105835,15173061
41.74012994766235,15173061
41.75708508491516,15173061
41.758524656295776,15173061
41.769938707351685,15173061
41.77645778656006,15173061
41.79334306716919,15173061
41.805262088775635,15173061
41.80653142929077,15173061
41.813063859939575,15173061
41.819276332855225,15173061
41.830931425094604,15173061
41.832080364227295,15173061
41.84340977668762,15173061
41.84990859031677,15173061
41.86149787902832,15173061
41.862648487091064,15173061
41.88466835021973,15173061
41.88619112968445,15173061
41.89771842956543,15173061
41.90960121154785,15173061
41.92143368721008,15173061
41.933265209198,15173061
41.94513773918152,15173061
41.95169281959534,15173061
41.96331596374512,15173061
41.96985149383545,15173061
41.970754861831665,15173061
41.98207759857178,15173061
41.99391531944275,15173061
41.995083808898926,15173061
42.00643348693848,15173061
42.01288843154907,15173061
42.02457284927368,15173061
42.03097939491272,15173061
42.03747773170471,15173061
42.04921364784241,15173061
42.05570864677429,15173061
42.056628942489624,15173061
42.06797480583191,15173061
42.074378490448,15173061
42.080782890319824,15173061
42.08192825317383,15173061
42.09872889518738,15173061
42.1106698513031,15173061
42.112107276916504,15173061
42.11862587928772,15173061
42.11952543258667,15173061
42.13628053665161,15173061
42.13771319389343,15173061
42.14908146858215,15173061
42.16103172302246,15173061
42.172889947891235,15173061
42.17941975593567,15173061
42.19097018241882,15173061
42.20821022987366,15173061
42.20949625968933,15173061
42.221104860305786,15173061
42.22746682167053,15173061
42.233983278274536,15173061
42.250935316085815,15173061
42.25770831108093,15173061
42.2693247795105,15173061
42.270355463027954,15173061
42.27658247947693,15173061
42.28812575340271,15173061
42.294652700424194,15173061
42.31702923774719,15173061
42.31842374801636,15173061
42.32492399215698,15173061
42.3419771194458,15173061
42.34851884841919,15173061
42.34992957115173,15173061
42.35592555999756,15173061
42.37284541130066,15173061
42.374245405197144,15173061
42.38023567199707,15173061
42.391868114471436,15173061
42.409141063690186,15173061
42.410529136657715,15173061
42.421834230422974,15173061
42.42284369468689,15173061
42.434507846832275,15173061
42.446425437927246,15173061
42.45295977592468,15173061
42.46454739570618,15173061
42.4710738658905,15173061
42.47730612754822,15173061
42.48900389671326,15173061
42.49552655220032,15173061
42.50717115402222,15173061
42.51355266571045,15173061
42.52005100250244,15173061
42.531657695770264,15173061
42.54353928565979,15173061
42.54471278190613,15173061
42.550700187683105,15173061
42.5623505115509,15173061
42.568827867507935,15173061
42.57508563995361,15173061
42.586772441864014,15173061
42.59332251548767,15173061
42.61029887199402,15173061
42.61158847808838,15173061
42.61788892745972,15173061
42.629464626312256,15173061
42.63598012924194,15173061
42.64224338531494,15173061
42.643134117126465,15173061
42.649115800857544,15173061
42.64999270439148,15173061
42.661335468292236,15173061
42.66787791252136,15173061
42.67408752441406,15173061
42.68568015098572,15173061
42.6868462562561,15173061
42.703528881073,15173061
42.71019744873047,15173061
42.71655344963074,15173061
42.72291898727417,15173061
42.72942137718201,15173061
42.73570275306702,15173061
42.747376680374146,15173061
42.74853014945984,15173061
42.759944677352905,15173061
42.766467571258545,15173061
42.76735830307007,15173061
42.77870440483093,15173061
42.78525924682617,15173061
42.786136627197266,15173061
42.80825114250183,15173061
42.80976223945618,15173061
42.81062126159668,15173061
42.827393770217896,15173061
42.83389115333557,15173061
42.84040689468384,15173061
42.84158992767334,15173061
42.858540296554565,15173061
42.859970569610596,15173061
42.87132120132446,15173061
42.87234330177307,15173061
42.88393950462341,15173061
42.89575433731079,15173061
42.90225648880005,15173061
42.903148889541626,15173061
42.90911030769348,15173061
42.926095485687256,15173061
42.932740688323975,15173061
42.93926548957825,15173061
42.940149545669556,15173061
42.94617819786072,15173061
42.94704985618591,15173061
42.96374773979187,15173061
42.97049927711487,15173061
42.971386432647705,15173061
42.982757329940796,15173061
42.98934006690979,15173061
42.995617628097534,15173061
43.012603998184204,15173061
43.01386523246765,15173061
43.02547788619995,15173061
43.02662658691406,15173061
43.037986755371094,15173061
43.0444061756134,15173061
43.045541286468506,15173061
43.06230139732361,15173061
43.06894397735596,15173061
43.08081769943237,15173061
43.087329387664795,15173061
43.093584060668945,15173061
43.09445595741272,15173061
43.1164436340332,15173061
43.12317252159119,15173061
43.12454700469971,15173061
43.13055372238159,15173061
43.14221692085266,15173061
43.14322900772095,15173061
43.15487790107727,15173061
43.16142177581787,15173061
43.16764259338379,15173061
43.17930293083191,15173061
43.19121241569519,15173061
43.19760799407959,15173061
43.2039577960968,15173061
43.215659856796265,15173061
43.22230863571167,15173061
43.234137773513794,15173061
43.240668058395386,15173061
43.25768780708313,15173061
43.26446461677551,15173061
43.26538872718811,15173061
43.276766777038574,15173061
43.28863191604614,15173061
43.29517865180969,15173061
43.301454305648804,15173061
43.30769872665405,15173061
43.31393885612488,15173061
43.314815044403076,15173061
43.3368980884552,15173061
43.33842921257019,15173061
43.34465980529785,15173061
43.35093116760254,15173061
43.36798334121704,15173061
43.36926293373108,15173061
43.38086724281311,15173061
43.38738179206848,15173061
43.39897608757019,15173061
43.40550637245178,15173061
43.40640068054199,15173061
43.417773723602295,15173061
43.42432761192322,15173061
43.4251971244812,15173061
43.44193363189697,15173061
43.4433319568634,15173061
43.449323415756226,15173061
43.46089959144592,15173061
43.46205544471741,15173061
43.47340774536133,15173061
43.47454214096069,15173061
43.480522871017456,15173061
43.492135524749756,15173061
43.49327254295349,15173061
43.50993299484253,15173061
43.5113422870636,15173061
43.52272081375122,15173061
43.534669399261475,15173061
43.54115891456604,15173061
43.55811285972595,15173061
43.56489706039429,15173061
43.5765016078949,15173061
43.57764410972595,15173061
43.59431505203247,15173061
43.595582723617554,15173061
43.60186266899109,15173061
43.60272836685181,15173061
43.60333061218262,15173061
43.61467218399048,15173061
43.61579942703247,15173061
43.621763944625854,15173061
43.628010988235474,15173061
43.63424324989319,15173061
43.64048194885254,15173061
43.652175188064575,15173061
43.658527851104736,15173061
43.65967154502869,15173061
43.67639398574829,15173061
43.6830677986145,15173061
43.68947410583496,15173061
43.69598412513733,15173061
43.70756268501282,15173061
43.714091300964355,15173061
43.71498775482178,15173061
43.72960543632507,15173061
43.7404203414917,15173061
43.751500844955444,15173061
43.752978801727295,15173061
43.777358293533325,15173061
43.789318561553955,15173061
43.79584360122681,15173061
43.797109842300415,15173061
43.808711528778076,15173061
43.81517457962036,15173061
43.81605315208435,15173061
43.838003635406494,15173061
43.839407205581665,15173061
43.851293087005615,15173061
43.85770106315613,15173061
43.86410665512085,15173061
43.87047100067139,15173061
43.876859188079834,15173061
43.88861584663391,15173061
43.895262718200684,15173061
43.907111406326294,15173061
43.90826153755188,15173061
43.91969108581543,15173061
43.92620134353638,15173061
43.93247985839844,15173061
43.93872690200806,15173061
43.93962240219116,15173061
43.95096707344055,15173061
43.95209574699402,15173061
43.96346926689148,15173061
43.9752242565155,15173061
43.98186278343201,15173061
43.99367952346802,15173061
43.9946768283844,15173061
44.0062940120697,15173061
44.012688398361206,15173061
44.01911187171936,15173061
44.020265340805054,15173061
44.026246070861816,15173061
44.04322004318237,15173061
44.04985046386719,15173061
44.056379556655884,15173061
44.06804132461548,15173061
44.074413776397705,15173061
44.086162090301514,15173061
44.0928053855896,15173061
44.09935164451599,15173061
44.11098575592041,15173061
44.12286067008972,15173061
44.134623527526855,15173061
44.135908126831055,15173061
44.14757299423218,15173061
44.15410852432251,15173061
44.16577100753784,15173061
44.17234659194946,15173061
44.17862105369568,15173061
44.184869050979614,15173061
44.20189666748047,15173061
44.20868992805481,15173061
44.21493172645569,15173061
44.23190999031067,15173061
44.238548040390015,15173061
44.23970007896423,15173061
44.2564218044281,15173061
44.25758075714111,15173061
44.263964891433716,15173061
44.27047824859619,15173061
44.282103300094604,15173061
44.28325963020325,15173061
44.28934955596924,15173061
44.30634117126465,15173061
44.30775547027588,15173061
44.31905961036682,15173061
44.330973863601685,15173061
44.3373384475708,15173061
44.34386444091797,15173061
44.35007619857788,15173061
44.350940227508545,15173061
44.36225986480713,15173061
44.363372802734375,15173061
44.36402678489685,15173061
44.375386238098145,15173061
44.381874799728394,15173061
44.382728576660156,15173061
44.388733863830566,15173061
44.40573716163635,15173061
44.40701675415039,15173061
44.41323733329773,15173061
44.42491936683655,15173061
44.43140149116516,15173061
44.437689542770386,15173061
44.44927000999451,15173061
44.45564556121826,15173061
44.462164640426636,15173061
44.479164123535156,15173061
44.48593258857727,15173061
44.492223501205444,15173061
44.50382471084595,15173061
44.505003929138184,15173061
44.51100492477417,15173061
44.511916399002075,15173061
44.52328968048096,15173061
44.52986931800842,15173061
44.54148054122925,15173061
44.54804491996765,15173061
44.548948526382446,15173061
44.57098603248596,15173061
44.57237458229065,15173061
44.57339596748352,15173061
44.585031032562256,15173061
44.58618879318237,15173061
44.592212200164795,15173061
44.60924577713013,15173061
44.61051964759827,15173061
44.62212014198303,15173061
44.6286461353302,15173061
44.634891748428345,15173061
44.64115047454834,15173061
44.6420476436615,15173061
44.658780336380005,15173061
44.66018772125244,15173061
44.666239976882935,15173061
44.67788243293762,15173061
44.67902421951294,15173061
44.69576644897461,15173061
44.70257592201233,15173061
44.70347785949707,15173061
44.72020220756531,15173061
44.726691007614136,15173061
44.73347496986389,15173061
44.73976945877075,15173061
44.740665435791016,15173061
44.7520318031311,15173061
44.76378607749939,15173061
44.770586013793945,15173061
44.78759574890137,15173061
44.788894176483154,15173061
44.78976821899414,15173061
44.80114459991455,15173061
44.80228805541992,15173061
44.81370997428894,15173061
44.82024598121643,15173061
44.83184504508972,15173061
44.83840727806091,15173061
44.839330434799194,15173061
44.845372676849365,15173061
44.85157322883606,15173061
44.852447271347046,15173061
44.8638072013855,15173061
44.87030816078186,15173061
44.88190770149231,15173061
44.89375901222229,15173061
44.900131702423096,15173061
44.911932945251465,15173061
44.91845512390137,15173061
44.92470622062683,15173061
44.925615310668945,15173061
44.93698978424072,15173061
44.94877243041992,15173061
44.9607458114624,15173061
44.97271704673767,15173061
44.9793267250061,15173061
44.98036217689514,15173061
44.986584186553955,15173061
44.98749089241028,15173061
45.00414562225342,15173061
45.01089811325073,15173061
45.027860164642334,15173061
45.03449058532715,15173061
45.051573038101196,15173061
45.06363868713379,15173061
45.07052707672119,15173061
45.07193446159363,15173061
45.0784797668457,15173061
45.07938742637634,15173061
45.085386753082275,15173061
45.09699463844299,15173061
45.108874559402466,15173061
45.1154248714447,15173061
45.1216824054718,15173061
45.138646364212036,15173061
45.14528751373291,15173061
45.151811599731445,15173061
45.15811848640442,15173061
45.16438126564026,15173061
45.17600178718567,15173061
45.18789982795715,15173061
45.199827909469604,15173061
45.200844526290894,15173061
45.2017457485199,15173061
45.207736015319824,15173061
45.213990449905396,15173061
45.22024655342102,15173061
45.22647476196289,15173061
45.232710123062134,15173061
45.244364500045776,15173061
45.25624418258667,15173061
45.26800608634949,15173061
45.27452731132507,15173061
45.2813036441803,15173061
45.287598609924316,15173061
45.293883085250854,15173061
45.30552911758423,15173061
45.31195902824402,15173061
45.31310200691223,15173061
45.32982087135315,15173061
45.33122730255127,15173061
45.34256672859192,15173061
45.343706130981445,15173061
45.34976291656494,15173061
45.36144828796387,15173061
45.373356103897095,15173061
45.379841804504395,15173061
45.386106967926025,15173061
45.39235305786133,15173061
45.40399146080017,15173061
45.40501260757446,15173061
45.416691064834595,15173061
45.42323684692383,15173061
45.44023823738098,15173061
45.452285051345825,15173061
45.45897030830383,15173061
45.4601047039032,15173061
45.482213497161865,15173061
45.48376226425171,15173061
45.490012645721436,15173061
45.496289014816284,15173061
45.50253343582153,15173061
45.51415777206421,15173061
45.52063608169556,15173061
45.53232169151306,15173061
45.538719177246094,15173061
45.539889335632324,15173061
45.54051113128662,15173061
45.55187964439392,15173061
45.55287957191467,15173061
45.569889068603516,15173061
45.57116913795471,15173061
45.577444076538086,15173061
45.58905839920044,15173061
45.59558606147766,15173061
45.60185766220093,15173061
45.60812997817993,15173061
45.61439394950867,15173061
45.6259925365448,15173061
45.62700176239014,15173061
45.63329720497131,15173061
45.63419961929321,15173061
45.6455442905426,15173061
45.657435178756714,15173061
45.66400456428528,15173061
45.67562818527222,15173061
45.68214702606201,15173061
45.68306756019592,15173061
45.69444131851196,15173061
45.6954505443573,15173061
45.6963267326355,15173061
45.713064432144165,15173061
45.71983337402344,15173061
45.73146915435791,15173061
45.737957239151,15173061
45.74960899353027,15173061
45.75612688064575,15173061
45.77852272987366,15173061
45.785351276397705,15173061
45.78648924827576,15173061
45.79291391372681,15173061
45.7994430065155,15173061
45.80572724342346,15173061
45.811983823776245,15173061
45.81827783584595,15173061
45.829890727996826,15173061
45.841644525527954,15173061
45.84292817115784,15173061
45.85993504524231,15173061
45.86121964454651,15173061
45.872798204422,15173061
45.87917184829712,15173061
45.8857262134552,15173061
45.8973388671875,15172610
45.89849352836609,15172610
45.90453839302063,15172610
45.90543818473816,15172610
45.91146230697632,15172610
45.91236424446106,15172610
45.92373776435852,15172610
45.924893856048584,15172610
45.93633198738098,15172610
45.93748736381531,15172610
45.95424175262451,15172610
45.95552396774292,15172610
45.972567319869995,15172610
45.979196310043335,15172610
45.98036217689514,15172610
45.99708580970764,15172610
46.00908184051514,15172610
46.01589632034302,15172610
46.022186040878296,15172610
46.028470277786255,15172610
46.045456886291504,15172610
46.05203318595886,15172610
46.053452253341675,15172610
46.07025980949402,15172610
46.071653842926025,15172610
46.088454246520996,15172610
46.09508228302002,15172610
46.1016411781311,15172610
46.10796022415161,15172610
46.11413526535034,15172610
46.115033864974976,15172610
46.11563515663147,15172610
46.13236093521118,15172610
46.1390426158905,15172610
46.150941371917725,15172610
46.15209436416626,15172610
46.174131870269775,15172610
46.18092083930969,15172610
46.18218374252319,15172610
46.19379758834839,15172610
46.19497799873352,15172610
46.21178841590881,15172610
46.21861505508423,15172610
46.22488522529602,15172610
46.241811752319336,15172610
46.24310779571533,15172610
46.25476145744324,15172610
46.2612624168396,15172610
46.26214265823364,15172610
46.268168449401855,15172610
46.2797589302063,15172610
46.28091502189636,15172610
46.30306148529053,15172610
46.30446219444275,15172610
46.30561876296997,15172610
46.311583518981934,15172610
46.323143005371094,15172610
46.32415294647217,15172610
46.33568072319031,15172610
46.34219670295715,15172610
46.34846353530884,15172610
46.3600959777832,15172610
46.36663842201233,15172610
46.37830591201782,15172610
46.3794379234314,15172610
46.385449171066284,15172610
46.39177346229553,15172610
46.39266300201416,15172610
46.40414333343506,15172610
46.421411991119385,15172610
46.42792463302612,15172610
46.434701919555664,15172610
46.44096660614014,15172610
46.45256519317627,15172610
46.46445655822754,15172610
46.47097873687744,15172610
46.47722673416138,15172610
46.48888444900513,15172610
46.490044355392456,15172610
46.50141954421997,15172610
46.50254774093628,15172610
46.51922631263733,15172610
46.52590489387512,15172610
46.52705693244934,15172610
46.543779611587524,15172610
46.55060005187988,15172610
46.5675573348999,15172610
46.57417106628418,15172610
46.580671310424805,15172610
46.58157277107239,15172610
46.59828281402588,15172610
46.59969758987427,15172610
46.61635971069336,15172610
46.6231746673584,15172610
46.63482427597046,15172610
46.64137315750122,15172610
46.6530020236969,15172610
46.654155015945435,15172610
46.66552209854126,15172610
46.666667222976685,15172610
46.694193601608276,15172610
46.69571375846863,15172610
46.70237445831299,15172610
46.703542709350586,15172610
46.71488857269287,15172610
46.72139525413513,15172610
46.73298239707947,15172610
46.73412346839905,15172610
46.74549603462219,15172610
46.746628284454346,15172610
46.75797080993652,15172610
46.7591278553009,15172610
46.77050042152405,15172610
46.77167463302612,15172610
46.78311824798584,15172610
46.79486680030823,15172610
46.80695819854736,15172610
46.80814051628113,15172610
46.81413221359253,15172610
46.83119249343872,15172610
46.83246183395386,15172610
46.849470376968384,15172610
46.85075616836548,15172610
46.85163617134094,15172610
46.86297154426575,15172610
46.86951684951782,15172610
46.88117170333862,15172610
46.8982355594635,15172610
46.90513324737549,15172610
46.911675453186035,15172610
46.91795110702515,15172610
46.92424654960632,15172610
46.93048548698425,15172610
46.936736822128296,15172610
46.94841241836548,15172610
46.94956350326538,15172610
46.96629333496094,15172610
46.97311520576477,15172610
46.99009871482849,15172610
46.99151277542114,15172610
46.99752116203308,15172610
47.009212017059326,15172610
47.01034498214722,15172610
47.02169919013977,15172610
47.022868633270264,15172610
47.02348518371582,15172610
47.03484106063843,15172610
47.03597950935364,15172610
47.0580792427063,15172610
47.06495499610901,15172610
47.07150936126709,15172610
47.083170890808105,15172610
47.084182024002075,15172610
47.09046149253845,15172610
47.10100555419922,15172610
47.12048697471619,15172610
47.131539821624756,15172610
47.142385959625244,15172610
47.18042492866516,15172610
47.18281364440918,15172610
47.184654712677,15172610
47.21357178688049,15172610
47.234185218811035,15172610
47.236653327941895,15172610
47.24703645706177,15169256
47.257776737213135,15169256
47.26857852935791,15169256
47.27928400039673,15169256
47.29921269416809,15169256
47.31942963600159,15169256
47.331172466278076,15169256
47.34240484237671,15169256
47.343953132629395,15169256
47.373274087905884,15169256
47.37556767463684,15169256
47.37715458869934,15169256
47.3874294757843,15169256
47.39809989929199,15169256
47.42729091644287,15169256
47.43876600265503,15169256
47.4589102268219,15169256
47.4796667098999,15169256
47.491069078445435,15169256
47.50189781188965,15169256
47.51291036605835,15169256
47.5142982006073,15169256
47.51530456542969,15169256
47.52537274360657,15169256
47.5637731552124,15169256
47.57518267631531,15169256
47.577558755874634,15169256
47.5883686542511,15169256
47.59942650794983,15169256
47.60999798774719,15169256
47.6386513710022,15169256
47.64079427719116,15169256
47.66038727760315,15169256
47.67131519317627,15169256
47.68185544013977,15169256
47.69242835044861,15169256
47.70308256149292,15169256
47.7045214176178,15169256
47.74210047721863,15169256
47.74435758590698,15169256
47.76475930213928,15169256
47.76646304130554,15169256
47.795851707458496,15169256
47.79789638519287,15169256
47.80865263938904,15169256
47.84771394729614,15169256
47.85000467300415,15169256
47.870845079422,15169256
47.88217234611511,15169256
47.90262269973755,15169256
47.91401290893555,15169256
47.935094594955444,15169256
47.95626950263977,15169256
47.95821022987366,15169256
47.98795676231384,15169256
47.990145206451416,15169256
48.01084351539612,15169256
48.01278257369995,15169256
48.05265212059021,15169256
48.05511450767517,15169256
48.085752725601196,15169256
48.08804678916931,15169256
48.099122762680054,15169256
48.11989378929138,15169256
48.131388664245605,15169256
48.16135096549988,15169256
48.16354060173035,15169256
48.17498517036438,15169256
48.186426877975464,15169256
48.1974937915802,15169256
48.21819853782654,15169256
48.22944951057434,15169256
48.250521421432495,15169256
48.262104511260986,15169256
48.273364543914795,15169256
48.28495788574219,15169256
48.29610204696655,15169256
48.32618045806885,15169256
48.33815836906433,15169256
48.358208417892456,15169256
48.36013388633728,15169256
48.370766162872314,15169256
48.399961948394775,15169256
48.42041730880737,15169256
48.42291259765625,15169256
48.43361282348633,15169256
48.45359921455383,15169256
48.45549726486206,15169256
48.49406147003174,15169256
48.50587701797485,15169256
48.508158683776855,15169256
48.52780342102051,15169256
48.55824375152588,15169256
48.560115814208984,15169256
48.57148098945618,15169256
48.59204983711243,15169256
48.59398126602173,15169256
48.6238489151001,15169256
48.63555431365967,15169256
48.64705204963684,15169256
48.65812063217163,15169256
48.659627199172974,15169256
48.67026114463806,15169256
48.68137502670288,15169256
48.69243025779724,15169256
48.70382499694824,15169256
48.72462034225464,15169256
48.74492883682251,15169256
48.747093200683594,15169256
48.7584810256958,15169256
48.77898621559143,15169256
48.79040288925171,15169256
48.81071639060974,15169256
48.84028935432434,15169256
48.84265637397766,15169256
48.86208629608154,15169256
48.88268566131592,15169256
48.90392994880676,15169256
48.90586853027344,15169256
48.91642618179321,15169256
48.94659733772278,15169256
48.94905495643616,15169256
48.97887206077576,15169256
48.990670919418335,15169256
49.0020592212677,15169256
49.023205280303955,15169256
49.03483247756958,15169256
49.06433153152466,15169256
49.084949254989624,15169256
49.096256732940674,15169256
49.10757279396057,15169256
49.127716064453125,15169256
49.129666805267334,15169256
49.16777777671814,15169256
49.17921304702759,15169256
49.19089484214783,15169256
49.192791223526,15169256
49.23092770576477,15169256
49.24241757392883,15169256
49.253628730773926,15169256
49.25600719451904,15169256
49.25713229179382,15169256
49.258262634277344,15169256
49.26902151107788,15169256
49.307926177978516,15169256
49.328953981399536,15169256
49.33149766921997,15169256
49.342272996902466,15169256
49.35289478302002,15169256
49.36364006996155,15169256
49.3744101524353,15169256
49.38526177406311,15169256
49.405197620391846,15169256
49.42561459541321,15169256
49.42755484580994,15169256
49.44701647758484,15169256
49.45822858810425,15169256
49.46906590461731,15169256
49.48897123336792,15169256
49.49995136260986,15169256
49.52018690109253,15169256
49.540361642837524,15169256
49.54252505302429,15169256
49.57175636291504,15169256
49.57360911369324,15169256
49.5755295753479,15169256
49.576544523239136,15169256
49.59617781639099,15169256
49.616464138031006,15169256
49.627458572387695,15169256
49.64767646789551,15169256
49.64936065673828,15169256
49.678950786590576,15169256
49.68080282211304,15169256
49.691962242126465,15169256
49.702720165252686,15169256
49.7227509021759,15169256
49.734023332595825,15169256
49.73549175262451,15169256
49.7458074092865,15169256
49.756468534469604,15169256
49.78581118583679,15169256
49.79739785194397,15169256
49.81762933731079,15169256
49.82897996902466,15169256
49.83044123649597,15169256
49.85023212432861,15169256
49.88053894042969,15169256
49.88297200202942,15169256
49.894423484802246,15169256
49.90601944923401,15169256
49.92715930938721,15169256
49.94813108444214,15169256
49.95988345146179,15169256
49.971190214157104,15169256
49.982895612716675,15169256
49.994266986846924,15169256
50.015273332595825,15169256
50.03626728057861,15169256
50.047444581985474,15169256
50.05885553359985,15169256
50.08866834640503,15169256
50.09996318817139,15169256
50.10253977775574,15169256
50.113614082336426,15169256
50.12472486495972,15169256
50.14541816711426,15169256
50.147348165512085,15169256
50.15811824798584,15169256
50.15964317321777,15169256
50.189321517944336,15169256
50.20076847076416,15169256
50.20294713973999,15169256
50.23390579223633,15169256
50.24595022201538,15169256
50.25712609291077,15169256
50.268502950668335,15169256
50.27984666824341,15169256
50.29093265533447,15169256
50.321125984191895,15169256
50.3328218460083,15169256
50.34438729286194,15169256
50.365028381347656,15169256
50.38596796989441,15169256
50.397178411483765,15169256
50.399176597595215,15169256
50.409793853759766,15169256
50.42093801498413,15169256
50.431909799575806,15169256
50.45271039009094,15169256
50.463967084884644,15169256
50.475661277770996,15169256
50.48680639266968,15169256
50.507807970047,15169256
50.53857159614563,15169256
50.540976762771606,15169256
50.56113886833191,15169256
50.58174753189087,15169256
50.5839409828186,15169256
50.58545732498169,15169256
50.60578989982605,15169256
50.607752561569214,15169256
50.62831139564514,15169256
50.64943718910217,15169256
50.651405334472656,15169256
50.68048810958862,15169256
50.68243169784546,15169256
50.69375467300415,15169256
50.69572114944458,15169256
50.72579574584961,15169256
50.728034257888794,15169256
50.748812198638916,15169256
50.76044201850891,15169256
50.77138543128967,15169256
50.77296733856201,15169256
50.774041414260864,15169256
50.784733057022095,15169256
50.79591393470764,15169256
50.79732632637024,15169256
50.8172447681427,15169256
50.82873201370239,15169256
50.83952617645264,15169256
50.85032844543457,15169256
50.86125111579895,15169256
50.88199830055237,15169256
50.902790784835815,15169256
50.9049859046936,15169256
50.925586223602295,15169256
50.93694758415222,15169256
50.94853401184082,15169256
50.98779821395874,15169256
50.99018716812134,15169256
51.020612478256226,15169256
51.022605657577515,15169256
51.034090995788574,15169256
51.045408964157104,15169256
51.07535791397095,15169256
51.07777643203735,15169256
51.09805369377136,15169256
51.10000157356262,15169256
51.129518032073975,15169256
51.15061688423157,15169256
51.152782678604126,15169256
51.182557344436646,15169256
51.20290684700012,15169256
51.214242458343506,15169256
51.2161910533905,15169256
51.236215353012085,15169256
51.23793983459473,15169256
51.24877333641052,15169256
51.26881432533264,15169256
51.28013324737549,15169256
51.29088068008423,15169256
51.31110692024231,15169256
51.31305170059204,15169256
51.36082482337952,15169256
51.363322496414185,15169256
51.3840229511261,15169256
51.38615965843201,15169256
51.38764309883118,15169256
51.397902965545654,15169256
51.436609506607056,15169256
51.43913912773132,15169256
51.44985914230347,15169256
51.46073603630066,15169256
51.4715735912323,15169256
51.47306489944458,15169256
51.49270272254944,15169256
51.50385904312134,15169256
51.50532031059265,15169256
51.52487516403198,15169256
51.545671224594116,15169256
51.547532081604004,15169256
51.58637094497681,15169256
51.5887086391449,15169256
51.609352111816406,15169256
51.61133289337158,15169256
51.61235332489014,15169256
51.62294673919678,15169256
51.64368939399719,15169256
51.66502404212952,15169256
51.695168256759644,15169256
51.697829723358154,15169256
51.7089786529541,15169256
51.720338344573975,15169256
51.72727727890015,15169256
51.73355722427368,15169256
51.734445095062256,15169256
51.751187324523926,15169256
51.75779151916504,15169256
51.75895881652832,15169256
51.77032804489136,15169256
51.77147173881531,15169256
51.77748370170593,15169256
51.789121866226196,15169256
51.806384325027466,15169256
51.81303572654724,15169256
51.819507122039795,15169256
51.82040810585022,15169256
51.83175253868103,15169256
51.84365367889404,15169256
51.84481739997864,15169256
51.86154055595398,15169256
51.86271119117737,15169256
51.869239807128906,15169256
51.875497341156006,15169256
51.88177490234375,15169256
51.8826801776886,15169256
51.888718128204346,15169256
51.894968032836914,15169256
51.90125226974487,15169256
51.91288709640503,15169256
51.92472314834595,15169256
51.94196081161499,15169256
51.94322323799133,15169256
51.96015739440918,15169256
51.96681594848633,15169256
51.97333860397339,15169256
51.97425150871277,15169256
51.98032522201538,15169256
51.99732279777527,15169256
51.99846649169922,15169256
51.99936127662659,15169256
52.00022649765015,15169256
52.01160454750061,15169256
52.01812434196472,15169256
52.02976846694946,15169256
52.0469696521759,15169256
52.04838585853577,15169256
52.0597882270813,15169256
52.06631088256836,15169256
52.07260322570801,15169256
52.084256410598755,15169256
52.09065103530884,15169256
52.097153663635254,15169256
52.108792781829834,15169256
52.115272998809814,15169256
52.11615514755249,15169256
52.1275908946991,15169256
52.13395118713379,15169256
52.14046335220337,15169256
52.15746355056763,15169256
52.158613204956055,15169256
52.159749031066895,15169256
52.16574764251709,15169256
52.16662573814392,15169256
52.1726348400116,15169256
52.18956708908081,15169256
52.20148682594299,15169256
52.20290780067444,15169256
52.20392465591431,15169256
52.21018409729004,15169256
52.22714805603027,15169256
52.22840929031372,15169256
52.23468828201294,15169256
52.24627232551575,15169256
52.25264930725098,15169256
52.25918388366699,15169256
52.27081632614136,15169256
52.2826886177063,15169256
52.29452657699585,15169256
52.31187033653259,15169256
52.31314158439636,15169256
52.31976556777954,15169256
52.320908308029175,15169256
52.33766174316406,15169256
52.33894896507263,15169256
52.345229148864746,15169256
52.35146951675415,15169256
52.35235929489136,15169256
52.363723278045654,15169256
52.3648886680603,15169256
52.38702321052551,15169256
52.39369487762451,15169256
52.39510631561279,15169256
52.40672850608826,15169256
52.41341543197632,15169256
52.419970989227295,15169256
52.431599140167236,15169256
52.43808126449585,15169256
52.444374561309814,15169256
52.45594811439514,15169256
52.46249508857727,15169256
52.46876764297485,15169256
52.480430364608765,15169256
52.486804246902466,15169256
52.48796892166138,15169256
52.49404311180115,15169256
52.50029921531677,15169256
52.51725745201111,15169256
52.51854348182678,15169256
52.519431829452515,15169256
52.53077292442322,15169256
52.54782295227051,15169256
52.54924201965332,15169256
52.560986042022705,15169256
52.56238341331482,15169256
52.56842350959778,15169256
52.57464241981506,15169256
52.58627438545227,15169256
52.59822678565979,15169256
52.61012530326843,15169256
52.61116051673889,15169256
52.628193855285645,15169256
52.629488706588745,15169256
52.63038444519043,15169256
52.64171361923218,15169256
52.64821124076843,15169256
52.64911365509033,15169256
52.66041278839111,15169256
52.66689491271973,15169256
52.67859148979187,15169256
52.67973780632019,15169256
52.69104814529419,15169256
52.69219708442688,15169256
52.703575134277344,15169256
52.71544694900513,15169256
52.71657657623291,15169256
52.72793960571289,15169256
52.739803075790405,15169256
52.74629807472229,15169256
52.75796103477478,15169256
52.75913333892822,15169256
52.76509356498718,15169256
52.771329402923584,15169256
52.782970666885376,15169256
52.78951454162598,15169256
52.80118179321289,15169256
52.81307339668274,15169256
52.81421399116516,15169256
52.82558608055115,15169256
52.82658815383911,15169256
52.8328332901001,15169256
52.83908820152283,15169256
52.861398696899414,15169256
52.86279487609863,15169256
52.86917495727539,15169256
52.8756902217865,15169256
52.88735580444336,15169256
52.88850808143616,15169256
52.88912534713745,15169256
52.90586447715759,15169256
52.90711188316345,15169256
52.91338801383972,15169256
52.92503809928894,15169256
52.936768531799316,15169256
52.938194036483765,15169256
52.95490789413452,15169256
52.95617318153381,15169256
52.962395906448364,15169256
52.96326923370361,15169256
52.97459149360657,15169256
52.98650622367859,15169256
52.98766899108887,15169256
53.00443387031555,15169256
53.0057008266449,15169256
53.011977195739746,15169256
53.01830005645752,15169256
53.03528356552124,15169256
53.04196763038635,15169256
53.043126344680786,15169256
53.04376435279846,15169256
53.049808740615845,15169256
53.06149959564209,15169256
53.06251120567322,15169256
53.07951760292053,15169256
53.086262941360474,15169256
53.087175607681274,15169256
53.0931601524353,15169256
53.10478591918945,15169256
53.12190914154053,15169256
53.12330412864685,15169256
53.124441146850586,15169256
53.13581109046936,15169256
53.13693690299988,15169256
53.14828300476074,15169256
53.16547083854675,15169256
53.17237091064453,15169256
53.17339539527893,15169256
53.18507766723633,15169256
53.186235427856445,15169256
53.19756817817688,15169256
53.19872426986694,15169256
53.20471215248108,15169256
53.22166061401367,15169256
53.22832918167114,15169256
53.24019718170166,15169256
53.25202679634094,15169256
53.25843143463135,15169256
53.270182847976685,15169256
53.2715802192688,15169256
53.28295159339905,15169256
53.289464473724365,15169256
53.30106520652771,15169256
53.31280159950256,15169256
53.31394290924072,15169256
53.31504845619202,15169256
53.33177709579468,15169256
53.33320426940918,15169256
53.34825587272644,15169256
53.35956406593323,15169256
53.38909077644348,15169256
53.39153003692627,15169256
53.42073369026184,15169256
53.42318534851074,15169256
53.42422342300415,15169256
53.43487024307251,15169256
53.436402559280396,15169256
53.46612000465393,15169256
53.488101959228516,15169256
53.499717235565186,15169256
53.52007699012756,15169256
53.531819105148315,15169256
53.552063941955566,15169256
53.554014921188354,15169256
53.55506896972656,15169256
53.57480216026306,15169256
53.60445713996887,15169256
53.6070351600647,15169256
53.60853862762451,15169256
53.61923098564148,15169256
53.640199422836304,15169256
53.64213156700134,15169256
53.66241955757141,15169256
53.68328356742859,15169256
53.694584131240845,15169256
53.70545768737793,15169256
53.7162766456604,15169256
53.727304458618164,15169256
53.74846386909485,15169256
53.778255462646484,15169256
53.7806077003479,15169256
53.79190707206726,15169256
53.81201195716858,15169256
53.83218836784363,15169256
53.84336972236633,15169256
53.855003356933594,15169256
53.874892234802246,15169256
53.88596773147583,15169256
53.88742232322693,15169256
53.916526556015015,15169256
53.9281210899353,15169256
53.93946576118469,15169256
53.95079302787781,15169256
53.96196484565735,15169256
53.972928047180176,15169256
53.98412799835205,15169256
54.00456714630127,15169256
54.00639081001282,15169256
54.04557490348816,15169256
54.05761361122131,15169256
54.060046434402466,15169256
54.09019494056702,15169256
54.09238409996033,15169256
54.11315941810608,15169256
54.115097522735596,15169256
54.144758462905884,15169256
54.14693522453308,15169256
54.16763520240784,15169256
54.19790983200073,15169256
54.20948004722595,15169256
54.211233139038086,15169256
54.240957260131836,15169256
54.2524631023407,15169256
54.26377725601196,15169256
54.27482533454895,15169256
54.29513335227966,15169256
54.297080755233765,15169256
54.3077974319458,15169256
54.327990770339966,15169256
54.33943247795105,15169256
54.35070824623108,15169256
54.361854553222656,15169256
54.3916699886322,15169256
54.40362048149109,15169256
54.43322467803955,15169256
54.435157775878906,15169256
54.43715262413025,15169256
54.4478063583374,15169256
54.45879673957825,15169256
54.472493171691895,15169256
54.473506689071655,15169256
54.47979211807251,15169256
54.496826171875,15169256
54.498125314712524,15169256
54.50438165664673,15169256
54.50526571273804,15169256
54.51664066314697,15169256
54.52849745750427,15169256
54.540404081344604,15169256
54.552239179611206,15169256
54.5642671585083,15169256
54.57081174850464,15169256
54.58243775367737,15169256
54.58357787132263,15169256
54.60033082962036,15169256
54.61234188079834,15169256
54.61896991729736,15169256
54.625492095947266,15169256
54.637155055999756,15169256
54.6383171081543,15169256
54.65509295463562,15169256
54.65626406669617,15169256
54.66281747817993,15169256
54.663703203201294,15169256
54.6697518825531,15169256
54.676021099090576,15169256
54.687671422958374,15169256
54.694199323654175,15169256
54.700461864471436,15169256
54.71754336357117,15169256
54.718870639801025,15169256
54.73049330711365,15169256
54.737030267715454,15169256
54.74331760406494,15169256
54.74956965446472,15169256
54.761202812194824,15169256
54.767762899398804,15169256
54.7794029712677,15169256
54.785911560058594,15169256
54.79224514961243,15169256
54.79314398765564,15169256
54.80449032783508,15169256
54.81639289855957,15169256
54.82291626930237,15169256
54.82380032539368,15169256
54.84053325653076,15169256
54.84193301200867,15169256
54.8479380607605,15169256
54.85416007041931,15169256
54.8656907081604,15169256
54.87226223945618,15169256
54.87314200401306,15169256
54.88452172279358,15169256
54.89091730117798,15169256
54.897403955459595,15169256
54.91436982154846,15169256
54.92102313041687,15169256
54.927510023117065,15169256
54.92839813232422,15169256
54.929049253463745,15169256
54.93502688407898,15169256
54.95203638076782,15169256
54.95869851112366,15169256
54.97593593597412,15169256
54.986982107162476,15169256
55.016828775405884,15169256
55.01880884170532,15169256
55.030123233795166,15169256
55.060468673706055,15169256
55.062443256378174,15169256
55.08360290527344,15169256
55.08557391166687,15169256
55.12499785423279,15169256
55.12789821624756,15169256
55.13858914375305,15169256
55.149842739105225,15169256
55.170490980148315,15169256
55.191436767578125,15169256
55.19381880760193,15169256
55.22324299812317,15169256
55.234670877456665,15169256
55.24674201011658,15169256
55.257867097854614,15169256
55.26925849914551,15169256
55.27077627182007,15169256
55.28168988227844,15169256
55.3022346496582,15169256
55.31344413757324,15169256
55.32443428039551,15169256
55.34500741958618,15169256
55.34699010848999,15167367
55.38560438156128,15167367
55.388240337371826,15167367
55.40875577926636,15167367
55.41070508956909,15167367
55.42138600349426,15167367
55.43241834640503,15167367
55.43393397331238,15167367
55.44461393356323,15167367
55.45609140396118,15167367
55.47736430168152,15167367
55.48925757408142,15167367
55.50050950050354,15167367
55.511462688446045,15167367
55.53209447860718,15167367
55.543662786483765,15167367
55.55494689941406,15167367
55.5659065246582,15167367
55.58688831329346,15167367
55.598495960235596,15167367
55.60006308555603,15167367
55.620285987854004,15167367
55.631930351257324,15167367
55.6617956161499,15167367
55.664217472076416,15167367
55.67466163635254,15167367
55.69498825073242,15167367
55.71573877334595,15167367
55.72729134559631,15167367
55.73864197731018,15167367
55.74995136260986,15167367
55.7611346244812,15167367
55.76265001296997,15167367
55.77327847480774,15167367
55.803006649017334,15167367
55.80517339706421,15167367
55.81636118888855,15167367
55.81791925430298,15167367
55.84764623641968,15167367
55.859405517578125,15167367
55.86137557029724,15167367
55.88154172897339,15167367
55.89284157752991,15167367
55.90448570251465,15167367
55.91560339927673,15167367
55.945778608322144,15167367
55.957870960235596,15167367
55.96940898895264,15167367
55.9713830947876,15167367
56.00153708457947,15167367
56.013397216796875,15167367
56.015373945236206,15167367
56.03562355041504,15167367
56.056480169296265,15167367
56.05862808227539,15167367
56.069700717926025,15167367
56.09097480773926,15167367
56.10222816467285,15167367
56.113728284835815,15167367
56.134305238723755,15167367
56.14549541473389,15167367
56.175766706466675,15167367
56.18775725364685,15167367
56.19879961013794,15167367
56.219279527664185,15167367
56.23071050643921,15167367
56.23222827911377,15167367
56.25214123725891,15167367
56.26361799240112,15167367
56.27498936653137,15167367
56.295562505722046,15167367
56.31594681739807,15167367
56.327046394348145,15167367
56.34692311286926,15167367
56.34885931015015,15167367
56.359219551086426,15167367
56.369887590408325,15167367
56.38047933578491,15167367
56.391165256500244,15167367
56.39266800880432,15167367
56.40304636955261,15167367
56.42336416244507,15167367
56.42524719238281,15167367
56.43575048446655,15165444
56.46548533439636,15165444
56.477134466171265,15165444
56.479151010513306,15165444
56.48972702026367,15165444
56.5102174282074,15165444
56.52182579040527,15165444
56.55157685279846,15165444
56.55372905731201,15165444
56.57414126396179,15165444
56.58550024032593,15165444
56.60554003715515,15165444
56.60745811462402,15165444
56.627333879470825,15165444
56.63854765892029,15165444
56.640037059783936,15165444
56.65991735458374,15165444
56.67107272148132,15165444
56.70026135444641,15165444
56.70218348503113,15165444
56.70411491394043,15165444
56.71455192565918,15165444
56.72543668746948,15165444
56.73633885383606,15165444
56.76568126678467,15165444
56.768088817596436,15165444
56.78772759437561,15165444
56.78944110870361,15165444
56.81866121292114,15165444
56.830376863479614,15165444
56.85070776939392,15165444
56.8526349067688,15165444
56.87224864959717,15165444
56.87414193153381,15165444
56.88423681259155,15165444
56.894776344299316,15165444
56.91475296020508,15165444
56.9258234500885,15165444
56.93647861480713,15165444
56.95653581619263,15165444
56.967549085617065,15165444
56.97871804237366,15165444
56.98018217086792,15165444
56.99955463409424,15165444
57.010366439819336,15165444
57.01203155517578,15165444
57.02259707450867,15165444
57.042707204818726,15165444
57.04462289810181,15165444
57.054829120635986,15165444
57.0656578540802,15165444
57.076460123062134,15165444
57.087255001068115,15165444
57.10740923881531,15165444
57.11867928504944,15165444
57.14781212806702,15165444
57.14992666244507,15165444
57.16984701156616,15165444
57.17176294326782,15165444
57.18197226524353,15165444
57.21120476722717,15165444
57.22258424758911,15165444
57.242770195007324,15165444
57.244916915893555,15165444
57.26563358306885,15165444
57.2673761844635,15165444
57.278491497039795,15165444
57.28940510749817,15165444
57.30041766166687,15165444
57.330188512802124,15165444
57.33238744735718,15165444
57.34349298477173,15165444
57.345014810562134,15165444
57.34606337547302,15165444
57.37535357475281,15165444
57.395883321762085,15165444
57.39802026748657,15165444
57.40891766548157,15165444
57.41976618766785,15165444
57.43077254295349,15165444
57.4416446685791,15165444
57.45266604423523,15165444
57.482078075408936,15165444
57.484211444854736,15165444
57.52274465560913,15165444
57.525274991989136,15165444
57.53602886199951,15165444
57.53754758834839,15165444
57.54785895347595,15165444
57.54933428764343,15165444
57.57803225517273,15165444
57.58934712409973,15165444
57.609575510025024,15165444
57.61147117614746,15165444
57.63094210624695,15165444
57.6512770652771,15165444
57.68149948120117,15165444
57.68378686904907,15165444
57.695011138916016,15165444
57.70596408843994,15165444
57.71689510345459,15165444
57.72784876823425,15165444
57.72924566268921,15165444
57.74925112724304,15165444
57.760356426239014,15165444
57.76221013069153,15165444
57.791738986968994,15165444
57.80305552482605,15165444
57.80539274215698,15165444
57.82514309883118,15165444
57.836424827575684,15165444
57.86655592918396,15165444
57.86874580383301,15165444
57.880133628845215,15165444
57.90070652961731,15165444
57.902393102645874,15165444
57.93243479728699,15165444
57.93433141708374,15165444
57.945380210876465,15165444
57.97569751739502,15165444
57.97813963890076,15165444
57.99942898750305,15165444
58.02080416679382,15165444
58.03210186958313,15165444
58.04336404800415,15165444
58.04524254798889,15165444
58.04626274108887,15165444
58.056625843048096,15165444
58.07668590545654,15165444
58.087810039520264,15165444
58.0984742641449,15165444
58.12801432609558,15165444
58.13008689880371,15165444
58.140846967697144,15165444
58.16117811203003,15165444
58.16282844543457,15165444
58.17350459098816,15165444
58.17494177818298,15165444
58.19438147544861,15165444
58.205528259277344,15165444
58.235143423080444,15165444
58.237452030181885,15165444
58.24793195724487,15165444
58.268319845199585,15165444
58.2796676158905,15165444
58.290666580200195,15165444
58.32101583480835,15165444
58.332683086395264,15165444
58.34396743774414,15165444
58.3458092212677,15165444
58.39388132095337,15165444
58.39673924446106,15165444
58.39871692657471,15165444
58.399778842926025,15165444
58.4300217628479,15165444
58.43232560157776,15165444
58.45298457145691,15165444
58.45494818687439,15165444
58.49400329589844,15165444
58.49662518501282,15165444
58.50778818130493,15165444
58.53800702095032,15165444
58.54021334648132,15165444
58.55135464668274,15165444
58.552913427352905,15165444
58.58273983001709,15165444
58.585086822509766,15165444
58.59570837020874,15165444
58.62622809410095,15165444
58.62840723991394,15165444
58.65841722488403,15165444
58.66062664985657,15165444
58.681015729904175,15165444
58.711103200912476,15165444
58.722402811050415,15165444
58.73361563682556,15165444
58.7351496219635,15165444
58.73623538017273,15165444
58.765172481536865,15165444
58.7764630317688,15165444
58.78751039505005,15165444
58.78945207595825,15165444
58.809518337249756,15165444
58.8114914894104,15165444
58.83173847198486,15165444
58.84266400337219,15165444
58.85399127006531,15165444
58.87438154220581,15165444
58.87630820274353,15165444
58.9145348072052,15165444
58.926403284072876,15165444
58.937527894973755,15165444
58.939008712768555,15165444
58.9589900970459,15165444
58.97992992401123,15165444
59.00041604042053,15165444
59.002572536468506,15165444
59.02295255661011,15165444
59.03446316719055,15165444
59.03598070144653,15165444
59.05599641799927,15165444
59.06785750389099,15165444
59.079004526138306,15165444
59.0902373790741,15165444
59.11067342758179,15165444
59.11261200904846,15165444
59.14215803146362,15165444
59.154025077819824,15165444
59.174588203430176,15165444
59.18612265586853,15165444
59.19717764854431,15165444
59.19871711730957,15165444
59.218889474868774,15165444
59.220853328704834,15165444
59.231467962265015,15165444
59.261685609817505,15165444
59.273184061050415,15165444
59.274980783462524,15165444
59.27695298194885,15165444
59.306724071502686,15165444
59.3089165687561,15165444
59.339287996292114,15165444
59.351547718048096,15165444
59.36299538612366,15165444
59.364535331726074,15165444
59.36554932594299,15165444
59.38572907447815,15165444
59.40714621543884,15165444
59.41874980926514,15165444
59.44853377342224,15165444
59.450687408447266,15165444
59.46172213554382,15165444
59.46322679519653,15165444
59.492859840393066,15165444
59.49529838562012,15165444
59.51535105705261,15165444
59.5269238948822,15165444
59.537962436676025,15165444
59.567907094955444,15165444
59.570335388183594,15165444
59.59942173957825,15165444
59.61086082458496,15165444
59.622016191482544,15165444
59.63293790817261,15165444
59.65308856964111,15165444
59.654780864715576,15165444
59.67494177818298,15165444
59.686187744140625,15165444
59.697147846221924,15165444
59.708237409591675,15165444
59.728493213653564,15165444
59.749168395996094,15165444
59.76943850517273,15165444
59.78120303153992,15165444
59.79188680648804,15165444
59.802632093429565,15165444
59.80411505699158,15165444
59.833027601242065,15165444
59.843995571136475,15165444
59.846394538879395,15165444
59.86591863632202,15165444
59.8770387172699,15165444
59.90619158744812,15165444
59.908324003219604,15165444
59.91911005973816,15165444
59.9205904006958,15165444
59.940444469451904,15165444
59.94215202331543,15165444
59.953189849853516,15165444
59.982834339141846,15165444
59.99469065666199,15165444
60.01505398750305,15165444
60.035438537597656,15165444
60.05592751502991,15165444
60.057878494262695,15165444
60.08719515800476,15165444
60.09895300865173,15165444
60.11957263946533,15165444
60.14048099517822,15165444
60.14239239692688,15165444
60.15377163887024,15165444
60.16482162475586,15165444
60.18543291091919,15165444
60.20656418800354,15165444
60.20870566368103,15165444
60.21969509124756,15165444
60.249823570251465,15165444
60.252034425735474,15165444
60.262940645217896,15165444
60.264408588409424,15165444
60.274728775024414,15165444
60.304768323898315,15165444
60.32627534866333,15165444
60.338082790374756,15165444
60.340044021606445,15165444
60.36082100868225,15165444
60.372045040130615,15165444
60.40234661102295,15165444
60.40520668029785,15165444
60.42514371871948,15165444
60.43661594390869,15165444
60.44757437705994,15165444
60.46766471862793,15165444
60.47882699966431,15165444
60.48034453392029,15165444
60.50021505355835,15165444
60.5211706161499,15165444
60.53244066238403,15165444
60.561980962753296,15165444
60.56437015533447,15165444
60.57473039627075,15165444
60.594579458236694,15165444
60.59628891944885,15165444
60.61654710769653,15165444
60.61824870109558,15165444
60.63836741447449,15165444
60.6495418548584,15165444
60.651013135910034,15165444
60.66124773025513,15165444
60.68138384819031,15165444
60.70157337188721,15165444
60.70367670059204,15165444
60.70513939857483,15165444
60.71552801132202,15165444
60.726375341415405,15165444
60.755685329437256,15165444
60.75760865211487,15165444
60.75958251953125,15165444
60.78875184059143,15165444
60.80970573425293,15165444
60.82137155532837,15165444
60.832066774368286,15165444
60.842796325683594,15165444
60.86309885978699,15165444
60.874550580978394,15165444
60.885411739349365,15165444
60.89600658416748,15165444
60.897480487823486,15165444
60.89853048324585,15165444
60.918142318725586,15165444
60.929293632507324,15165444
60.94933533668518,15165444
60.951228857040405,15165444
60.97096920013428,15165444
60.982324838638306,15165444
60.98384690284729,15165444
60.99449014663696,15165444
61.014841079711914,15165444
61.03539490699768,15165444
61.03730797767639,15165444
61.03834819793701,15165444
61.03937005996704,15165444
61.059518575668335,15165444
61.07080292701721,15165444
61.08241820335388,15165444
61.08392882347107,15165444
61.122727155685425,15165444
61.12560033798218,15165444
61.1362361907959,15165444
61.14731502532959,15165444
61.16823649406433,15165444
61.17973446846008,15165444
61.200297594070435,15165444
61.20223522186279,15165444
61.22276782989502,15165444
61.23452115058899,15165444
61.24603605270386,15165444
61.25750470161438,15165444
61.25902819633484,15165444
61.29814171791077,15165444
61.30078434944153,15165444
61.321521282196045,15165444
61.351897954940796,15165444
61.36371564865112,15165444
61.366167306900024,15165444
61.39589333534241,15165444
61.39832854270935,15165444
61.418577671051025,15165444
61.42052412033081,15165444
61.44052743911743,15165444
61.461318016052246,15165444
61.46353578567505,15165444
61.48440861701965,15165444
61.49588990211487,15165444
61.507325172424316,15165444
61.51843500137329,15165444
61.519917011260986,15165444
61.53044891357422,15165444
61.550873041152954,15165444
61.5622775554657,15165444
61.58396029472351,15165444
61.595669984817505,15165444
61.61647915840149,15165444
61.62827134132385,15165444
61.639541149139404,15165444
61.660064697265625,15165444
61.67190194129944,15165444
61.683409452438354,15165444
61.69454622268677,15165444
61.70564913749695,15165444
61.73593354225159,15165444
61.738131284713745,15165444
61.74945020675659,15165444
61.76078653335571,15165444
61.77223038673401,15165444
61.77368116378784,15165444
61.77467465400696,15165444
61.79456639289856,15165444
61.80594277381897,15165444
61.8168420791626,15165444
61.82773399353027,15165444
61.8385226726532,15165444
61.84946894645691,15165444
61.87047100067139,15165444
61.881938457489014,15165444
61.893107175827026,15165444
61.90453362464905,15165444
61.92503118515015,15165444
61.946192026138306,15165444
61.94812607765198,15165444
61.96631979942322,15165444
61.97827744483948,15165444
61.984778881073,15165444
61.98568391799927,15165444
62.00241732597351,15165444
62.01443600654602,15165444
62.01583981513977,15165444
62.021854877471924,15165444
62.03881001472473,15165444
62.05097794532776,15165444
62.05215764045715,15165444
62.058215618133545,15165444
62.06453251838684,15165444
62.07080864906311,15165444
62.07710075378418,15165444
62.08877873420715,15165444
62.08981251716614,15165444
62.09604620933533,15165444
62.1077356338501,15165444
62.10891056060791,15165444
62.11495399475098,15165444
62.12657070159912,15165444
62.12772727012634,15165444
62.13370752334595,15165444
62.161458253860474,15165444
62.162980794906616,15165444
62.16960835456848,15165444
62.1760950088501,15165444
62.18237924575806,15165444
62.20474934577942,15165444
62.20614528656006,15165444
62.20728635787964,15165444
62.20794200897217,15165444
62.21933364868164,15165444
62.23117685317993,15165444
62.2377245426178,15165444
62.243999004364014,15165444
62.261013984680176,15165444
62.26753211021423,15165444
62.27419900894165,15165444
62.29130148887634,15165444
62.2980682849884,15165444
62.29935646057129,15165444
62.31097960472107,15165444
62.322776079177856,15165444
62.3294472694397,15165444
62.34130644798279,15165444
62.347665786743164,15165444
62.354191064834595,15165444
62.36585450172424,15165444
62.37235975265503,15165444
62.38935160636902,15165444
62.39064311981201,15165444
62.4023380279541,15165444
62.40347981452942,15165444
62.420196533203125,15165444
62.421480655670166,15165444
62.43314290046692,15165444
62.444976806640625,15165444
62.446115493774414,15165444
62.46282339096069,15165444
62.4694390296936,15165444
62.47597646713257,15165444
62.47686052322388,15165444
62.49896836280823,15165444
62.50037217140198,15165444
62.5121328830719,15165444
62.518791913986206,15165444
62.52519416809082,15165444
62.526206254959106,15165444
62.548577547073364,15165444
62.550108194351196,15165444
62.5510048866272,15165444
62.56237268447876,15165444
62.57424330711365,15165444
62.58606576919556,15165444
62.603276014328,15165444
62.604568004608154,15165444
62.61091446876526,15165444
62.62790894508362,15165444
62.62932872772217,15165444
62.640676736831665,15165444
62.64716053009033,15165444
62.648061990737915,15165444
62.648677110672,15165444
62.66000461578369,15165444
62.67186689376831,15165444
62.678298473358154,15165444
62.6794548034668,15165444
62.69613456726074,15165444
62.70280337333679,15165444
62.719987869262695,15165444
62.721521615982056,15165444
62.7277672290802,15165444
62.739394664764404,15165444
62.74054741859436,15165444
62.75201654434204,15165444
62.76387643814087,15165444
62.76489734649658,15165444
62.77111339569092,15165444
62.78269004821777,15165444
62.789204597473145,15165444
62.79009175300598,15165444
62.7961151599884,15165444
62.80776047706604,15165444
62.81430435180664,15165444
62.82593512535095,15165444
62.837790966033936,15165444
62.84954905509949,15165444
62.856152057647705,15165444
62.85729455947876,15165444
62.868735790252686,15165444
62.88047766685486,15165444
62.881866455078125,15165444
62.88782978057861,15165444
62.894081354141235,15165444
62.90039610862732,15165444
62.91206455230713,15165444
62.91845750808716,15165444
62.91959571838379,15165444
62.94171142578125,15165444
62.94325852394104,15165444
62.95487713813782,15165444
62.961456060409546,15165444
62.96773099899292,15165444
62.97933602333069,15165444
62.985827922821045,15165444
62.992114782333374,15165444
62.99835681915283,15165444
63.009981632232666,15165444
63.011136531829834,15165444
63.02252745628357,15165444
63.02912473678589,15165444
63.03001117706299,15165444
63.04135990142822,15165444
63.047850608825684,15165444
63.048734188079834,15165444
63.06008291244507,15165444
63.06123423576355,15165444
63.06722617149353,15165444
63.08427453041077,15165444
63.085556745529175,15165444
63.09178352355957,15165444
63.103389739990234,15165444
63.10441541671753,15165444
63.11600947380066,15165444
63.11715602874756,15165444
63.12848901748657,15165444
63.12963557243347,15165444
63.13563895225525,15165444
63.14186906814575,15165444
63.15345740318298,15165444
63.154603481292725,15165444
63.18209528923035,15165444
63.18375897407532,15165444
63.20637655258179,15165444
63.20793032646179,15165444
63.219560384750366,15164010
63.226117849349976,15164010
63.2324001789093,15164010
63.24935793876648,15164010
63.25077438354492,15164010
63.256762742996216,15164010
63.26841330528259,15164010
63.27478528022766,15164010
63.2813081741333,15164010
63.29828906059265,15164010
63.299564599990845,15164010
63.30578637123108,15164010
63.312042474746704,15164010
63.32369351387024,15164010
63.330228090286255,15164010
63.33645844459534,15164010
63.348084449768066,15164010
63.35457682609558,15164010
63.366180181503296,15164010
63.372702836990356,15164010
63.38968086242676,15164010
63.39614701271057,15164010
63.40824484825134,15164010
63.42012619972229,15164010
63.43202257156372,15164010
63.44388675689697,15164010
63.44491791725159,15164010
63.451170206069946,15164010
63.4627583026886,15164010
63.474518060684204,15164010
63.48124718666077,15164010
63.4875111579895,15164010
63.493752241134644,15164010
63.51075625419617,15164010
63.51731204986572,15164010
63.518739461898804,15164010
63.53543519973755,15164010
63.53686022758484,15164010
63.54287791252136,15164010
63.54916501045227,15164010
63.555413484573364,15164010
63.56170344352722,15164010
63.567949295043945,15164010
63.5741662979126,15164010
63.59112310409546,15164010
63.59253668785095,15164010
63.60391974449158,15164010
63.615798473358154,15164010
63.6276752948761,15164010
63.62885355949402,15164010
63.645509243011475,15164010
63.65753889083862,15164010
63.65895485877991,15164010
63.681074380874634,15164010
63.6879985332489,15164010
63.712260246276855,15164010
63.7241952419281,15164010
63.74501276016235,15164010
63.74701809883118,15164010
63.7757523059845,15164010
63.78752040863037,15164010
63.79835295677185,15164010
63.79977226257324,15164010
63.8099684715271,15164010
63.82975459098816,15164010
63.83170199394226,15164010
63.851325273513794,15164010
63.8715934753418,15164010
63.87369108200073,15164010
63.87515664100647,15164010
63.89452338218689,15164010
63.8964900970459,15164010
63.906731605529785,15164010
63.91765785217285,15164010
63.91918420791626,15164010
63.93881058692932,15164010
63.95008397102356,15164010
63.961020946502686,15164010
63.99044394493103,15164010
63.99279189109802,15164010
64.02167415618896,15164010
64.02361941337585,15164010
64.04412722587585,15164010
64.05520844459534,15164010
64.08422327041626,15164010
64.09568071365356,15164010
64.09716558456421,15164010
64.12665033340454,15164010
64.13785338401794,15164010
64.14890003204346,15164010
64.16872787475586,15164010
64.17956233024597,15164010
64.18153762817383,15164010
64.21016597747803,15164010
64.23047423362732,15164010
64.23278999328613,15164010
64.25315260887146,15164010
64.25510716438293,15164010
64.26531457901001,15164010
64.26680374145508,15164010
64.27729225158691,15164010
64.29722118377686,15164010
64.32661247253418,15164010
64.3471245765686,15164010
64.34924840927124,15164010
64.36896777153015,15164010
64.39855217933655,15164010
64.40982985496521,15164010
64.42066502571106,15164010
64.42261719703674,15164010
64.44202542304993,15164010
64.45306873321533,15164010
64.463711977005,15164010
64.47439765930176,15164010
64.48523616790771,15164010
64.49589991569519,15164010
64.51555967330933,15164010
64.51749420166016,15164010
64.55492281913757,15164010
64.56653618812561,15164010
64.57755398750305,15164010
64.57908916473389,15164010
64.58915185928345,15164010
64.5997622013092,15164010
64.61937999725342,15164010
64.63040804862976,15164010
64.65019726753235,15164010
64.661301612854,15164010
64.6903977394104,15164010
64.69246649742126,15164010
64.70308804512024,15164010
64.73219895362854,15164010
64.74341034889221,15164010
64.7641749382019,15164010
64.76591515541077,15164010
64.79556345939636,15164010
64.79741358757019,15164010
64.81764078140259,15164010
64.81973528862,15164010
64.82117128372192,15164010
64.84063076972961,15164010
64.87041211128235,15164010
64.87274670600891,15164010
64.87460160255432,15164010
64.89407277107239,15164010
64.91419458389282,15164010
64.91584849357605,15164010
64.93553566932678,15164010
64.9646065235138,15164010
64.96711611747742,15164010
64.98697924613953,15164010
64.99803924560547,15164010
64.99968457221985,15164010
65.01020741462708,15164010
65.02099990844727,15164010
65.04072141647339,15164010
65.05194783210754,15164010
65.07205247879028,15164010
65.08311915397644,15164010
65.1033775806427,15164010
65.12370204925537,15164010
65.14353394508362,15164010
65.14564871788025,15164010
65.14713549613953,15164010
65.16640663146973,15164010
65.17755484580994,15164010
65.18813514709473,15164010
65.19857692718506,15164010
65.20906209945679,15164010
65.24649310112,15164010
65.24893808364868,15164010
65.26909708976746,15164010
65.27105164527893,15164010
65.29909777641296,15164010
65.3014395236969,15164010
65.3114902973175,15164010
65.32198476791382,15164010
65.32343769073486,15164010
65.32445192337036,15164010
65.34359955787659,15164010
65.3636372089386,15164010
65.38358545303345,15164010
65.3860023021698,15164010
65.41401863098145,15164010
65.43415689468384,15164010
65.4363796710968,15164010
65.45598125457764,15164010
65.46696710586548,15164010
65.47752833366394,15164010
65.50608921051025,15164010
65.50851774215698,15164010
65.53670811653137,15164010
65.54794263839722,15164010
65.55891227722168,15164010
65.56041479110718,15164010
65.56144094467163,15164010
65.58091139793396,15164010
65.59196305274963,15164010
65.59346175193787,15164010
65.6037826538086,15164010
65.63254427909851,15164010
65.63475155830383,15164010
65.65465927124023,15164010
65.65667605400085,15164010
65.6759135723114,15164010
65.67767357826233,15164010
65.70664024353027,15164010
65.70863032341003,15164010
65.71989369392395,15164010
65.74846458435059,15164010
65.75986337661743,15164010
65.76175379753113,15164010
65.76281261444092,15164010
65.78214478492737,15164010
65.79302930831909,15164010
65.8221344947815,15164010
65.83336544036865,15164010
65.83505010604858,15164010
65.86391115188599,15164010
65.86624670028687,15164010
65.88548040390015,15164010
65.90579771995544,15164010
65.90766930580139,15164010
65.93602561950684,15164010
65.94751286506653,15164010
65.95872712135315,15164010
65.96936869621277,15164010
65.97085857391357,15164010
65.98089385032654,15164010
65.99136638641357,15164010
66.00192332267761,15164010
66.02160573005676,15164010
66.03260731697083,15164010
66.05227518081665,15164010
66.06326532363892,15164010
66.0739107131958,15164010
66.0936553478241,15164010
66.11392426490784,15164010
66.13430094718933,15164010
66.1453206539154,15164010
66.16532230377197,15164010
66.1673047542572,15164010
66.20448207855225,15164010
66.206627368927,15164010
66.22646617889404,15164010
66.22914052009583,15164010
66.24887704849243,15164010
66.25089716911316,15164010
66.27926683425903,15164010
66.2996518611908,15164010
66.30211448669434,15164010
66.33051300048828,15164010
66.3416223526001,15164010
66.36205649375916,15164010
66.37306499481201,15164010
66.37525725364685,15164010
66.38593578338623,15164010
66.40558910369873,15164010
66.42563986778259,15164010
66.42787766456604,15164010
66.44770789146423,15164010
66.46799612045288,15164010
66.4704647064209,15164010
66.48989653587341,15164010
66.5191752910614,15164010
66.5307731628418,15164010
66.54132151603699,15164010
66.55195188522339,15164010
66.58077383041382,15164010
66.59248495101929,15164010
66.60341119766235,15164010
66.60496234893799,15164010
66.6338996887207,15164010
66.65446949005127,15164010
66.6566698551178,15164010
66.67656087875366,15164010
66.67857646942139,15164010
66.70705509185791,15164010
66.71842193603516,15164010
66.7201476097107,15164010
66.73980951309204,15164010
66.75086998939514,15164010
66.76147770881653,15164010
66.76291680335999,15164010
66.78218412399292,15164010
66.78413701057434,15164010
66.812659740448,15164010
66.81478691101074,15164010
66.83440971374512,15164010
66.85455536842346,15164010
66.85678601264954,15164010
66.87641549110413,15164010
66.87845420837402,15164010
66.8886079788208,15164010
66.89015030860901,15164010
66.90937519073486,15164010
66.91131591796875,15164010
66.9123899936676,15164010
66.95861673355103,15164010
66.96120715141296,15164010
66.96361494064331,15164010
66.9828941822052,15164010
66.98453903198242,15164010
67.01328635215759,15164010
67.01568484306335,15164010
67.03491020202637,15164010
67.04591798782349,15164010
67.04795384407043,15164010
67.08533692359924,15164010
67.08769035339355,15164010
67.10716462135315,15164010
67.11831021308899,15164010
67.12027287483215,15164010
67.13946962356567,15164010
67.15049457550049,15164010
67.17015743255615,15164010
67.19020175933838,15164010
67.19216060638428,15164010
67.2203323841095,15164010
67.23160123825073,15164010
67.24258947372437,15164010
67.2621099948883,15164010
67.28186058998108,15164010
67.28425335884094,15164010
67.28530669212341,15164010
67.28636026382446,15164010
67.3057906627655,15164010
67.30779194831848,15164010
67.3449935913086,15164010
67.34738206863403,15164010
67.36731743812561,15164010
67.36952805519104,15164010
67.38005685806274,15164010
67.38157749176025,15164010
67.38254761695862,15164010
67.38351321220398,15164010
67.41240048408508,15164010
67.43266320228577,15164010
67.43514013290405,15164010
67.45480680465698,15164010
67.46583032608032,15164010
67.47644376754761,15164010
67.49627614021301,15164010
67.50758218765259,15164010
67.51847195625305,15164010
67.52003622055054,15164010
67.5391457080841,15164010
67.55018043518066,15164010
67.57004523277283,15164010
67.57180333137512,15164010
67.5732843875885,15164010
67.60171151161194,15164010
67.61306142807007,15164010
67.63312864303589,15164010
67.63544249534607,15164010
67.63736748695374,15164010
67.65647482872009,15164010
67.6581654548645,15164010
67.65960764884949,15164010
67.69697046279907,15164010
67.69945812225342,15164010
67.71910405158997,15164010
67.72099423408508,15164010
67.75836229324341,15164010
67.77027535438538,15164010
67.79092693328857,15164010
67.80255270004272,15164010
67.82280087471008,15164010
67.82515573501587,15164010
67.83556056022644,15164010
67.86563301086426,15164010
67.87739181518555,15164010
67.87944483757019,15164010
67.90881204605103,15164010
67.91100120544434,15164010
67.93155670166016,15164010
67.9428927898407,15164010
67.95449328422546,15164010
67.98430132865906,15164010
67.98647403717041,15164010
67.99730920791626,15164010
68.01765656471252,15164010
68.01963114738464,15164010
68.04859471321106,15164010
68.05995392799377,15164010
68.07152962684631,15164010
68.08238959312439,15164010
68.08432579040527,15164010
68.11380076408386,15164010
68.12561893463135,15164010
68.13629865646362,15164010
68.13776874542236,15164010
68.1573178768158,15164010
68.15925598144531,15164010
68.17874383926392,15164010
68.18985986709595,15164010
68.19180464744568,15164010
68.2022716999054,15164010
68.21311664581299,15164010
68.21459221839905,15164010
68.22490429878235,15164010
68.23587250709534,15164010
68.2467987537384,15164010
68.267418384552,15164010
68.27849507331848,15164010
68.28909587860107,15164010
68.29977035522461,15164010
68.31048464775085,15164010
68.34048748016357,15164010
68.34263849258423,15164010
68.35355854034424,15164010
68.3645248413086,15164010
68.37556529045105,15164010
68.3770272731781,15164010
68.40613293647766,15164010
68.40831565856934,15164010
68.42884707450867,15164010
68.43985271453857,15164010
68.46945190429688,15164010
68.48095607757568,15164010
68.48286485671997,15164010
68.50233817100525,15164010
68.51323890686035,15164010
68.51517915725708,15164010
68.54418516159058,15164010
68.54650902748108,15164010
68.55666065216064,15164010
68.56743240356445,15164010
68.57807421684265,15164010
68.58874106407166,15164010
68.60888195037842,15164010
68.61078691482544,15164010
68.63971710205078,15164010
68.64208841323853,15164010
68.66173005104065,15164010
68.6636950969696,15164010
68.67405796051025,15164010
68.69422268867493,15164010
68.70521330833435,15164010
68.71632957458496,15164010
68.71831154823303,15164010
68.74765110015869,15164010
68.75928521156311,15164010
68.76994609832764,15164010
68.78058576583862,15164010
68.79139637947083,15164010
68.80215501785278,15164010
68.83167314529419,15164010
68.8339593410492,15164010
68.85372829437256,15164010
68.86481237411499,15164010
68.87625646591187,15164010
68.90666127204895,15164010
68.90922951698303,15164010
68.93908977508545,15164010
68.9506402015686,15164010
68.9722580909729,15164010
68.97447490692139,15164010
68.97599792480469,15164010
69.01513051986694,15164010
69.01774883270264,15164010
69.04727506637573,15164010
69.04967594146729,15164010
69.06944394111633,15164010
69.08081674575806,15164010
69.09186124801636,15164010
69.10273218154907,15164010
69.1228678226471,15164010
69.13406801223755,15164010
69.15421390533447,15164010
69.16544461250305,15164010
69.1763916015625,15164010
69.19669699668884,15164010
69.20807981491089,15164010
69.21900939941406,15164010
69.2396183013916,15164010
69.25110483169556,15164010
69.26211333274841,15164010
69.27319550514221,15164010
69.30260682106018,15164010
69.32296133041382,15164010
69.32509875297546,15164010
69.3270251750946,15164010
69.35598111152649,15164010
69.36733508110046,15164010
69.36925911903381,15164010
69.39796900749207,15164010
69.40030431747437,15164010
69.42951989173889,15164010
69.43186450004578,15164010
69.45138001441956,15164010
69.4621901512146,15164010
69.4638500213623,15164010
69.47442078590393,15164010
69.4942262172699,15164010
69.49613690376282,15164010
69.51562929153442,15164010
69.5175232887268,15164010
69.52785682678223,15164010
69.53868770599365,15164010
69.55888748168945,15164010
69.56988406181335,15164010
69.60863733291626,15164010
69.6108968257904,15164010
69.63139057159424,15164010
69.63331747055054,15164010
69.65285038948059,15164010
69.67331385612488,15164010
69.6752417087555,15164010
69.69460844993591,15164010
69.70541596412659,15164010
69.71657943725586,15164010
69.74618244171143,15164010
69.74824738502502,15164010
69.74968433380127,15164010
69.760000705719,15164010
69.77992415428162,15164010
69.79102945327759,15164010
69.79252171516418,15164010
69.82142543792725,15164010
69.82369041442871,15164010
69.84329175949097,15164010
69.85432887077332,15164010
69.87453103065491,15164010
69.88567161560059,15164010
69.89642429351807,15164010
69.89789891242981,15164010
69.9081826210022,15164010
69.92809462547302,15164010
69.93929982185364,15164010
69.95004367828369,15164010
69.96066784858704,15164010
69.96213221549988,15164010
69.97235155105591,15164010
69.99230337142944,15164010
70.00343680381775,15164010
70.00491905212402,15164010
70.01514601707458,15164010
70.02588295936584,15164010
70.0460090637207,15164010
70.05717206001282,15164010
70.06797242164612,15164010
70.07873249053955,15164010
70.08955407142639,15164010
70.10948133468628,15164010
70.11118388175964,15164010
70.1221272945404,15164010
70.13274264335632,15164010
70.14326000213623,15164010
70.16312956809998,15164010
70.16504549980164,15164010
70.19386672973633,15164010
70.20546865463257,15164010
70.21628952026367,15164010
70.22695970535278,15164010
70.23786425590515,15164010
70.24865436553955,15164010
70.26880383491516,15164010
70.27046036720276,15164010
70.28135013580322,15164010
70.29220604896545,15164010
70.30300903320312,15164010
70.31392645835876,15164010
70.35367774963379,15164010
70.35610032081604,15164010
70.35787725448608,15164010
70.36876487731934,15164010
70.37969636917114,15164010
70.4002833366394,15164010
70.42133450508118,15164010
70.42329406738281,15164010
70.45313453674316,15164010
70.46515941619873,15164010
70.48634052276611,15164010
70.48836779594421,15164010
70.5086362361908,15164010
70.52942562103271,15164010
70.54094576835632,15164010
70.54247117042542,15164010
70.55324411392212,15164010
70.57358169555664,15164010
70.58479166030884,15164010
70.61500000953674,15164010
70.62657523155212,15164010
70.63850283622742,15164010
70.64977407455444,15164010
70.67043685913086,15164010
70.68205523490906,15164010
70.68366360664368,15164010
70.68476414680481,15164010
70.70518469810486,15164010
70.71667170524597,15164010
70.71820330619812,15164010
70.72893071174622,15164010
70.7399730682373,15164010
70.7414197921753,15164010
70.76154470443726,15164010
70.77298736572266,15164010
70.78409695625305,15164010
70.79515647888184,15164010
70.80615544319153,15164010
70.81718111038208,15164010
70.84732866287231,15164010
70.84952664375305,15164010
70.8700680732727,15164010
70.87179112434387,15164010
70.87328100204468,15164010
70.89402604103088,15164010
70.92468619346619,15164010
70.94623756408691,15164010
70.94905090332031,15164010
70.96059083938599,15164010
70.97203183174133,15164010
70.99265146255493,15164010
71.00436472892761,15164010
71.02562308311462,15164010
71.04662799835205,15164010
71.05821800231934,15164010
71.069993019104,15164010
71.0815920829773,15164010
71.08308005332947,15164010
71.0935127735138,15164010
71.11408400535583,15164010
71.11584544181824,15164010
71.12693190574646,15164010
71.14790940284729,15164010
71.15939927101135,15164010
71.18002009391785,15164010
71.21050071716309,15164010
71.22192049026489,15164010
71.22435402870178,15164010
71.25454568862915,15164010
71.26616477966309,15164010
71.26859474182129,15164010
71.28886866569519,15164010
71.30025911331177,15164010
71.30221390724182,15164010
71.3319902420044,15164010
71.33392071723938,15164010
71.35445356369019,15164010
71.35661029815674,15164010
71.37714529037476,15164010
71.37912249565125,15164010
71.38980770111084,15164010
71.41944479942322,15164010
71.4308078289032,15164010
71.44211077690125,15164010
71.45319700241089,15164010
71.46449637413025,15164010
71.47551965713501,15164010
71.49601197242737,15164010
71.50720357894897,15164010
71.50917077064514,15164010
71.52003622055054,15164010
71.53140139579773,15164010
71.54279804229736,15164010
71.56412172317505,15164010
71.56595015525818,15164010
71.57631397247314,15164010
71.61681723594666,15164010
71.61947393417358,15164010
71.6305160522461,15164010
71.64192390441895,15164010
71.64343357086182,15164010
71.65410614013672,15164010
71.66521787643433,15164010
71.67663645744324,15164010
71.67807030677795,15164010
71.70748281478882,15164010
71.70991039276123,15164010
71.72088408470154,15164010
71.7319655418396,15164010
71.74310731887817,15164010
71.76116490364075,15164010
71.77304291725159,15164010
71.77419567108154,15164010
71.78553032875061,15164010
71.79726672172546,15164010
71.80404663085938,15164010
71.81566143035889,15164010
71.81680870056152,15164010
71.82278060913086,15164010
71.83439517021179,15164010
71.84094953536987,15164010
71.84723114967346,15164010
71.85347938537598,15164010
71.86505079269409,15164010
71.86622500419617,15164010
71.87758469581604,15164010
71.88944697380066,15164010
71.90134930610657,15164010
71.90251588821411,15164010
71.91391277313232,15164010
71.9150664806366,15164010
71.92110991477966,15162854
71.92730951309204,15162854
71.93352723121643,15162854
71.9451630115509,15162854
71.94618368148804,15162854
71.96318483352661,15162854
71.96983456611633,15162854
71.97640585899353,15162854
71.97727751731873,15162854
71.99400401115417,15162854
72.01124334335327,15162854
72.01265096664429,15162854
72.01405310630798,15162854
72.01468873023987,15162854
72.02074480056763,15162854
72.02163219451904,15162854
72.03832960128784,15162854
72.04495120048523,15162854
72.04608154296875,15162854
72.057452917099,15162854
72.06398439407349,15162854
72.07026076316833,15162854
72.08724522590637,15162854
72.10472416877747,15162854
72.11156439781189,15162854
72.11284589767456,15162854
72.1191713809967,15162854
72.12547016143799,15162854
72.13170433044434,15162854
72.13793015480042,15162854
72.14946365356445,15162854
72.15060353279114,15162854
72.16730451583862,15162854
72.16872811317444,15162854
72.18005347251892,15162854
72.18656539916992,15162854
72.19285583496094,15162854
72.20454001426697,15162854
72.21091079711914,15162854
72.2174437046051,15162854
72.22911310195923,15162854
72.24086117744446,15162854
72.24745297431946,15162854
72.25394868850708,15162854
72.2655885219574,15162854
72.27733016014099,15162854
72.27861833572388,15162854
72.28488183021545,15162854
72.29114532470703,15162854
72.30283522605896,15162854
72.30398511886597,15162854
72.33147263526917,15162854
72.33315324783325,15162854
72.33970355987549,15162854
72.34059381484985,15162854
72.36268925666809,15162854
72.3694589138031,15162854
72.3708815574646,15162854
72.38225841522217,15162854
72.39406728744507,15162854
72.40068864822388,15162854
72.41240859031677,15162854
72.41381502151489,15162854
72.43055367469788,15162854
72.4318642616272,15162854
72.4435362815857,15162854
72.4554603099823,15162854
72.46743059158325,15162854
72.46847224235535,15162854
72.48011898994446,15162854
72.48651719093323,15162854
72.49291944503784,15162854
72.49951457977295,15162854
72.51116037368774,15162854
72.51229286193848,15162854
72.52900767326355,15162854
72.53566908836365,15162854
72.54218220710754,15162854
72.54845929145813,15162854
72.56540131568909,15162854
72.56679177284241,15162854
72.57816863059998,15162854
72.5846893787384,15162854
72.58557033538818,15162854
72.5969295501709,15162854
72.59806823730469,15162854
72.59867858886719,15162854
72.61005783081055,15162854
72.61119842529297,15162854
72.61722135543823,15162854
72.62344551086426,15162854
72.62434005737305,15162854
72.63569235801697,15162854
72.64759063720703,15162854
72.64874505996704,15162854
72.65476632118225,15162854
72.65565347671509,15162854
72.67236089706421,15162854
72.67899417877197,15162854
72.68013429641724,15162854
72.70223021507263,15162854
72.70902752876282,15162854
72.710294008255,15162854
72.71117997169495,15162854
72.71718525886536,15162854
72.7341570854187,15162854
72.74078154563904,15162854
72.75265073776245,15162854
72.75379705429077,15162854
72.75982570648193,15162854
72.77680349349976,15162854
72.78344964981079,15162854
72.78983354568481,15162854
72.79632830619812,15162854
72.80800032615662,15162854
72.81452345848083,15162854
72.81542587280273,15162854
72.84282803535461,15162854
72.84449410438538,15162854
72.85623025894165,15162854
72.8628842830658,15162854
72.8640398979187,15162854
72.87543249130249,15162854
72.88724374771118,15162854
72.89917969703674,15162854
72.9110517501831,15162854
72.9175500869751,15162854
72.92915678024292,15162854
72.93032193183899,15162854
72.94697427749634,15162854
72.9482479095459,15162854
72.95451140403748,15162854
72.96613049507141,15162854
72.972665309906,15162854
72.98426961898804,15162854
72.99075651168823,15162854
72.99703216552734,15162854
73.00327754020691,15162854
73.02019882202148,15162854
73.02162051200867,15162854
73.0276083946228,15162854
73.03922963142395,15162854
73.04560804367065,15162854
73.05209612846375,15162854
73.0583770275116,15162854
73.06469130516052,15162854
73.08169317245483,15162854
73.08282351493835,15162854
73.08938002586365,15162854
73.11169838905334,15162854
73.11325168609619,15162854
73.13029384613037,15162854
73.13169503211975,15162854
73.14307379722595,15162854
73.14423036575317,15162854
73.14489221572876,15162854
73.15631198883057,15162854
73.15732908248901,15162854
73.16896963119507,15162854
73.17550945281982,15162854
73.18177390098572,15162854
73.18804860115051,15162854
73.19969010353088,15162854
73.20618963241577,15162854
73.20710110664368,15162854
73.21310353279114,15162854
73.22474122047424,15162854
73.23652625083923,15162854
73.237797498703,15162854
73.24404549598694,15162854
73.25566291809082,15162854
73.26755833625793,15162854
73.26872730255127,15162854
73.26936411857605,15162854
73.29139041900635,15162854
73.2979986667633,15162854
73.29951691627502,15162854
73.30577278137207,15162854
73.31738758087158,15162854
73.32389235496521,15162854
73.33018803596497,15162854
73.33640694618225,15162854
73.34267449378967,15162854
73.35427379608154,15162854
73.35542011260986,15162854
73.36139798164368,15162854
73.37834310531616,15162854
73.39035224914551,15162854
73.39711594581604,15162854
73.40341877937317,15162854
73.40430355072021,15162854
73.41565155982971,15162854
73.42222714424133,15162854
73.43388104438782,15162854
73.43489003181458,15162854
73.44645547866821,15162854
73.4474709033966,15162854
73.44835996627808,15162854
73.45974683761597,15162854
73.47157955169678,15162854
73.47794246673584,15162854
73.48448848724365,15162854
73.50141406059265,15162854
73.50811624526978,15162854
73.509268283844,15162854
73.52613282203674,15162854
73.52741551399231,15162854
73.53366661071777,15162854
73.53455591201782,15162854
73.54595732688904,15162854
73.54697299003601,15162854
73.55858182907104,15162854
73.5756573677063,15162854
73.58249044418335,15162854
73.58929944038391,15162854
73.59554600715637,15162854
73.60176992416382,15162854
73.6026840209961,15162854
73.61945724487305,15162854
73.6207365989685,15162854
73.63235020637512,15162854
73.63349914550781,15162854
73.63951468467712,15162854
73.64578104019165,15162854
73.65205693244934,15162854
73.65833854675293,15162854
73.67535734176636,15162854
73.67665576934814,15162854
73.67755246162415,15162854
73.68357419967651,15162854
73.68444418907166,15162854
73.69581174850464,15162854
73.71301078796387,15162854
73.7142813205719,15162854
73.72055983543396,15162854
73.72678184509277,15162854
73.73842096328735,15162854
73.73954367637634,15162854
73.7561993598938,15162854
73.75744938850403,15162854
73.76367282867432,15162854
73.7645366191864,15162854
73.77585530281067,15162854
73.79311442375183,15162854
73.79977464675903,15162854
73.80615544319153,15162854
73.81807613372803,15162854
73.82982754707336,15162854
73.83124732971191,15162854
73.84798288345337,15162854
73.84926557540894,15162854
73.866140127182,15162854
73.86757349967957,15162854
73.86822581291199,15162854
73.88494801521301,15162854
73.88622689247131,15162854
73.89790534973145,15162854
73.89893198013306,15162854
73.90517139434814,15162854
73.91673278808594,15162854
73.92847180366516,15162854
73.93509793281555,15162854
73.94147419929504,15162854
73.94806218147278,15162854
73.95427513122559,15162854
73.95518112182617,15162854
73.9612090587616,15162854
73.96208834648132,15162854
73.9787085056305,15162854
73.98534297943115,15162854
73.99183535575867,15162854
74.00890398025513,15162854
74.02104067802429,15162854
74.03296256065369,15162854
74.03939080238342,15162854
74.04583954811096,15162854
74.0575156211853,15162854
74.06400227546692,15162854
74.08089113235474,15162854
74.08229279518127,15162854
74.1044237613678,15162854
74.10582184791565,15162854
74.11222290992737,15162854
74.11337804794312,15162854
74.11941480636597,15162854
74.13104319572449,15162854
74.14286184310913,15162854
74.14414572715759,15162854
74.15045475959778,15162854
74.15669298171997,15162854
74.1575698852539,15162854
74.1689305305481,15162854
74.16991829872131,15162854
74.18690943717957,15162854
74.18831396102905,15162854
74.20507168769836,15162854
74.20635461807251,15162854
74.22340726852417,15162854
74.22469758987427,15162854
74.2310094833374,15162854
74.2426176071167,15162854
74.25452160835266,15162854
74.26640248298645,15162854
74.26757764816284,15162854
74.27896785736084,15162854
74.28010773658752,15162854
74.29686903953552,15162854
74.30348014831543,15162854
74.3099730014801,15162854
74.31619763374329,15162854
74.3332109451294,15162854
74.33447790145874,15162854
74.3407211303711,15162854
74.35233640670776,15162854
74.36420106887817,15162854
74.37058806419373,15162854
74.37693881988525,15162854
74.38879895210266,15162854
74.40066576004028,15162854
74.40182495117188,15162854
74.41318893432617,15162854
74.41419196128845,15162854
74.41507697105408,15162854
74.421062707901,15162854
74.42191791534424,15162854
74.43329167366028,15162854
74.43429470062256,15162854
74.44588804244995,15162854
74.45239424705505,15162854
74.46942186355591,15162854
74.47588777542114,15162854
74.47716236114502,15162854
74.47805070877075,15162854
74.49470520019531,15162854
74.49611568450928,15162854
74.49673533439636,15162854
74.51347303390503,15162854
74.52013278007507,15162854
74.52662539482117,15162854
74.5328631401062,15162854
74.54448819160461,15162854
74.55620074272156,15162854
74.55760288238525,15162854
74.56903862953186,15162854
74.57555890083313,15162854
74.58719277381897,15162854
74.59907817840576,15162854
74.60559344291687,15162854
74.61185431480408,15162854
74.61818337440491,15162854
74.624427318573,15162854
74.63072204589844,15162854
74.64771437644958,15162854
74.6489930152893,15162854
74.66052985191345,15162854
74.66708517074585,15162854
74.67335629463196,15162854
74.67963290214539,15162854
74.68053531646729,15162854
74.69186449050903,15162854
74.69298362731934,15162854
74.70967531204224,15162854
74.71107912063599,15162854
74.72244453430176,15162854
74.72883319854736,15162854
74.74070739746094,15162854
74.75242161750793,15162854
74.75368928909302,15162854
74.76535987854004,15162854
74.78245973587036,15162854
74.78398108482361,15162854
74.79024386405945,15162854
74.79645228385925,15162854
74.80272579193115,15162854
74.80899858474731,15162854
74.8152437210083,15162854
74.82144808769226,15162854
74.82773637771606,15162854
74.83400344848633,15162854
74.84023189544678,15162854
74.84110593795776,15162854
74.85247087478638,15162854
74.8534893989563,15162854
74.85972356796265,15162854
74.86595582962036,15162854
74.87756729125977,15162854
74.88933253288269,15162854
74.8960292339325,15162854
74.90250277519226,15162854
74.91439151763916,15162854
74.91546702384949,15162854
74.91635799407959,15162854
74.9277822971344,15162854
74.93430876731873,15162854
74.94595408439636,15162854
74.96317315101624,15162854
74.96984767913818,15162854
74.97101902961731,15162854
74.9877769947052,15162854
74.99457263946533,15162854
75.00616073608398,15162854
75.01804828643799,15162854
75.02444505691528,15162854
75.03085851669312,15162854
75.03742122650146,15162854
75.04909229278564,15162854
75.05027270317078,15162854
75.06165719032288,15162854
75.06819820404053,15162854
75.07985734939575,15162854
75.09163045883179,15162854
75.10366773605347,15162854
75.10496783256531,15162854
75.11122298240662,15162854
75.13283467292786,15162854
75.13514065742493,15162854
75.14592599868774,15162854
75.17542338371277,15162854
75.18687582015991,15162854
75.18885540962219,15162854
75.21714353561401,15162854
75.2285144329071,15162854
75.2304949760437,15162854
75.24093246459961,15162854
75.25171303749084,15162854
75.26232147216797,15162854
75.29137110710144,15162854
75.29371309280396,15162854
75.30431294441223,15162854
75.31491875648499,15162854
75.3437385559082,15162854
75.34597277641296,15162854
75.3657374382019,15162854
75.37663459777832,15162854
75.37863183021545,15162854
75.38886976242065,15162854
75.40862703323364,15162854
75.42865443229675,15162854
75.43980884552002,15162854
75.44133853912354,15162854
75.46043467521667,15162854
75.46237969398499,15162854
75.49061036109924,15162854
75.4928286075592,15162854
75.49434447288513,15162854
75.52263331413269,15162854
75.52483463287354,15162854
75.53555107116699,15162854
75.56419730186462,15162854
75.56634259223938,15162854
75.58596062660217,15162854
75.58795690536499,15162854
75.61663699150085,15162854
75.61906313896179,15162854
75.64729309082031,15162854
75.6672728061676,15162854
75.66965985298157,15162854
75.68081545829773,15162854
75.70070290565491,15162854
75.72092270851135,15162854
75.73182487487793,15162854
75.7428047657013,15162854
75.75340485572815,15162854
75.75487685203552,15162854
75.79391694068909,15162854
75.79641842842102,15162854
75.82658052444458,15162854
75.82902359962463,15162854
75.85907340049744,15162854
75.8612322807312,15162854
75.8825352191925,15162854
75.90341448783875,15162854
75.91354084014893,15162854
75.9148199558258,15162854
75.92107605934143,15162854
75.92736458778381,15162854
75.9282660484314,15162854
75.93962454795837,15162854
75.9460039138794,15162854
75.94701099395752,15162854
75.95327401161194,15162854
75.9595456123352,15162854
75.9712016582489,15162854
75.98312401771545,15162854
75.98965525627136,15162854
75.99595427513123,15162854
75.99684286117554,15162854
75.99744582176208,15162854
76.00340962409973,15162854
76.02040910720825,15162854
76.03236722946167,15162854
76.0390317440033,15162854
76.04018950462341,15162854
76.05692267417908,15162854
76.06360840797424,15162854
76.0647599697113,15162854
76.07607984542847,15162854
76.07724833488464,15162854
76.09402632713318,15162854
76.0951726436615,15162854
76.10705041885376,15162854
76.1082239151001,15162854
76.1142098903656,15162854
76.13116216659546,15162854
76.13243889808655,15162854
76.13330626487732,15162854
76.15015172958374,15162854
76.15679931640625,15162854
76.16313862800598,15162854
76.17504692077637,15162854
76.18155264854431,15162854
76.18246698379517,15162854
76.19931077957153,15162854
76.20057892799377,15162854
76.2068874835968,15162854
76.20778179168701,15162854
76.21920418739319,15162854
76.22035574913025,15162854
76.22632646560669,15162854
76.2325758934021,15162854
76.23887062072754,15162854
76.25594782829285,15162854
76.25723624229431,15162854
76.26889991760254,15162854
76.27003288269043,15162854
76.28140926361084,15162854
76.29331636428833,15162854
76.29982161521912,15162854
76.311443567276,15162854
76.31786680221558,15162854
76.3310477733612,15162854
76.33343267440796,15162854
76.35253763198853,15162854
76.3544373512268,15162854
76.36453294754028,15162854
76.38416528701782,15162854
76.39529991149902,15162854
76.40589213371277,15162854
76.41646671295166,15162854
76.4179527759552,15162854
76.43713736534119,15162854
76.44822788238525,15162854
76.45877766609192,15162854
76.4694881439209,15162854
76.48905634880066,15162854
76.50919532775879,15162854
76.51092863082886,15162854
76.53059124946594,15162854
76.5503933429718,15162854
76.56169414520264,15162854
76.5726592540741,15162854
76.5742015838623,15162854
76.58429908752441,15162854
76.59488725662231,15162854
76.63281106948853,15162854
76.63540649414062,15162854
76.64596247673035,15162854
76.65658521652222,15162854
76.66721415519714,15162854
76.67782855033875,15162854
76.68857479095459,15162854
76.71728134155273,15162854
76.72836875915527,15162854
76.73936200141907,15162854
76.74114274978638,15162854
76.76095008850098,15162854
76.77215957641602,15162854
76.79252886772156,15162854
76.80366206169128,15162854
76.81445503234863,15162854
76.81594729423523,15162854
76.85340189933777,15162854
76.85580277442932,15162854
76.86688613891602,15162854
76.88661217689514,15162854
76.90685987472534,15162854
76.91770005226135,15162854
76.93747663497925,15162854
76.94898962974548,15162854
76.96873211860657,15162854
76.97042608261108,15162854
76.99918961524963,15162854
77.00130820274353,15162854
77.002756357193,15162854
77.02195715904236,15162854
77.02388787269592,15162854
77.04298901557922,15162854
77.04489207267761,15162854
77.05504155158997,15162854
77.07449340820312,15162854
77.10371112823486,15162854
77.10625076293945,15162854
77.11678004264832,15162854
77.13645148277283,15162854
77.14737725257874,15162854
77.16699409484863,15162854
77.16871666908264,15162854
77.17929458618164,15162854
77.19896149635315,15162854
77.20091366767883,15162854
77.22927403450012,15162854
77.23141765594482,15162854
77.24209785461426,15162854
77.24361395835876,15162854
77.26281666755676,15162854
77.28302597999573,15162854
77.29421758651733,15162854
77.29567313194275,15162854
77.30585241317749,15162854
77.31648445129395,15162854
77.3180251121521,15162854
77.33780264854431,15162854
77.34876346588135,15162854
77.35971736907959,15162854
77.37061738967896,15162854
77.37260937690735,15162854
77.38298797607422,15162854
77.38447499275208,15162854
77.39464950561523,15162854
77.40525221824646,15162854
77.42523908615112,15162854
77.43635964393616,15162854
77.4562578201294,15162854
77.46744132041931,15162854
77.48735332489014,15162854
77.48946356773376,15162854
77.51828098297119,15162854
77.52955031394958,15162854
77.5317268371582,15162854
77.53319239616394,15162854
77.55269527435303,15162854
77.57291102409363,15162854
77.57476568222046,15162854
77.61315536499023,15162854
77.61567521095276,15162854
77.61755776405334,15162854
77.63735294342041,15162854
77.64831471443176,15162854
77.66813349723816,15162854
77.6792049407959,15162854
77.68972253799438,15162854
77.70951843261719,15162854
77.72999882698059,15162854
77.74121499061584,15162854
77.74265027046204,15162854
77.74366927146912,15162854
77.7722475528717,15162854
77.77458477020264,15162854
77.8127191066742,15162854
77.82412958145142,15162854
77.83624863624573,15162854
77.8473002910614,15162854
77.86705183982849,15162854
77.87820482254028,15162854
77.87967538833618,15162854
77.89901661872864,15162854
77.90996313095093,15162854
77.92054986953735,15162854
77.94022703170776,15162854
77.95150852203369,15162854
77.96229553222656,15162854
77.97308945655823,15162854
78.00221943855286,15162854
78.00438690185547,15162854
78.00582718849182,15162854
78.0160014629364,15162854
78.0264151096344,15162854
78.04626965522766,15162854
78.05734348297119,15162854
78.07712650299072,15162854
78.0881290435791,15162854
78.1084885597229,15162854
78.11940121650696,15162854
78.13038110733032,15162854
78.15958952903748,15162854
78.18022513389587,15162854
78.18268847465515,15162854
78.19390416145325,15162854
78.21415829658508,15162854
78.22504186630249,15162854
78.22691941261292,15162854
78.22797775268555,15162854
78.256520986557,15162854
78.2681291103363,15162854
78.27013778686523,15162854
78.29957175254822,15162854
78.31993508338928,15162854
78.33154821395874,15162854
78.33343958854675,15162854
78.34440851211548,15162854
78.36442136764526,15162854
78.38512444496155,15162854
78.39604711532593,15162854
78.40720415115356,15162854
78.41795110702515,15162854
78.43785452842712,15162854
78.44906997680664,15162854
78.4598023891449,15162854
78.48894548416138,15162854
78.49104762077332,15162854
78.50181937217712,15162854
78.51275038719177,15162854
78.5330741405487,15162854
78.53506350517273,15162854
78.56375288963318,15162854
78.58413600921631,15162854
78.58680891990662,15162854
78.59778809547424,15162854
78.59926319122314,15162854
78.60955595970154,15162854
78.62027144432068,15162854
78.63076066970825,15162854
78.641441822052,15162854
78.66130232810974,15162854
78.68164229393005,15162854
78.69252514839172,15162854
78.70371532440186,15162854
78.72385239601135,15162854
78.7355043888092,15162854
78.74655199050903,15162854
78.78596067428589,15162854
78.78839778900146,15162854
78.79910206794739,15162854
78.81939101219177,15162854
78.82142114639282,15162854
78.83172249794006,15162854
78.86051869392395,15162854
78.86274242401123,15162854
78.8734290599823,15162854
78.8934075832367,15162854
78.90456414222717,15162854
78.92425417900085,15162854
78.92601490020752,15162854
78.93671369552612,15162854
78.96559619903564,15162854
78.97712469100952,15162854
78.97919249534607,15162854
78.98948097229004,15162854
79.00938677787781,15162854
79.02045226097107,15162854
79.03109955787659,15162854
79.05087637901306,15162854
79.06198382377625,15162854
79.07268953323364,15162854
79.08331060409546,15162854
79.0938823223114,15162854
79.1045401096344,15162854
79.13337659835815,15162854
79.13553667068481,15162854
79.14605283737183,15162854
79.1567485332489,15162854
79.17642712593079,15162854
79.19666528701782,15162854
79.19858646392822,15162854
79.20867371559143,15162854
79.21926927566528,15162854
79.22993850708008,15162854
79.23144221305847,15162854
79.25094032287598,15162854
79.2619366645813,15162854
79.27266478538513,15162854
79.29253768920898,15162854
79.30359768867493,15162854
79.30534052848816,15162854
79.30680775642395,15162854
79.32627248764038,15162854
79.33735394477844,15162854
79.3577332496643,15162854
79.35956239700317,15162854
79.37046384811401,15162854
79.37189769744873,15162854
79.40997266769409,15162854
79.41242861747742,15162854
79.42323303222656,15162854
79.43421459197998,15162854
79.43569493293762,15162854
79.47388029098511,15162854
79.47656869888306,15162854
79.49654483795166,15162854
79.50768232345581,15162854
79.53710508346558,15162854
79.53938412666321,15162854
79.55005693435669,15162854
79.56070876121521,15162854
79.58107423782349,15162854
79.59236860275269,15162854
79.59384202957153,15162854
79.59486865997314,15162854
79.59586644172668,15162854
79.61526870727539,15162854
79.61711406707764,15162854
79.65504050254822,15162854
79.6668062210083,15162854
79.68718552589417,15162854
79.69879674911499,15162854
79.701007604599,15162854
79.70256018638611,15162854
79.7217788696289,15162854
79.72835659980774,15162854
79.7453248500824,15162854
79.7572021484375,15162854
79.76396870613098,15162854
79.76524519920349,15162854
79.76613116264343,15162854
79.78373908996582,15162854
79.7929277420044,15162854
79.80485391616821,15162854
79.80601572990417,15162854
79.82815146446228,15162854
79.82967877388,15162854
79.83057475090027,15162854
79.84194469451904,15162854
79.85369610786438,15162854
79.8656861782074,15162854
79.87233757972717,15162854
79.87870168685913,15162854
79.87982726097107,15162854
79.88585591316223,15162854
79.88673496246338,15162854
79.89815068244934,15162854
79.89932322502136,15162854
79.91597080230713,15162854
79.9347243309021,15162854
79.9456684589386,15162854
79.94754409790039,15162854
79.9855260848999,15162854
79.98774147033691,15162854
79.9898624420166,15162854
80.00964522361755,15162854
80.03031015396118,15162854
80.04165434837341,15162854
80.07140851020813,15162854
80.0828959941864,15162854
80.09392166137695,15162854
80.10500168800354,15162854
80.12527060508728,15162854
80.12729740142822,15162854
80.16487097740173,15162854
80.16751480102539,15162854
80.1782476902008,15162854
80.18895816802979,15162854
80.20885014533997,15162854
80.2108724117279,15162854
80.23037028312683,15162854
80.23236560821533,15162854
80.26062893867493,15162854
80.26304841041565,15162854
80.26412725448608,15162854
80.28329110145569,15162854
80.30348539352417,15162854
80.30546045303345,15162854
80.33391499519348,15162854
80.34516429901123,15162854
80.34685611724854,15162854
80.34829211235046,15162854
80.37757134437561,15162854
80.38888883590698,15162854
80.3907425403595,15162854
80.39177823066711,15162854
80.3927834033966,15162854
80.39380741119385,15162854
80.4038496017456,15162854
80.40528893470764,15162854
80.45168852806091,15162854
80.45426440238953,15162854
80.48325800895691,15162854
80.48584079742432,15162854
80.4877450466156,15162854
80.49818825721741,15162854
80.50859260559082,15162854
80.51909470558167,15162854
80.53857612609863,15162854
80.54801869392395,15162854
80.5543041229248,15162854
80.56056237220764,15162854
80.56684803962708,15162854
80.57848882675171,15162854
80.58485865592957,15162854
80.59136724472046,15162854
80.59759879112244,15162854
80.60386037826538,15162854
80.61013174057007,15162854
80.62176036834717,15162854
80.62817692756653,15162854
80.64526104927063,15162854
80.64666557312012,15162854
80.6477963924408,15162854
80.64845061302185,15162854
80.65443968772888,15162854
80.66612720489502,15162854
80.66726207733154,15162854
80.68395233154297,15162854
80.68532013893127,15162854
80.69664144515991,15162854
80.70840716362,15162854
80.71515250205994,15162854
80.72143483161926,15162854
80.73298716545105,15162854
80.7340075969696,15162854
80.74559688568115,15162854
80.74662256240845,15162854
80.75286769866943,15162854
80.75916004180908,15162854
80.76537919044495,15162854
80.78236246109009,15162854
80.78350758552551,15162854
80.78988432884216,15162854
80.79639267921448,15162854
80.80267095565796,15162854
80.80357360839844,15162854
80.82035207748413,15162854
80.82161402702332,15162854
80.82785773277283,15162854
80.8394296169281,15162854
80.84057068824768,15162854
80.84657430648804,15162854
80.85284948348999,15162854
80.86448693275452,15162854
80.87096834182739,15162854
80.87728190422058,15162854
80.87820720672607,15162854
80.88424682617188,15162854
80.88513922691345,15162854
80.89112639427185,15162854
80.89203524589539,15162854
80.89803576469421,15162854
80.92037963867188,15162854
80.92715120315552,15162854
80.93364667892456,15162854
80.93508720397949,15162854
80.9410707950592,15162854
80.94737029075623,15162854
80.95363330841064,15162854
80.96524119377136,15162854
80.96640133857727,15162854
80.97241163253784,15162854
80.97868084907532,15162854
80.99032425880432,15162854
80.99135637283325,15162854
80.9922399520874,15162854
81.00366234779358,15162854
81.00370192527771,15162854
