Time,Objective value
0.003021717071533203,172104
0.003250598907470703,172104
0.00659942626953125,172104
0.00990438461303711,172104
0.012912988662719727,172104
0.015774011611938477,172104
0.018648624420166016,171274
0.021517515182495117,171274
0.024383068084716797,171274
0.02725362777709961,171274
0.03010082244873047,171274
0.032968997955322266,171274
0.035825252532958984,171274
0.03866386413574219,171274
0.041518211364746094,171274
0.04430580139160156,171274
0.0471951961517334,171274
0.05009317398071289,171274
0.05301809310913086,171274
0.05591297149658203,171274
0.05869412422180176,171274
0.061563968658447266,171274
0.06435799598693848,171274
0.06723332405090332,171274
0.07007956504821777,171274
0.07296609878540039,171274
0.07576584815979004,171274
0.07863092422485352,171274
0.08146357536315918,171274
0.08432698249816895,171274
0.08716583251953125,171274
0.08994460105895996,171274
0.09272527694702148,171274
0.09549188613891602,171274
0.0983278751373291,171274
0.10110759735107422,171274
0.10396051406860352,171274
0.10679221153259277,171274
0.10954809188842773,171274
0.11232852935791016,171274
0.11510920524597168,171274
0.11794304847717285,171274
0.12070965766906738,171274
0.12347865104675293,171274
0.12633967399597168,171266
0.1291050910949707,171266
0.13196444511413574,171266
0.13472270965576172,171266
0.13748621940612793,171266
0.1403183937072754,171266
0.14310002326965332,171266
0.14587140083312988,171266
0.14872121810913086,171266
0.15149855613708496,171266
0.1543443202972412,171266
0.15720057487487793,171266
0.15997552871704102,171266
0.1627647876739502,171266
0.1656038761138916,171266
0.16836953163146973,171266
0.17115426063537598,171266
0.17392706871032715,171266
0.1766963005065918,171266
0.17947006225585938,171266
0.18233275413513184,171266
0.18510723114013672,171266
0.18787932395935059,171266
0.19064712524414062,171266
0.1934821605682373,171266
0.19624733924865723,171266
0.1990208625793457,171266
0.20182061195373535,171266
0.2045893669128418,171266
0.20736122131347656,171266
0.21013927459716797,171266
0.2129964828491211,171266
0.21584272384643555,171266
0.21860766410827637,171266
0.22138762474060059,171266
0.2241649627685547,171266
0.22700858116149902,171266
0.22986578941345215,171266
0.23264765739440918,171266
0.23542261123657227,171266
0.2382504940032959,171266
0.24111652374267578,171266
0.2438974380493164,171266
0.24665594100952148,171266
0.2494354248046875,171266
0.25221991539001465,171266
0.2550022602081299,171266
0.2577791213989258,171266
0.2605416774749756,171266
0.26339054107666016,171266
0.26617956161499023,171266
0.2689547538757324,171266
0.2717928886413574,171266
0.2745640277862549,171266
0.2773425579071045,171266
0.2801218032836914,171266
0.2829170227050781,171266
0.28568339347839355,171266
0.28846073150634766,171266
0.291245698928833,171266
0.29406166076660156,171266
0.29691576957702637,171266
0.2996981143951416,171266
0.3025641441345215,171266
0.3054208755493164,171266
0.30819082260131836,171266
0.31097888946533203,171266
0.3137538433074951,171266
0.31660008430480957,171266
0.31937527656555176,171266
0.3221585750579834,171266
0.325000524520874,171266
0.3277735710144043,171266
0.33054661750793457,171266
0.3333933353424072,171266
0.3361678123474121,171266
0.33895230293273926,171266
0.34174585342407227,171266
0.34459352493286133,171266
0.3473687171936035,171266
0.35021233558654785,171266
0.35300683975219727,171266
0.35577917098999023,171266
0.3585505485534668,171266
0.3613433837890625,171266
0.3641188144683838,171266
0.3668961524963379,171266
0.369661808013916,171266
0.3724503517150879,171266
0.3752250671386719,171266
0.3780031204223633,171266
0.38079118728637695,171266
0.38356566429138184,171266
0.38633131980895996,171266
0.38910627365112305,171266
0.39189743995666504,171266
0.3947465419769287,171266
0.3975062370300293,171266
0.40027880668640137,171266
0.40305638313293457,171266
0.4059121608734131,171266
0.4086785316467285,171266
0.41146135330200195,171266
0.4142334461212158,171266
0.41701459884643555,171266
0.41978955268859863,171266
0.4225633144378662,171266
0.4253697395324707,171266
0.42815327644348145,171266
0.43094301223754883,171266
0.43372035026550293,171266
0.4365723133087158,171266
0.4393453598022461,171266
0.44215941429138184,171266
0.44495201110839844,171266
0.44771695137023926,171266
0.4504976272583008,171266
0.4532763957977295,171266
0.4560577869415283,171266
0.4588348865509033,171266
0.46161937713623047,171266
0.46439027786254883,171266
0.4671783447265625,171266
0.4699513912200928,171266
0.47273731231689453,171266
0.47550344467163086,171266
0.47827577590942383,171266
0.4811391830444336,171266
0.48400044441223145,171266
0.48684024810791016,171266
0.48961472511291504,171266
0.49239253997802734,171266
0.4951801300048828,171266
0.4979593753814697,171266
0.5007517337799072,171266
0.5035245418548584,171266
0.5062956809997559,171266
0.5090632438659668,171266
0.5118515491485596,171266
0.5146222114562988,171266
0.5173966884613037,171266
0.5201756954193115,171266
0.5229661464691162,171266
0.525740385055542,171266
0.5285072326660156,171266
0.5312843322753906,171266
0.5341372489929199,171266
0.5369095802307129,171266
0.539675235748291,171266
0.5425164699554443,171266
0.545295000076294,171266
0.5480725765228271,171266
0.5508551597595215,171266
0.5536198616027832,171266
0.5563981533050537,171266
0.5591719150543213,171266
0.5619533061981201,171266
0.5647339820861816,171266
0.5674972534179688,171266
0.5702762603759766,171266
0.5730559825897217,171266
0.5758354663848877,171266
0.5786066055297852,171266
0.5813906192779541,171266
0.5841681957244873,171266
0.5869452953338623,171266
0.5897164344787598,171266
0.592491626739502,171266
0.5952649116516113,171266
0.5980374813079834,171266
0.6008255481719971,171266
0.6035940647125244,171266
0.6064519882202148,171266
0.6092267036437988,171266
0.6120164394378662,171266
0.6147973537445068,171266
0.6175620555877686,171266
0.6203372478485107,171266
0.6231338977813721,171266
0.6259124279022217,171266
0.6286873817443848,171266
0.6314630508422852,171266
0.6342434883117676,171266
0.6370203495025635,171266
0.6398015022277832,171266
0.6425790786743164,171266
0.6454427242279053,171266
0.6482198238372803,171266
0.6510090827941895,171266
0.6538479328155518,170932
0.6566212177276611,170932
0.6593971252441406,170932
0.6621863842010498,170932
0.6650447845458984,170932
0.6678245067596436,170932
0.67059326171875,170932
0.6733849048614502,170932
0.6761569976806641,170932
0.6789419651031494,170932
0.6817193031311035,170932
0.684492826461792,170932
0.6872692108154297,170932
0.6900427341461182,170932
0.6929147243499756,170932
0.6956877708435059,170932
0.6984684467315674,170932
0.7012465000152588,170932
0.7040219306945801,170932
0.7068798542022705,170932
0.709648847579956,170932
0.7124295234680176,170932
0.7152044773101807,170932
0.7179830074310303,170932
0.7207672595977783,170932
0.7235221862792969,170932
0.7262985706329346,170932
0.7290737628936768,170932
0.7318575382232666,170932
0.7346282005310059,170932
0.7373988628387451,170932
0.7401673793792725,170932
0.7429556846618652,170932
0.7457327842712402,170932
0.7484941482543945,170932
0.7512824535369873,170932
0.754061222076416,170932
0.7568345069885254,170932
0.7595946788787842,170932
0.7623803615570068,170932
0.7651529312133789,170932
0.7679195404052734,170932
0.7706849575042725,170932
0.7734673023223877,170932
0.7762372493743896,170932
0.7790145874023438,170932
0.781794548034668,170932
0.7845513820648193,170932
0.7873175144195557,170932
0.7900896072387695,170932
0.7928717136383057,170932
0.7956347465515137,170932
0.7984018325805664,170932
0.8011841773986816,170932
0.8039588928222656,170932
0.8067257404327393,170932
0.8094871044158936,170932
0.8122704029083252,170932
0.8150424957275391,170932
0.8178188800811768,170932
0.8205773830413818,170932
0.8233597278594971,170932
0.8261294364929199,170932
0.8289003372192383,170932
0.8316776752471924,170932
0.8344542980194092,170932
0.8372175693511963,170932
0.839989423751831,170932
0.8428239822387695,170932
0.8455827236175537,170932
0.8483526706695557,170932
0.8511366844177246,170932
0.8539037704467773,170932
0.8566691875457764,170932
0.8594377040863037,170932
0.8622267246246338,170932
0.865004301071167,170932
0.8677878379821777,170932
0.8705470561981201,170932
0.8733348846435547,170932
0.8761048316955566,170932
0.878887414932251,170932
0.8816654682159424,170932
0.8844447135925293,170932
0.8872153759002686,170932
0.889995813369751,170932
0.8927745819091797,170932
0.8955495357513428,170932
0.898322582244873,170932
0.9011118412017822,170932
0.9039556980133057,170932
0.9067258834838867,170932
0.9094922542572021,170932
0.9122824668884277,170932
0.9150564670562744,170932
0.9178345203399658,170932
0.9206042289733887,170932
0.9233834743499756,170932
0.9261596202850342,170932
0.9289383888244629,170932
0.9317171573638916,170932
0.9344937801361084,170932
0.937262773513794,170932
0.940032958984375,170932
0.942817211151123,170932
0.945582389831543,170932
0.9483461380004883,170932
0.9511330127716064,170932
0.9539120197296143,170932
0.9566824436187744,170932
0.9594535827636719,170932
0.9622421264648438,170932
0.9650125503540039,170932
0.9677879810333252,170932
0.9705498218536377,170932
0.9733381271362305,170932
0.9761161804199219,170932
0.9788947105407715,170932
0.9816758632659912,170932
0.9844553470611572,170932
0.9872322082519531,170932
0.9900200366973877,170932
0.9928059577941895,170932
0.9955694675445557,170932
0.9983365535736084,170932
1.0011203289031982,170932
1.0038988590240479,170932
1.006666660308838,170932
1.0094349384307861,170932
1.0122218132019043,170932
1.0149927139282227,170932
1.0177667140960693,170932
1.0205192565917969,170932
1.0233004093170166,170932
1.0260772705078125,170932
1.0288538932800293,170932
1.031625509262085,170932
1.0344016551971436,170932
1.0371794700622559,170932
1.0399584770202637,170932
1.042731761932373,170932
1.0455806255340576,170932
1.0483551025390625,170932
1.0511500835418701,170932
1.0539262294769287,170932
1.0566914081573486,170932
1.059464454650879,170932
1.0622475147247314,170932
1.0650243759155273,170932
1.0677969455718994,170932
1.0705664157867432,170932
1.0733470916748047,170932
1.0761191844940186,170932
1.0788967609405518,170932
1.0816707611083984,170932
1.0844378471374512,170932
1.0872044563293457,170932
1.0899810791015625,170932
1.0927667617797852,170932
1.0955259799957275,170932
1.0982983112335205,170932
1.1010847091674805,170932
1.1038620471954346,170932
1.1066279411315918,170932
1.1093955039978027,170932
1.1121816635131836,170932
1.1149485111236572,170932
1.1177163124084473,170932
1.120544195175171,170932
1.1233363151550293,170932
1.1261096000671387,170932
1.1288909912109375,170932
1.1317336559295654,170932
1.134505033493042,170932
1.1372737884521484,170932
1.1400554180145264,170932
1.142920732498169,170932
1.1456902027130127,170932
1.1484625339508057,170932
1.1512556076049805,170932
1.1540298461914062,170932
1.1568138599395752,170932
1.1595799922943115,170932
1.1623661518096924,170932
1.1651413440704346,170932
1.1679236888885498,170932
1.1706900596618652,170932
1.1734755039215088,170932
1.176250696182251,170932
1.1790316104888916,170932
1.1818146705627441,170932
1.1845815181732178,170932
1.1873502731323242,170932
1.1901319026947021,170932
1.1929185390472412,170932
1.1956877708435059,170932
1.1984572410583496,170932
1.201249122619629,170932
1.2040278911590576,170932
1.206803798675537,170932
1.2095649242401123,170932
1.2123475074768066,170932
1.2151200771331787,170932
1.2178919315338135,170932
1.2206599712371826,170932
1.2234461307525635,170932
1.2262158393859863,170932
1.2289884090423584,170932
1.231774091720581,170932
1.2345421314239502,170932
1.2373175621032715,170932
1.2400929927825928,170932
1.242882251739502,170932
1.24564790725708,170932
1.248417854309082,170932
1.2512030601501465,170932
1.2539851665496826,170932
1.2567675113677979,170932
1.2595300674438477,170932
1.262361764907837,170932
1.2651734352111816,170932
1.267951488494873,170932
1.270815134048462,170932
1.2735834121704102,170932
1.2763593196868896,170932
1.2792167663574219,170932
1.2820022106170654,170932
1.2847850322723389,170932
1.2875475883483887,170932
1.290318250656128,170932
1.2931041717529297,170932
1.2958848476409912,170932
1.2986464500427246,170932
1.3014938831329346,170932
1.3042778968811035,170932
1.307046890258789,170932
1.3098244667053223,170932
1.3126094341278076,170932
1.3153860569000244,170932
1.3181636333465576,170932
1.3209526538848877,170932
1.323725938796997,170932
1.3264920711517334,170932
1.3292665481567383,170932
1.3320558071136475,170932
1.334907054901123,170932
1.3376784324645996,170932
1.340447187423706,170932
1.3432397842407227,170932
1.346022129058838,170932
1.3488059043884277,170932
1.351578712463379,170932
1.3543589115142822,170932
1.3571364879608154,170932
1.3599765300750732,170932
1.3627688884735107,170932
1.3655288219451904,170932
1.3683106899261475,170932
1.3710968494415283,170932
1.3738830089569092,170932
1.376652717590332,170932
1.379422664642334,170932
1.382204294204712,170932
1.384979248046875,170932
1.3878233432769775,170932
1.3905887603759766,170932
1.3933675289154053,170932
1.3961420059204102,170932
1.3989174365997314,170932
1.4017024040222168,170932
1.4044740200042725,170932
1.4072511196136475,170932
1.4100265502929688,170932
1.4128217697143555,170932
1.4155800342559814,170932
1.4183518886566162,170932
1.4211320877075195,170932
1.423971176147461,170932
1.4267497062683105,170932
1.4295125007629395,170932
1.4322998523712158,170932
1.4350686073303223,170932
1.437842845916748,170932
1.4406838417053223,170932
1.4434921741485596,170932
1.4462668895721436,170932
1.4490399360656738,170932
1.4518365859985352,170932
1.4546146392822266,170932
1.4573922157287598,170932
1.460165023803711,170932
1.4629576206207275,170932
1.4657347202301025,170932
1.468494176864624,170932
1.471278190612793,170932
1.4740519523620605,170932
1.4768948554992676,170932
1.4796695709228516,170932
1.482445240020752,170932
1.4852180480957031,170932
1.4879846572875977,170932
1.4907636642456055,170932
1.4935309886932373,170932
1.4963023662567139,170932
1.499070644378662,170932
1.5018527507781982,170932
1.5046133995056152,170932
1.5073823928833008,170932
1.5101516246795654,170932
1.5129461288452148,170932
1.515721321105957,170932
1.518491506576538,170932
1.5212647914886475,170932
1.5240402221679688,170932
1.5268099308013916,170932
1.5295689105987549,170932
1.5323472023010254,170932
1.5351171493530273,170932
1.5378835201263428,170932
1.5406384468078613,170932
1.5434155464172363,170932
1.546260118484497,170932
1.5491101741790771,170932
1.551893949508667,170932
1.5546565055847168,170932
1.5574212074279785,170932
1.5601906776428223,170932
1.562976598739624,170932
1.565748929977417,170932
1.5685114860534668,170932
1.5712852478027344,170932
1.5740625858306885,170932
1.576827049255371,170932
1.5795891284942627,170932
1.5823643207550049,170932
1.5851411819458008,170932
1.5879168510437012,170932
1.5906856060028076,170932
1.5934646129608154,170932
1.5962398052215576,170932
1.599010705947876,170932
1.601787805557251,170932
1.6045479774475098,170932
1.6073966026306152,170932
1.6101679801940918,170932
1.6129546165466309,170932
1.6157138347625732,170932
1.6184775829315186,170932
1.621260166168213,170932
1.6240367889404297,170932
1.6268103122711182,170932
1.6295692920684814,170932
1.6323473453521729,170932
1.6351218223571777,170932
1.6378953456878662,170932
1.6407134532928467,170932
1.643570899963379,170932
1.6463737487792969,170932
1.6491429805755615,170932
1.6519312858581543,170932
1.6547777652740479,170932
1.657541036605835,170932
1.6603105068206787,170932
1.6630995273590088,170932
1.665881872177124,170932
1.6686584949493408,170932
1.6714422702789307,170932
1.674226999282837,170932
1.676999568939209,170932
1.6797809600830078,170932
1.6825573444366455,170932
1.6853370666503906,170932
1.688108205795288,170932
1.6909043788909912,170932
1.6936695575714111,170932
1.696446418762207,170932
1.6992216110229492,170932
1.7020056247711182,170932
1.7047760486602783,170932
1.7075462341308594,170932
1.7103168964385986,170932
1.7131083011627197,170932
1.7158787250518799,170932
1.7186408042907715,170932
1.7214198112487793,170932
1.724198579788208,170932
1.7269790172576904,170932
1.7297492027282715,170932
1.732522964477539,170932
1.7352967262268066,170932
1.7380728721618652,170932
1.7408640384674072,170932
1.7436285018920898,170932
1.7464041709899902,170932
1.7491886615753174,170932
1.751981258392334,170932
1.754828691482544,170932
1.7575962543487549,170932
1.7603657245635986,170932
1.7631561756134033,170932
1.7659258842468262,170932
1.768695592880249,170932
1.7714719772338867,170932
1.7742457389831543,170932
1.777015209197998,170932
1.7798027992248535,170932
1.78257155418396,170932
1.7853422164916992,170932
1.7881147861480713,170932
1.7909069061279297,170932
1.793670654296875,170932
1.7964401245117188,170932
1.7992088794708252,170932
1.8019919395446777,170932
1.8047690391540527,170932
1.8075335025787354,170932
1.810302734375,170932
1.813098430633545,170932
1.815866470336914,170932
1.8186376094818115,170932
1.8214213848114014,170932
1.8242018222808838,170932
1.8269801139831543,170932
1.8297641277313232,170932
1.832538366317749,170932
1.835317611694336,170932
1.8380944728851318,170932
1.8408868312835693,170932
1.8436574935913086,170932
1.8464374542236328,170932
1.849210262298584,170932
1.8519937992095947,170932
1.8547711372375488,170932
1.8575420379638672,170932
1.860306978225708,170932
1.863100290298462,170932
1.8658735752105713,170932
1.8686461448669434,170932
1.8714189529418945,170932
1.874204158782959,170932
1.8769841194152832,170932
1.8797636032104492,170932
1.8825316429138184,170932
1.885307788848877,170932
1.8880894184112549,170932
1.8908860683441162,170932
1.893733263015747,170932
1.8965017795562744,170932
1.8992791175842285,170932
1.9020729064941406,170932
1.9048490524291992,170932
1.9076223373413086,170932
1.9103925228118896,170932
1.9131755828857422,170932
1.915942668914795,170932
1.9187133312225342,170932
1.9215610027313232,170932
1.9243390560150146,170932
1.9271070957183838,170932
1.9298772811889648,170932
1.9326491355895996,170932
1.9354135990142822,170932
1.9381916522979736,170932
1.9409747123718262,170932
1.9437410831451416,170932
1.9465067386627197,170932
1.9492721557617188,170932
1.9520518779754639,170932
1.9548168182373047,170932
1.9575824737548828,170932
1.9604246616363525,170932
1.963200569152832,170932
1.9659743309020996,170932
1.9687402248382568,170932
1.9715051651000977,170932
1.9742810726165771,170932
1.9770503044128418,170932
1.9798269271850586,170932
1.9826080799102783,170932
1.985381841659546,170932
1.9881534576416016,170932
1.9909350872039795,170932
1.9936962127685547,170932
1.9964678287506104,170932
1.9992363452911377,170932
2.0020196437835693,170932
2.0047898292541504,170932
2.007551431655884,170932
2.0103204250335693,170932
2.013113260269165,170932
2.0158894062042236,170932
2.01865291595459,170932
2.021420478820801,170932
2.0241925716400146,170932
2.0269663333892822,170932
2.0297353267669678,170932
2.0325112342834473,170932
2.035285711288452,170932
2.0380585193634033,170932
2.0408453941345215,170932
2.043609857559204,170932
2.046384334564209,170932
2.049156665802002,170932
2.0519423484802246,170932
2.054706573486328,170932
2.0575525760650635,170932
2.0603272914886475,170932
2.0631139278411865,170932
2.0658864974975586,170932
2.06864857673645,170932
2.071429967880249,170932
2.0742011070251465,170932
2.0769758224487305,170932
2.079749822616577,170932
2.0825188159942627,170932
2.0852890014648438,170932
2.088055372238159,170932
2.0908379554748535,170932
2.093599319458008,170932
2.096367359161377,170932
2.0991427898406982,170932
2.101924419403076,170932
2.1046931743621826,170932
2.107461452484131,170932
2.1102395057678223,170932
2.1130974292755127,170932
2.115877628326416,170932
2.1186411380767822,170932
2.1214165687561035,170932
2.124194383621216,170932
2.1269655227661133,170932
2.129734516143799,170932
2.1325130462646484,170932
2.1352803707122803,170932
2.1380650997161865,170932
2.1408722400665283,170932
2.14363956451416,170932
2.14640212059021,170932
2.1491763591766357,170932
2.151977777481079,170932
2.1547482013702393,170932
2.1575145721435547,170932
2.160282611846924,170932
2.163074493408203,170932
2.1658565998077393,170932
2.16862416267395,170932
2.1714067459106445,170932
2.1741840839385986,170932
2.1778452396392822,170932
2.1815385818481445,170932
2.184317111968994,170932
2.187084674835205,170932
2.1898701190948486,170932
2.192641258239746,170932
2.195403575897217,170932
2.198179244995117,170932
2.200953960418701,170932
2.203725814819336,170932
2.2064969539642334,170932
2.2092790603637695,170932
2.2121434211730957,170932
2.214921712875366,170932
2.2176849842071533,170932
2.2204525470733643,170932
2.223238229751587,170932
2.226001739501953,170932
2.2287778854370117,170932
2.231546640396118,170932
2.2343099117279053,170932
2.2370855808258057,170932
2.239856481552124,170932
2.242631196975708,170932
2.245469331741333,170932
2.2482388019561768,170932
2.25101900100708,170932
2.253798007965088,170932
2.256596088409424,170932
2.259368658065796,170932
2.2621443271636963,170932
2.2653939723968506,170932
2.268167734146118,170932
2.2709641456604004,170932
2.273735761642456,170932
2.2765021324157715,170932
2.2792749404907227,170932
2.2820615768432617,170932
2.284830093383789,170932
2.2875897884368896,170932
2.2903544902801514,170932
2.2931461334228516,170932
2.2959065437316895,170932
2.2986717224121094,170932
2.3014488220214844,170932
2.3042304515838623,170932
2.3070032596588135,170932
2.3097801208496094,170932
2.3125476837158203,170932
2.3153231143951416,170932
2.3180949687957764,170932
2.3208799362182617,170932
2.3237171173095703,170932
2.3264858722686768,170932
2.3292605876922607,170932
2.332041025161743,170932
2.334808111190796,170932
2.3375637531280518,170932
2.3403337001800537,170932
2.3431293964385986,170932
2.3459019660949707,170932
2.3486714363098145,170932
2.351447582244873,170932
2.354231357574463,170932
2.3570034503936768,170932
2.3597779273986816,170932
2.3625428676605225,170932
2.3653180599212646,170932
2.3680920600891113,170932
2.3708794116973877,170932
2.373647689819336,170932
2.376415729522705,170932
2.379185676574707,170932
2.3820531368255615,170932
2.3848249912261963,170932
2.387586832046509,170932
2.3903579711914062,170932
2.393141508102417,170932
2.3959217071533203,170932
2.3986928462982178,170932
2.4014649391174316,170932
2.4042391777038574,170932
2.407036781311035,170932
2.409813404083252,170932
2.412590265274048,170932
2.415360450744629,170932
2.4182167053222656,170932
2.4210078716278076,170932
2.4237802028656006,170932
2.426546096801758,170932
2.429309129714966,170932
2.432103157043457,170932
2.4348812103271484,170932
2.437649726867676,170932
2.4404165744781494,170932
2.443228006362915,170932
2.446007490158081,170932
2.448780059814453,170932
2.4515535831451416,170932
2.454343318939209,170932
2.4571149349212646,170932
2.459885358810425,170932
2.4626619815826416,170932
2.4654293060302734,170932
2.468196153640747,170932
2.4709832668304443,170932
2.473752975463867,170932
2.4765124320983887,170932
2.479283332824707,170932
2.4820773601531982,170932
2.4848499298095703,170932
2.4876201152801514,170932
2.490394353866577,170932
2.4931817054748535,170932
2.495953321456909,170932
2.4987223148345947,170932
2.5014963150024414,170932
2.5042784214019775,170932
2.507046937942505,170932
2.5098283290863037,170932
2.5126054286956787,170932
2.5153796672821045,170932
2.5181562900543213,170932
2.5209462642669678,170932
2.523719310760498,170932
2.5264909267425537,170932
2.529261827468872,170932
2.5320489406585693,170932
2.5348196029663086,170932
2.5375943183898926,170932
2.5403637886047363,170932
2.5431551933288574,170932
2.545930862426758,170932
2.5487091541290283,170932
2.551482915878296,170932
2.5542619228363037,170932
2.5570406913757324,170932
2.559821605682373,170932
2.562593936920166,170932
2.5653674602508545,170932
2.568143367767334,170932
2.5709292888641357,170932
2.573704719543457,170932
2.576474666595459,170932
2.5792484283447266,170932
2.582036256790161,170932
2.5848138332366943,170932
2.5875840187072754,170932
2.5903613567352295,170932
2.5931434631347656,170932
2.5959136486053467,170932
2.5986812114715576,170932
2.6014602184295654,170932
2.6042418479919434,170932
2.6070189476013184,170932
2.6097986698150635,170932
2.6125738620758057,170932
2.6153461933135986,170932
2.618121862411499,170932
2.6209120750427246,170932
2.623676300048828,170932
2.626443862915039,170932
2.6292178630828857,170932
2.632004499435425,170932
2.634784698486328,170932
2.637556552886963,170932
2.640334129333496,170932
2.6431212425231934,170932
2.6459007263183594,170932
2.64866304397583,170932
2.651442050933838,170932
2.6542205810546875,170932
2.6569912433624268,170932
2.65976619720459,170932
2.6625418663024902,170932
2.665323257446289,170932
2.668095350265503,170932
2.670884609222412,170932
2.673654079437256,170932
2.676431655883789,170932
2.6792101860046387,170932
2.6819982528686523,170932
2.6847760677337646,170932
2.687535285949707,170932
2.6903069019317627,170932
2.693093776702881,170932
2.69586443901062,170932
2.6986331939697266,170932
2.701411724090576,170932
2.7041890621185303,170932
2.7069594860076904,170932
2.709723949432373,170932
2.7124974727630615,170932
2.7152745723724365,170932
2.718050003051758,170932
2.7208430767059326,170932
2.7236030101776123,170932
2.7263755798339844,170932
2.7291505336761475,170932
2.731940507888794,170932
2.73470139503479,170932
2.737478256225586,170932
2.740250825881958,170932
2.7430341243743896,170932
2.74580979347229,170932
2.748582601547241,170932
2.751363754272461,170932
2.7541391849517822,170932
2.756915330886841,170932
2.7596821784973145,170932
2.7624731063842773,170932
2.7652413845062256,170932
2.7680206298828125,170932
2.770815849304199,170932
2.773587703704834,170932
2.776353597640991,170932
2.7791290283203125,170932
2.781919240951538,170932
2.7846877574920654,170932
2.787459135055542,170932
2.7902309894561768,170932
2.7930400371551514,170932
2.7958157062530518,170932
2.798579454421997,170932
2.8013594150543213,170932
2.8041341304779053,170932
2.8069076538085938,170932
2.809676170349121,170932
2.8124499320983887,170932
2.8152244091033936,170932
2.8179922103881836,170932
2.8207743167877197,170932
2.8235316276550293,170932
2.826329469680786,170932
2.8291022777557373,170932
2.831888437271118,170932
2.834665536880493,170932
2.837437868118286,170932
2.840216636657715,170932
2.8430073261260986,170932
2.8457841873168945,170932
2.848544120788574,170932
2.8513293266296387,170932
2.8541083335876465,170932
2.856891393661499,170932
2.8596582412719727,170932
2.8624322414398193,170932
2.865206480026245,170932
2.867985963821411,170932
2.8707683086395264,170932
2.8735342025756836,170932
2.8763017654418945,170932
2.8790812492370605,170932
2.881868600845337,170932
2.8846373558044434,170932
2.8873989582061768,170932
2.8901712894439697,170932
2.8929550647735596,170932
2.8957202434539795,170932
2.898486852645874,170932
2.901273012161255,170932
2.904050827026367,170932
2.9068238735198975,170932
2.90958833694458,170932
2.9123783111572266,170932
2.9151456356048584,170932
2.917921781539917,170932
2.920689821243286,170932
2.923478364944458,170932
2.9262547492980957,170932
2.9290382862091064,170932
2.9318201541900635,170932
2.93459153175354,170932
2.9373645782470703,170932
2.940136194229126,170932
2.9429211616516113,170932
2.945695161819458,170932
2.948465585708618,170932
2.95124888420105,170932
2.954026699066162,170932
2.9567983150482178,170932
2.9595563411712646,170932
2.962334156036377,170932
2.9651036262512207,170932
2.967881917953491,170932
2.970649003982544,170932
2.9734318256378174,170932
2.976203441619873,170932
2.9789767265319824,170932
2.9817616939544678,170932
2.9845223426818848,170932
2.9872853755950928,170932
2.990060329437256,170932
2.992849588394165,170932
2.99560809135437,170932
2.9983839988708496,170932
3.0011801719665527,170634
3.003955602645874,170634
3.0067169666290283,170634
3.0094804763793945,170634
3.012267827987671,170634
3.015040397644043,170634
3.017812728881836,170634
3.020578145980835,170634
3.02335262298584,170634
3.026127815246582,170634
3.0289011001586914,170634
3.0316712856292725,170634
3.034440279006958,170634
3.037214756011963,170634
3.0399866104125977,170634
3.042771577835083,170634
3.0455286502838135,170634
3.048304796218872,170634
3.05108380317688,170634
3.0539326667785645,170634
3.056696653366089,170634
3.05946683883667,170634
3.062251091003418,170634
3.065021276473999,170634
3.0677924156188965,170634
3.070554494857788,170634
3.0733299255371094,170634
3.0761051177978516,170634
3.078874111175537,170634
3.0816450119018555,170634
3.0844099521636963,170634
3.0871775150299072,170634
3.0899579524993896,170634
3.0927417278289795,170634
3.0955822467803955,170634
3.098344087600708,170634
3.1011252403259277,170634
3.10390305519104,170634
3.1066672801971436,170634
3.109447956085205,170634
3.1122372150421143,170634
3.1150062084198,170634
3.1177823543548584,170634
3.1205875873565674,170634
3.123378276824951,170634
3.1261579990386963,170634
3.1289432048797607,170634
3.1317317485809326,170634
3.1344985961914062,170634
3.1372761726379395,170634
3.14005708694458,170634
3.142850160598755,170634
3.1456217765808105,170634
3.1484012603759766,170634
3.1511898040771484,170634
3.1539711952209473,170634
3.1567587852478027,170634
3.1596121788024902,170634
3.1623940467834473,170634
3.165172815322876,170634
3.1679468154907227,170634
3.1707215309143066,170634
3.1735012531280518,170634
3.1762804985046387,170634
3.1790566444396973,170634
3.181846857070923,170634
3.1846165657043457,170634
3.1873953342437744,170634
3.190173625946045,170634
3.192962884902954,170634
3.1957364082336426,170634
3.198498487472534,170634
3.2012906074523926,170634
3.2040743827819824,170634
3.2068562507629395,170634
3.209629774093628,170634
3.2124061584472656,170634
3.215179443359375,170634
3.2179534435272217,170634
3.2207226753234863,170634
3.2235076427459717,170634
3.226285457611084,170634
3.2290523052215576,170634
3.231842041015625,170634
3.2346086502075195,170634
3.23738169670105,170634
3.240161180496216,170634
3.242957353591919,170634
3.2457337379455566,170634
3.248500108718872,170634
3.251290798187256,170634
3.2540667057037354,170634
3.256842613220215,170634
3.259615421295166,170634
3.262402057647705,170634
3.265263080596924,170634
3.2680466175079346,170634
3.2708325386047363,170634
3.2736082077026367,170634
3.2763805389404297,170634
3.2792251110076904,170634
3.282008409500122,170634
3.284783363342285,170634
3.2875499725341797,170634
3.2903170585632324,170634
3.2931015491485596,170634
3.2958734035491943,170634
3.2986392974853516,170634
3.3014237880706787,170634
3.3042092323303223,170634
3.3069779872894287,170634
3.3097448348999023,170634
3.312601089477539,170634
3.31536865234375,170634
3.318142890930176,170634
3.3209238052368164,170634
3.3236944675445557,170634
3.3264682292938232,170634
3.3292319774627686,170634
3.332017421722412,170634
3.3347854614257812,170634
3.3375511169433594,170634
3.3403244018554688,170634
3.3431077003479004,170634
3.345879077911377,170634
3.3486385345458984,170634
3.351408004760742,170634
3.3541836738586426,170634
3.3569600582122803,170634
3.359734535217285,170634
3.36250638961792,170634
3.3652820587158203,170634
3.368060350418091,170634
3.3708534240722656,170634
3.3736236095428467,170634
3.3763930797576904,170634
3.3791677951812744,170634
3.3819546699523926,170634
3.384718894958496,170634
3.3874878883361816,170634
3.3902647495269775,170634
3.3930461406707764,170634
3.395815849304199,170634
3.398571014404297,170634
3.401352882385254,170634
3.404127359390259,170634
3.4069018363952637,170634
3.4096713066101074,170634
3.4124503135681152,170634
3.415221929550171,170634
3.4179954528808594,170634
3.4207780361175537,170634
3.423541307449341,170634
3.4263148307800293,170634
3.4290783405303955,170634
3.4318675994873047,170634
3.43463134765625,170634
3.437401533126831,170634
3.4401752948760986,170634
3.4429643154144287,170634
3.4457356929779053,170634
3.4485044479370117,170634
3.4512884616851807,170634
3.4540553092956543,170634
3.456824779510498,170634
3.459580421447754,170634
3.4623539447784424,170634
3.465135097503662,170634
3.4679012298583984,170634
3.4706618785858154,170634
3.4734323024749756,170634
3.476201295852661,170634
3.478963613510132,170634
3.481736660003662,170634
3.4845781326293945,170634
3.4873485565185547,170634
3.4901137351989746,170634
3.492903232574463,170634
3.49566650390625,170634
3.498523712158203,170634
3.50130295753479,170634
3.5040743350982666,170634
3.5068514347076416,170634
3.509608030319214,170634
3.512388229370117,170634
3.5151567459106445,170634
3.5179383754730225,170634
3.520702362060547,170634
3.5234851837158203,170634
3.5262551307678223,170634
3.529038906097412,170634
3.5318284034729004,170634
3.5345942974090576,170634
3.5373640060424805,170634
3.540140390396118,170634
3.542921543121338,170634
3.5456888675689697,170634
3.548455238342285,170634
3.5512449741363525,170634
3.5540144443511963,170634
3.5567853450775146,170634
3.5595452785491943,170634
3.562331438064575,170634
3.565103530883789,170634
3.567885398864746,170634
3.5706474781036377,170634
3.5734329223632812,170634
3.5762057304382324,170634
3.5789809226989746,170634
3.581770420074463,170634
3.584540367126465,170634
3.5873093605041504,170634
3.5900864601135254,170634
3.592867612838745,170634
3.5956287384033203,170634
3.598402500152588,170634
3.6011886596679688,170634
3.6039648056030273,170634
3.6067349910736084,170634
3.6094956398010254,170634
3.6122822761535645,170634
3.6150500774383545,170634
3.617826461791992,170634
3.620598316192627,170634
3.6233890056610107,170634
3.6261658668518066,170634
3.6289453506469727,170634
3.6317224502563477,170634
3.6344940662384033,170634
3.6372592449188232,170634
3.6400413513183594,170634
3.6428189277648926,170634
3.6455914974212646,170634
3.648367166519165,170634
3.6511619091033936,170634
3.6539318561553955,170634
3.6567091941833496,170634
3.6594743728637695,170634
3.6622633934020996,170634
3.665032386779785,170634
3.6678125858306885,170634
3.6705758571624756,170634
3.6733627319335938,170634
3.676137924194336,170634
3.678913116455078,170634
3.681691884994507,170634
3.6844725608825684,170634
3.6872825622558594,170634
3.6900699138641357,170634
3.692868709564209,170634
3.6956796646118164,170634
3.69846248626709,170634
3.7012524604797363,170634
3.7040257453918457,170634
3.7068145275115967,170634
3.7096498012542725,170634
3.7124340534210205,170634
3.715210437774658,170634
3.717989444732666,170634
3.720776081085205,170634
3.723548173904419,170634
3.7263236045837402,170634
3.729104518890381,170634
3.731894016265869,170634
3.7346694469451904,170634
3.737443208694458,170634
3.7402141094207764,170634
3.74299693107605,170634
3.7457735538482666,170634
3.7485361099243164,170634
3.7513983249664307,170634
3.7541701793670654,170634
3.7569479942321777,170634
3.7597107887268066,170634
3.7624895572662354,170634
3.7652602195739746,170634
3.768033742904663,170634
3.7708277702331543,170634
3.7736005783081055,170634
3.776369094848633,170634
3.779146432876587,170634
3.7819385528564453,170634
3.7847015857696533,170634
3.78747820854187,170634
3.7902605533599854,170634
3.7930431365966797,170634
3.795825958251953,170634
3.7985899448394775,170634
3.8013715744018555,170634
3.8041532039642334,170634
3.806933641433716,170634
3.809705972671509,170634
3.8124852180480957,170634
3.8153419494628906,170634
3.8181095123291016,170634
3.8208909034729004,170634
3.823652505874634,170634
3.8264238834381104,170634
3.829204559326172,170634
3.831982374191284,170634
3.8347504138946533,170634
3.8375167846679688,170634
3.840284585952759,170634
3.8430800437927246,170634
3.845855474472046,170634
3.8486270904541016,170634
3.851411819458008,170634
3.854186534881592,170634
3.856961965560913,170634
3.8597357273101807,170634
3.8625075817108154,170634
3.8653712272644043,170634
3.8681461811065674,170634
3.8709332942962646,170634
3.8737027645111084,170634
3.8764760494232178,170634
3.879251480102539,170634
3.8820314407348633,170634
3.8847992420196533,170634
3.8875598907470703,170634
3.89033842086792,170634
3.8931260108947754,170634
3.895904064178467,170634
3.898671865463257,170634
3.9014577865600586,170634
3.9042367935180664,170634
3.9070117473602295,170634
3.9097893238067627,170634
3.912562847137451,170634
3.9153387546539307,170634
3.918111562728882,170634
3.9208950996398926,170634
3.9236621856689453,170634
3.926422595977783,170634
3.929194450378418,170634
3.931978940963745,170634
3.9347550868988037,170634
3.93751859664917,170634
3.9402995109558105,170634
3.943084716796875,170634
3.945866823196411,170634
3.94863224029541,170634
3.9514169692993164,170634
3.954190969467163,170634
3.956963539123535,170634
3.95973801612854,170634
3.962517261505127,170634
3.9652962684631348,170634
3.9680755138397217,170634
3.970865249633789,170634
3.9736359119415283,170634
3.976409435272217,170634
3.979182004928589,170634
3.9819629192352295,170634
3.9847400188446045,170634
3.987509250640869,170634
3.9902889728546143,170634
3.99307918548584,170634
3.9958605766296387,170634
3.998627185821533,170634
4.001411437988281,170634
4.004186391830444,170634
4.006966590881348,170634
4.009740352630615,170634
4.01250958442688,170634
4.01535701751709,170634
4.018132925033569,170634
4.020923376083374,170634
4.023692846298218,170634
4.0264623165130615,170634
4.029234409332275,170634
4.0320212841033936,170634
4.034799098968506,170634
4.037565231323242,170634
4.0403382778167725,170634
4.043125629425049,170634
4.045905828475952,170634
4.048676490783691,170634
4.051461696624756,170634
4.054229259490967,170634
4.057007312774658,170634
4.059787034988403,170634
4.062567949295044,170634
4.06533670425415,170634
4.068111896514893,170634
4.070897579193115,170634
4.073665618896484,170634
4.076432466506958,170634
4.07921290397644,170634
4.08200216293335,170634
4.08478856086731,170634
4.08754563331604,170634
4.090320825576782,170634
4.093106985092163,170634
4.095889091491699,170634
4.098652601242065,170634
4.1014251708984375,170634
4.104200601577759,170634
4.106975317001343,170634
4.109752893447876,170634
4.1125335693359375,170634
4.1153082847595215,170634
4.118081569671631,170634
4.1209025382995605,170634
4.123676776885986,170634
4.12645149230957,170634
4.129228830337524,170634
4.13201904296875,170634
4.1348021030426025,170634
4.1375744342803955,170634
4.140346527099609,170634
4.1431310176849365,170634
4.145911455154419,170634
4.148688793182373,170634
4.151470422744751,170634
4.154244422912598,170634
4.157027721405029,170634
4.159801483154297,170634
4.162581205368042,170634
4.165355682373047,170634
4.168128967285156,170634
4.170912027359009,170634
4.1736719608306885,170634
4.176437616348267,170634
4.179219007492065,170634
4.181995868682861,170634
4.184774160385132,170634
4.187541961669922,170634
4.190321445465088,170634
4.193119764328003,170634
4.195898771286011,170634
4.198669195175171,170634
4.201453685760498,170634
4.204239130020142,170634
4.207021951675415,170634
4.209803104400635,170634
4.212585210800171,170634
4.2153544425964355,170634
4.218129396438599,170634
4.220911741256714,170634
4.22368860244751,170634
4.226464748382568,170634
4.229238986968994,170634
4.232032060623169,170634
4.234808921813965,170634
4.237582206726074,170634
4.24035382270813,170634
4.243141412734985,170634
4.245920896530151,170634
4.24868631362915,170634
4.251471519470215,170634
4.254245281219482,170634
4.257026433944702,170634
4.259800910949707,170634
4.2625732421875,170634
4.265385627746582,170634
4.268208742141724,170634
4.270994186401367,170634
4.273839950561523,170634
4.276615381240845,170634
4.279387950897217,170634
4.282181262969971,170634
4.284962892532349,170634
4.287736654281616,170634
4.290508985519409,170634
4.293297052383423,170634
4.296080827713013,170634
4.298856735229492,170634
4.301638841629028,170634
4.304417371749878,170634
4.307203769683838,170634
4.309982061386108,170634
4.312778472900391,170634
4.315548658370972,170634
4.318322420120239,170634
4.321117162704468,170634
4.323895692825317,170634
4.326665878295898,170634
4.329444408416748,170634
4.332232713699341,170634
4.335020065307617,170634
4.337797403335571,170634
4.340571165084839,170634
4.343356609344482,170634
4.346142292022705,170634
4.348912954330444,170634
4.351696014404297,170634
4.354475259780884,170634
4.357258081436157,170634
4.3600358963012695,170634
4.362818956375122,170634
4.365586519241333,170634
4.36836314201355,170634
4.371147632598877,170634
4.37392258644104,170634
4.376690864562988,170634
4.3794591426849365,170634
4.382248878479004,170634
4.3850274085998535,170634
4.38781213760376,170634
4.390581369400024,170634
4.393359899520874,170634
4.396132946014404,170634
4.3989098072052,170634
4.401687383651733,170634
4.404460906982422,170634
4.407243967056274,170634
4.410021543502808,170634
4.412816524505615,170634
4.415579080581665,170634
4.418354034423828,170634
4.421138286590576,170634
4.42391300201416,170634
4.4266815185546875,170634
4.429459810256958,170634
4.43224835395813,170634
4.435028076171875,170634
4.437800884246826,170634
4.44057297706604,170634
4.443355321884155,170634
4.44612979888916,170634
4.448901176452637,170634
4.451675891876221,170634
4.454456567764282,170634
4.457235336303711,170634
4.460010051727295,170634
4.462803840637207,170634
4.465574741363525,170634
4.468358039855957,170634
4.47113823890686,170634
4.473916530609131,170634
4.476684331893921,170634
4.47945761680603,170634
4.482242107391357,170634
4.485026597976685,170634
4.48780083656311,170634
4.490570545196533,170634
4.493357419967651,170634
4.496137619018555,170634
4.4989213943481445,170634
4.501706600189209,170634
4.504480361938477,170634
4.507270574569702,170634
4.51004958152771,170634
4.512840032577515,170634
4.5156049728393555,170634
4.518378257751465,170634
4.521159887313843,170634
4.523946285247803,170634
4.52671480178833,170634
4.529488801956177,170634
4.5322723388671875,170634
4.535048723220825,170634
4.537827014923096,170634
4.540594816207886,170634
4.543382883071899,170634
4.5461554527282715,170634
4.548933267593384,170634
4.551706314086914,170634
4.554485082626343,170634
4.557331562042236,170634
4.560116767883301,170634
4.5629003047943115,170634
4.565669775009155,170634
4.568434238433838,170634
4.571220397949219,170634
4.574004173278809,170634
4.576785087585449,170634
4.579543828964233,170634
4.582334041595459,170634
4.585110902786255,170634
4.587891578674316,170634
4.590665817260742,170634
4.593440294265747,170634
4.59622049331665,170634
4.598989963531494,170634
4.601768970489502,170634
4.604521989822388,170634
4.6072916984558105,170634
4.6101179122924805,170634
4.612900972366333,170634
4.615672826766968,170634
4.618435621261597,170634
4.621219873428345,170634
4.623998641967773,170634
4.626848936080933,170634
4.629621744155884,170634
4.632401466369629,170634
4.63517951965332,170634
4.637956857681274,170634
4.640724420547485,170634
4.643513202667236,170634
4.64628529548645,170634
4.6490678787231445,170634
4.651854038238525,170634
4.654620885848999,170634
4.657402038574219,170634
4.660175561904907,170634
4.662968397140503,170634
4.665746450424194,170634
4.668516635894775,170634
4.671299934387207,170634
4.6740827560424805,170634
4.6768574714660645,170634
4.679700136184692,170634
4.68248176574707,170634
4.685262441635132,170634
4.688039302825928,170634
4.690828084945679,170634
4.693603754043579,170634
4.696379899978638,170634
4.699147939682007,170634
4.701940059661865,170634
4.704705238342285,170634
4.707480192184448,170634
4.710258960723877,170634
4.713048219680786,170634
4.715826988220215,170634
4.718590021133423,170634
4.721373796463013,170634
4.724149227142334,170634
4.72692346572876,170634
4.72969388961792,170634
4.732481002807617,170634
4.735260725021362,170634
4.738033771514893,170634
4.740820646286011,170634
4.743646144866943,170634
4.74641227722168,170634
4.749189615249634,170634
4.751976490020752,170634
4.754745960235596,170634
4.757512807846069,170634
4.760298252105713,170634
4.763083219528198,170634
4.765870094299316,170634
4.768646478652954,170634
4.771429061889648,170634
4.774209022521973,170634
4.776982307434082,170634
4.77975869178772,170634
4.782532215118408,170634
4.785302400588989,170634
4.78807806968689,170634
4.79086709022522,170634
4.793631553649902,170634
4.79640793800354,170634
4.799189567565918,170634
4.801971912384033,170634
4.804747104644775,170634
4.8075110912323,170634
4.810283899307251,170634
4.813083171844482,170634
4.8158652782440186,170634
4.818630218505859,170634
4.821415424346924,170634
4.824191570281982,170634
4.826969861984253,170634
4.829743385314941,170634
4.832530736923218,170634
4.835303544998169,170634
4.838077545166016,170634
4.840865612030029,170634
4.843636512756348,170634
4.8464014530181885,170634
4.849180221557617,170634
4.851968765258789,170634
4.854734897613525,170634
4.8575053215026855,170634
4.860286235809326,170634
4.863079309463501,170634
4.865863561630249,170634
4.868631601333618,170634
4.8714141845703125,170634
4.874200820922852,170634
4.876986742019653,170634
4.879758834838867,170634
4.882542610168457,170634
4.885313272476196,170634
4.888091564178467,170634
4.89087700843811,170634
4.893647193908691,170634
4.89641261100769,170634
4.899187088012695,170634
4.901971817016602,170634
4.904748439788818,170634
4.907513856887817,170634
4.910286903381348,170634
4.913074731826782,170634
4.915855646133423,170634
4.918618202209473,170634
4.921405076980591,170634
4.924182415008545,170634
4.926957845687866,170634
4.929737091064453,170634
4.932518005371094,170634
4.935296297073364,170634
4.938074111938477,170634
4.940861463546753,170634
4.94362735748291,170634
4.946390628814697,170634
4.949167966842651,170634
4.951947927474976,170634
4.954712867736816,170634
4.957554817199707,170634
4.960330486297607,170634
4.963122606277466,170634
4.965903043746948,170634
4.968670606613159,170634
4.971457004547119,170634
4.974229335784912,170634
4.977010488510132,170634
4.979790210723877,170634
4.982565879821777,170634
4.985346555709839,170634
4.988125562667847,170634
4.9909045696258545,170634
4.993677854537964,170634
4.9964540004730225,170634
4.999229907989502,170634
5.002016305923462,170634
5.004788398742676,170634
5.007558584213257,170634
5.0103418827056885,170634
5.0131285190582275,170634
5.01590633392334,170634
5.018679857254028,170634
5.021473169326782,170634
5.02424693107605,170634
5.027024745941162,170634
5.029800176620483,170634
5.032582759857178,170634
5.035351037979126,170634
5.038123607635498,170634
5.040915250778198,170634
5.0436930656433105,170634
5.046469211578369,170634
5.049243927001953,170634
5.052027940750122,170634
5.054818153381348,170634
5.057586669921875,170634
5.060358285903931,170634
5.063145399093628,170634
5.065927505493164,170634
5.068697214126587,170634
5.071486473083496,170634
5.074258804321289,170634
5.077037572860718,170634
5.0798020362854,170634
5.082581520080566,170634
5.08535361289978,170634
5.088141202926636,170634
5.090926647186279,170634
5.093696594238281,170634
5.096466302871704,170634
5.0992395877838135,170634
5.102024793624878,170634
5.10481333732605,170634
5.107580184936523,170634
5.110357284545898,170634
5.113142967224121,170634
5.1159210205078125,170634
5.11871600151062,170634
5.1215150356292725,170634
5.124292612075806,170634
5.1270670890808105,170634
5.129842519760132,170634
5.13261866569519,170634
5.135397672653198,170634
5.1381754875183105,170634
5.140968322753906,170634
5.143739700317383,170634
5.146503210067749,170634
5.149280309677124,170634
5.152071237564087,170634
5.154852390289307,170634
5.157617807388306,170634
5.160390138626099,170634
5.163180828094482,170634
5.165963172912598,170634
5.168739080429077,170634
5.1715087890625,170634
5.174287796020508,170634
5.1770710945129395,170634
5.1798365116119385,170634
5.1826171875,170634
5.185396671295166,170634
5.188168287277222,170634
5.1909496784210205,170634
5.193719148635864,170634
5.1964921951293945,170634
5.199268102645874,170634
5.202051401138306,170634
5.2048304080963135,170634
5.20760178565979,170634
5.210376024246216,170634
5.2131617069244385,170634
5.215933084487915,170634
5.218696117401123,170634
5.2214837074279785,170634
5.2242591381073,170634
5.227038621902466,170634
5.229811906814575,170634
5.232597827911377,170634
5.235450744628906,170634
5.238227128982544,170634
5.241015672683716,170634
5.243795871734619,170634
5.246554613113403,170634
5.249323606491089,170634
5.252117395401001,170634
5.254899978637695,170634
5.257654428482056,170634
5.260435104370117,170634
5.263222694396973,170634
5.2660369873046875,170634
5.26888370513916,170634
5.271677732467651,170634
5.274454355239868,170634
5.277228832244873,170634
5.2800116539001465,170634
5.282798767089844,170634
5.2855658531188965,170634
5.288344621658325,170634
5.291130542755127,170634
5.293912172317505,170634
5.29667854309082,170634
5.299447536468506,170634
5.302234172821045,170634
5.305010795593262,170634
5.307785749435425,170634
5.3105549812316895,170634
5.3133299350738525,170634
5.31611967086792,170634
5.318888187408447,170634
5.321681261062622,170634
5.324452638626099,170634
5.327238321304321,170634
5.3300182819366455,170634
5.332817316055298,170634
5.335582971572876,170634
5.3383629322052,170634
5.341147184371948,170634
5.34393310546875,170634
5.346786975860596,170634
5.349547863006592,170634
5.352333307266235,170634
5.355121850967407,170634
5.357900142669678,170634
5.360667943954468,170634
5.363451957702637,170634
5.366237163543701,170634
5.369014024734497,170634
5.371801853179932,170634
5.374565124511719,170634
5.377336502075195,170634
5.380115747451782,170634
5.382916212081909,170634
5.385684251785278,170634
5.388452768325806,170634
5.391240119934082,170634
5.39401912689209,170634
5.396789073944092,170634
5.399551868438721,170634
5.402337551116943,170634
5.405121326446533,170634
5.407895565032959,170634
5.410668849945068,170634
5.413447856903076,170634
5.416224956512451,170634
5.4189958572387695,170634
5.421789646148682,170634
5.424545526504517,170634
5.427321672439575,170634
5.4300947189331055,170634
5.4328835010528564,170634
5.435649871826172,170634
5.438422679901123,170634
5.4412055015563965,170634
5.443987131118774,170634
5.446758508682251,170634
5.4495251178741455,170634
5.452308177947998,170634
5.455090761184692,170634
5.457866191864014,170634
5.460626125335693,170634
5.463403701782227,170634
5.466182708740234,170634
5.4689552783966064,170634
5.471740484237671,170634
5.474510192871094,170634
5.4772868156433105,170634
5.480059385299683,170634
5.482844829559326,170634
5.48560905456543,170634
5.488382339477539,170634
5.49116063117981,170634
5.493940591812134,170634
5.496706485748291,170634
5.499485492706299,170634
5.502274990081787,170634
5.505047559738159,170634
5.507817983627319,170634
5.510584831237793,170634
5.513363599777222,170634
5.516139268875122,170634
5.518907308578491,170634
5.521682262420654,170634
5.524453163146973,170634
5.527225732803345,170634
5.530002117156982,170634
5.532788038253784,170634
5.535550355911255,170634
5.538328409194946,170634
5.541116714477539,170634
5.543897390365601,170634
5.54665732383728,170634
5.549431562423706,170634
5.552281618118286,170634
5.555063962936401,170634
5.557837963104248,170634
5.560605525970459,170634
5.563375949859619,170634
5.566156387329102,170634
5.568927526473999,170634
5.571699857711792,170634
5.574467897415161,170634
5.577241659164429,170634
5.580009460449219,170634
5.582796812057495,170634
5.585568904876709,170634
5.588342189788818,170634
5.591130495071411,170634
5.593911647796631,170634
5.5966761112213135,170634
5.599447727203369,170634
5.602240324020386,170634
5.60501503944397,170634
5.60778284072876,170634
5.610543966293335,170634
5.6133201122283936,170634
5.616095542907715,170634
5.618873357772827,170634
5.621646881103516,170634
5.624414443969727,170634
5.627192258834839,170634
5.629968881607056,170634
5.632756948471069,170634
5.635519027709961,170634
5.638287544250488,170634
5.641076564788818,170634
5.6438517570495605,170634
5.646615982055664,170634
5.6493940353393555,170634
5.652184963226318,170634
5.654965877532959,170634
5.65773606300354,170634
5.660508394241333,170634
5.66329026222229,170634
5.66607403755188,170634
5.668845176696777,170634
5.671626806259155,170634
5.674401044845581,170634
5.677178859710693,170634
5.679957628250122,170634
5.682735919952393,170634
5.685500144958496,170634
5.688273191452026,170634
5.6910560131073,170634
5.693835020065308,170634
5.696601867675781,170634
5.6993725299835205,170634
5.70215916633606,170634
5.704938650131226,170634
5.707702159881592,170634
5.710473537445068,170634
5.713257789611816,170634
5.716031551361084,170634
5.71880578994751,170634
5.721585988998413,170634
5.724357843399048,170634
5.727126121520996,170634
5.729901075363159,170634
5.732682943344116,170634
5.73549485206604,170634
5.738279342651367,170634
5.741076469421387,170634
5.7438812255859375,170634
5.746644735336304,170634
5.749417543411255,170634
5.752204179763794,170634
5.7549848556518555,170634
5.757763385772705,170634
5.760524034500122,170634
5.763308525085449,170634
5.766075849533081,170634
5.768841505050659,170634
5.77161979675293,170634
5.774390459060669,170634
5.777161121368408,170634
5.779934883117676,170634
5.782713890075684,170634
5.785478591918945,170634
5.788252115249634,170634
5.791038274765015,170634
5.793820142745972,170634
5.796590089797974,170634
5.7993738651275635,170634
5.802148342132568,170634
5.804926633834839,170634
5.807691812515259,170634
5.81045389175415,170634
5.813242197036743,170634
5.816022872924805,170634
5.818800449371338,170634
5.821570634841919,170634
5.8243408203125,170634
5.8271095752716064,170634
5.829887390136719,170634
5.832669258117676,170634
5.835433721542358,170634
5.8382110595703125,170634
5.8409953117370605,170634
5.843769550323486,170634
5.846527576446533,170634
5.849302291870117,170634
5.852086067199707,170634
5.854865074157715,170634
5.857631683349609,170634
5.860399007797241,170634
5.863182067871094,170634
5.865960121154785,170634
5.868722200393677,170634
5.871498107910156,170634
5.8742735385894775,170634
5.8770458698272705,170634
5.879817962646484,170634
5.88260293006897,170634
5.885366201400757,170634
5.888138294219971,170634
5.890924692153931,170634
5.893698215484619,170634
5.896471977233887,170634
5.899244785308838,170634
5.9020280838012695,170634
5.904804229736328,170634
5.907573938369751,170634
5.910345554351807,170634
5.913133144378662,170634
5.915909051895142,170634
5.918679714202881,170634
5.921455383300781,170634
5.924231290817261,170634
5.927005767822266,170634
5.929775714874268,170634
5.932546854019165,170634
5.935314416885376,170634
5.938084840774536,170634
5.940873146057129,170634
5.943643093109131,170634
5.946418762207031,170634
5.949199438095093,170634
5.95199179649353,170634
5.954761505126953,170634
5.957521915435791,170634
5.9602885246276855,170634
5.963068723678589,170634
5.9658448696136475,170634
5.968611240386963,170634
5.97139048576355,170634
5.974166393280029,170634
5.976938247680664,170634
5.979700803756714,170634
5.982484579086304,170634
5.985254526138306,170634
5.9880335330963135,170634
5.990816593170166,170634
5.993583917617798,170634
5.996354103088379,170634
5.999126672744751,170634
6.001914978027344,170634
6.004684686660767,170634
6.007458448410034,170634
6.010304927825928,170634
6.0130860805511475,170634
6.015857696533203,170634
6.0186285972595215,170634
6.021407604217529,170634
6.024176120758057,170634
6.026956081390381,170634
6.029714345932007,170634
6.0324928760528564,170634
6.0352630615234375,170634
6.038035869598389,170634
6.0408148765563965,170634
6.043575286865234,170634
6.046338796615601,170634
6.049123764038086,170634
6.051909685134888,170634
6.054678678512573,170634
6.057450771331787,170634
6.060235023498535,170634
6.063021659851074,170634
6.065796613693237,170634
6.0685648918151855,170634
6.071345567703247,170634
6.074119567871094,170634
6.076894760131836,170634
6.079664468765259,170634
6.082444906234741,170634
6.085223436355591,170634
6.088005304336548,170634
6.090792179107666,170634
6.093555212020874,170634
6.096334457397461,170634
6.099109411239624,170634
6.101894855499268,170634
6.104666233062744,170634
6.107431173324585,170634
6.1102094650268555,170634
6.112993955612183,170634
6.1157660484313965,170634
6.118530511856079,170634
6.1213297843933105,170634
6.124100208282471,170634
6.126874923706055,170634
6.129640817642212,170634
6.132427215576172,170634
6.135199546813965,170634
6.137966156005859,170634
6.14077353477478,170634
6.143535614013672,170634
6.146304607391357,170634
6.149079084396362,170634
6.151878833770752,170634
6.154647588729858,170634
6.15741229057312,170634
6.160190582275391,170634
6.162973165512085,170634
6.165755271911621,170634
6.168517112731934,170634
6.1712987422943115,170634
6.1740734577178955,170634
6.17789626121521,170634
6.182941675186157,170634
6.1882593631744385,170634
6.193256378173828,170634
6.198164224624634,170634
6.203478574752808,170634
6.208277225494385,170634
6.213431119918823,170634
6.218247413635254,170634
6.223356485366821,170634
6.228283882141113,170634
6.233321905136108,170634
6.238287687301636,170634
6.243213415145874,170634
6.248311281204224,170634
6.253233432769775,170634
6.258440256118774,170634
6.263417959213257,170634
6.268247842788696,170634
6.271054267883301,170634
6.273919582366943,170634
6.276685953140259,170634
6.279468536376953,170634
6.282266616821289,170634
6.2850470542907715,170634
6.287822246551514,170634
6.290585994720459,170634
6.29337215423584,170634
6.296509265899658,170634
6.301358938217163,170634
6.306545257568359,170634
6.311361312866211,170634
6.316466569900513,170634
6.321393251419067,170634
6.3264000415802,170634
6.331407785415649,170634
6.336282014846802,170634
6.341454267501831,170634
6.34638786315918,170634
6.351667881011963,170634
6.356683969497681,170634
6.362044811248779,170634
6.367137432098389,170634
6.3724365234375,170634
6.377560615539551,170634
6.382839202880859,170634
6.387951374053955,170634
6.393270969390869,170634
6.398339748382568,170634
6.403684377670288,170634
6.408643007278442,170634
6.413973093032837,170634
6.41882586479187,170634
6.424004554748535,170634
6.428800582885742,170634
6.433948278427124,170634
6.43885064125061,170634
6.4439170360565186,170634
6.448903560638428,170634
6.453860282897949,170634
6.459012508392334,170634
6.463929891586304,170634
6.46915340423584,170634
6.474175691604614,170634
6.4795777797698975,170634
6.48464298248291,170634
6.489915132522583,170634
6.495068311691284,170634
6.500350475311279,170634
6.505479574203491,170634
6.510812282562256,170634
6.515935897827148,170634
6.521246671676636,170634
6.526258945465088,170634
6.531625747680664,170634
6.536510467529297,170634
6.541788101196289,170634
6.546548366546631,170634
6.551696062088013,170634
6.556541442871094,170634
6.561661243438721,170634
6.566627740859985,170634
6.5716164112091064,170634
6.576679944992065,170634
6.581581354141235,170634
6.586780548095703,170634
6.591772556304932,170634
6.597046613693237,170634
6.602095127105713,170634
6.607369899749756,170634
6.612506866455078,170634
6.6177496910095215,170634
6.622881889343262,170634
6.628136396408081,170634
6.633229970932007,170634
6.638523817062378,170634
6.643464088439941,170634
6.64875340461731,170634
6.653707027435303,170634
6.658885955810547,170634
6.663700103759766,170634
6.668838024139404,170634
6.673752784729004,170634
6.678807497024536,170634
6.683797836303711,170634
6.688716411590576,170634
6.693979978561401,170634
6.698877573013306,170634
6.704045295715332,170634
6.709030866622925,170634
6.714344501495361,170634
6.719412088394165,170634
6.724705934524536,170634
6.729833602905273,170634
6.735097646713257,170634
6.7402024269104,170634
6.745547533035278,170634
6.750664949417114,170634
6.755995512008667,170634
6.761012077331543,170634
6.766348361968994,170634
6.771254777908325,170634
6.77651572227478,170634
6.781285762786865,170634
6.7863781452178955,170634
6.791250944137573,170634
6.796334743499756,170634
6.801305294036865,170634
6.8062896728515625,170634
6.811391115188599,170634
6.816289901733398,170634
6.821479320526123,170634
6.826465845108032,170634
6.831751585006714,170634
6.836802244186401,170634
6.84209418296814,170634
6.847229242324829,170634
6.852439641952515,170634
6.857553243637085,170634
6.862888336181641,170634
6.868005037307739,170634
6.87329363822937,170634
6.87831449508667,170634
6.883665323257446,170634
6.888558864593506,170634
6.893843412399292,170634
6.89860987663269,170634
6.9037628173828125,170634
6.908598184585571,170634
6.9137208461761475,170634
6.918686628341675,170634
6.923671722412109,170634
6.928747653961182,170634
6.933666944503784,170634
6.938850402832031,170634
6.943806886672974,170634
6.949091672897339,170634
6.954150199890137,170634
6.959414005279541,170634
6.964567184448242,170634
6.969850540161133,170634
6.974977493286133,170634
6.9803147315979,170634
6.98543119430542,170634
6.990747928619385,170634
6.995755910873413,170634
7.001129150390625,170634
7.006032943725586,170634
7.011325120925903,170634
7.016075372695923,170634
7.0212202072143555,170634
7.026089906692505,170634
7.031201601028442,170634
7.0361621379852295,170634
7.041125535964966,170634
7.04622483253479,170634
7.051126003265381,170634
7.056328535079956,170634
7.061316013336182,170634
7.066614389419556,170634
7.0716893672943115,170634
7.076980352401733,170634
7.0821213722229,170634
7.08735990524292,170634
7.092487096786499,170634
7.097789525985718,170634
7.102904558181763,170634
7.10821795463562,170634
7.113245725631714,170634
7.118562936782837,170634
7.123466730117798,170634
7.128735780715942,170634
7.1335227489471436,170634
7.138684988021851,170634
7.143532752990723,170634
7.148662328720093,170634
7.1536338329315186,170634
7.158581018447876,170634
7.163646697998047,170634
7.168543577194214,170634
7.173737049102783,170634
7.178739309310913,170634
7.184049129486084,170634
7.189096689224243,170634
7.194376468658447,170634
7.1995227336883545,170634
7.204793691635132,170634
7.209895849227905,170634
7.215176820755005,170634
7.220134019851685,170634
7.225435018539429,170634
7.2302703857421875,170634
7.235550880432129,170634
7.240342855453491,170634
7.245491027832031,170634
7.250430583953857,170634
7.255455493927002,170634
7.260461330413818,170634
7.265366554260254,170634
7.270303010940552,170634
7.27542781829834,170634
7.280798673629761,170634
7.2861175537109375,170634
7.2909955978393555,170634
7.296296834945679,170634
7.301071882247925,170634
7.306185007095337,170634
7.311018943786621,170634
7.316105127334595,170634
7.321076393127441,170634
7.326096773147583,170634
7.331141233444214,170634
7.336042404174805,170634
7.341221809387207,170634
7.346158027648926,170634
7.351418733596802,170634
7.35644793510437,170634
7.361790895462036,170634
7.366880416870117,170634
7.37217116355896,170634
7.377288818359375,170634
7.382509708404541,170634
7.387603044509888,170634
7.392920255661011,170634
7.39797568321228,170634
7.403306007385254,170634
7.408214092254639,170634
7.413515329360962,170634
7.418291807174683,170634
7.4234459400177,170634
7.428253650665283,170634
7.433416128158569,170634
7.4383320808410645,170634
7.443419456481934,170634
7.448405504226685,170634
7.453338146209717,170634
7.458484649658203,170634
7.463392019271851,170634
7.468605279922485,170634
7.473607540130615,170634
7.478954792022705,170634
7.484047889709473,170634
7.48931884765625,170634
7.494448900222778,170634
7.499711513519287,170634
7.504831314086914,170634
7.510159969329834,170634
7.515267372131348,170634
7.520566463470459,170634
7.525573968887329,170634
7.530920028686523,170634
7.535807132720947,170634
7.541076898574829,170634
7.545827627182007,170634
7.550918817520142,170634
7.555742979049683,170634
7.560879230499268,170634
7.565832138061523,170634
7.5708394050598145,170634
7.57588529586792,170634
7.5807859897613525,170634
7.585984706878662,170634
7.590946912765503,170634
7.596229076385498,170634
7.601263046264648,170634
7.60649847984314,170634
7.611637592315674,170634
7.616938591003418,170634
7.622051477432251,170634
7.6273486614227295,170634
7.632438898086548,170634
7.637678146362305,170634
7.6426169872283936,170634
7.64792275428772,170634
7.652719259262085,170634
7.657859563827515,170634
7.66265869140625,170634
7.6678032875061035,170634
7.672706127166748,170634
7.677716255187988,170634
7.682707786560059,170634
7.687628269195557,170634
7.692788600921631,170634
7.697693824768066,170634
7.7029218673706055,170634
7.707913875579834,170634
7.71324896812439,170634
7.718308210372925,170634
7.7235798835754395,170634
7.72868800163269,170634
7.733968257904053,170634
7.739070653915405,170634
7.744340419769287,170634
7.74940299987793,170634
7.754732370376587,170634
7.759640693664551,170634
7.764993667602539,170634
7.769796848297119,170634
7.774998426437378,170634
7.7797839641571045,170634
7.784933805465698,170634
7.789849519729614,170634
7.79490327835083,170634
7.799900770187378,170634
7.804850339889526,170634
7.810014009475708,170634
7.8149330615997314,170634
7.820157527923584,170634
7.825150012969971,170634
7.830465078353882,170634
7.8355326652526855,170634
7.840824604034424,170634
7.845980405807495,170634
7.851283550262451,170634
7.8563923835754395,170634
7.861703157424927,170634
7.866800308227539,170634
7.872111558914185,170634
7.877119541168213,170634
7.882457971572876,170634
7.887336492538452,170634
7.892559289932251,170634
7.897301912307739,170634
7.90240740776062,170634
7.90727424621582,170634
7.912394762039185,170634
7.917337894439697,170634
7.922302484512329,170634
7.927387475967407,170634
7.932295560836792,170634
7.9374840259552,170634
7.942457437515259,170634
7.947745323181152,170634
7.95280647277832,170634
7.958101034164429,170634
7.963243722915649,170634
7.968533039093018,170634
7.9736411571502686,170634
7.9789347648620605,170634
7.984037637710571,170634
7.989335536956787,170634
7.994387149810791,170634
7.9996888637542725,170634
8.0045747756958,170634
8.009836673736572,170634
8.014604091644287,170634
8.019733905792236,170634
8.024560928344727,170634
8.029698133468628,170634
8.034647226333618,170634
8.039682865142822,170634
8.044691562652588,170634
8.049599409103394,170634
8.054797172546387,170634
8.05971908569336,170634
8.064977407455444,170634
8.06998324394226,170634
8.075329542160034,170634
8.080414533615112,170634
8.085680484771729,170634
8.09080719947815,170634
8.09609603881836,170634
8.10120415687561,170634
8.106454133987427,170634
8.111526250839233,170634
8.116811990737915,170634
8.121793270111084,170634
8.127103328704834,170634
8.131937980651855,170634
8.137088060379028,170634
8.141894578933716,170634
8.147011756896973,170634
8.151922464370728,170634
8.156984329223633,170634
8.161988973617554,170634
8.166895627975464,170634
8.172021627426147,170634
8.176928281784058,170634
8.182141065597534,170634
8.187144756317139,170634
8.192470073699951,170634
8.19752287864685,170634
8.202822208404541,170634
8.207944631576538,170634
8.213223218917847,170634
8.218324899673462,170634
8.223655462265015,170634
8.228774785995483,170634
8.234135389328003,170634
8.239138841629028,170634
8.244474649429321,170634
8.24935507774353,170634
8.254613637924194,170634
8.259358882904053,170634
8.264466285705566,170634
8.27025842666626,170634
8.27531623840332,170634
8.280222654342651,170634
8.285417079925537,170634
8.290337085723877,170634
8.29559874534607,170634
8.30060863494873,170634
8.305959939956665,170634
8.31104850769043,170634
8.316356658935547,170634
8.321463823318481,170634
8.326746940612793,170634
8.331846714019775,170634
8.337151050567627,170634
8.342200517654419,170634
8.347537755966187,170634
8.352452993392944,170634
8.357748985290527,170634
8.36255693435669,170634
8.367753267288208,170634
8.372584104537964,170634
8.3777334690094,170634
8.382667541503906,170634
8.387675285339355,170634
8.392699718475342,170634
8.397598028182983,170634
8.40280032157898,170634
8.407702922821045,170634
8.412997484207153,170634
8.41802167892456,170634
8.423338413238525,170634
8.42845106124878,170634
8.433746099472046,170634
8.438836097717285,170634
8.44412636756897,170634
8.449175834655762,170634
8.454532861709595,170634
8.45944857597351,170634
8.464770317077637,170634
8.469571828842163,170634
8.47477650642395,170634
8.479585409164429,170634
8.484723567962646,170634
8.489662647247314,170634
8.494707107543945,170634
8.499686479568481,170634
8.504586219787598,170634
8.509772300720215,170634
8.514668226242065,170634
8.519912481307983,170634
8.524909973144531,170634
8.530218124389648,170634
8.535297155380249,170634
8.540594339370728,170634
8.545692205429077,170634
8.551025390625,170634
8.55610990524292,170634
8.561455249786377,170634
8.566532611846924,170634
8.57188081741333,170634
8.576835870742798,170634
8.582194328308105,170634
8.587045192718506,170634
8.592269659042358,170634
8.59703516960144,170634
8.602194547653198,170634
8.607083559036255,170634
8.612207412719727,170634
8.617181539535522,170634
8.622158288955688,170634
8.62724781036377,170634
8.63214898109436,170634
8.63735580444336,170634
8.642311334609985,170634
8.647623538970947,170634
8.652658700942993,170634
8.657952308654785,170634
8.663075685501099,170634
8.668306827545166,170634
8.673419952392578,170634
8.678756952285767,170634
8.683855295181274,170634
8.689137697219849,170634
8.694063425064087,170634
8.699373006820679,170634
8.704177856445312,170634
8.709360122680664,170634
8.71418285369873,170634
8.719295978546143,170634
8.724249362945557,170634
8.72928261756897,170634
8.734301567077637,170634
8.739215612411499,170634
8.744415283203125,170634
8.749312400817871,170634
8.754534244537354,170634
8.75951623916626,170634
8.764886379241943,170634
8.769957542419434,170634
8.775274991989136,170634
8.780379295349121,170634
8.7857027053833,170634
8.79079794883728,170634
8.796107530593872,170634
8.80119276046753,170634
8.806522130966187,170634
8.811474800109863,170634
8.816832304000854,170634
8.82171368598938,170634
8.826899528503418,170634
8.831665277481079,170634
8.836759805679321,170634
8.841649055480957,170634
8.846778154373169,170634
8.851740837097168,170634
8.856692790985107,170634
8.861811399459839,170634
8.866695404052734,170634
8.871925354003906,170634
8.87688660621643,170634
8.882179975509644,170634
8.88722562789917,170634
8.892509460449219,170634
8.897610664367676,170634
8.902954578399658,170634
8.908043146133423,170634
8.913365602493286,170634
8.918452024459839,170634
8.923802375793457,170634
8.9287691116333,170634
8.93412160873413,170634
8.93897533416748,170634
8.944183588027954,170634
8.94894790649414,170634
8.95409893989563,170634
8.958974123001099,170634
8.964058637619019,170634
8.969031810760498,170634
8.974003553390503,170634
8.979140043258667,170634
8.9840407371521,170634
8.98923659324646,170634
8.994219303131104,170634
8.999520778656006,170634
9.004574537277222,170634
9.00988221168518,170634
9.015010595321655,170634
9.02031421661377,170634
9.025410652160645,170634
9.030760049819946,170634
9.035851001739502,170634
9.0411856174469,170634
9.046188354492188,170634
9.05154037475586,170634
9.056415319442749,170634
9.061718463897705,170634
9.06647539138794,170634
9.071652889251709,170634
9.076481342315674,170634
9.081578016281128,170634
9.08654522895813,170634
9.091560125350952,170634
9.096614837646484,170634
9.10149359703064,170634
9.106682538986206,170634
9.111626386642456,170634
9.116890907287598,170634
9.121950626373291,170634
9.127264261245728,170634
9.132372379302979,170634
9.137640953063965,170634
9.142756223678589,170634
9.148068189620972,170634
9.15317153930664,170634
9.158454895019531,170634
9.163514137268066,170634
9.16886281967163,170634
9.173779726028442,170634
9.17907428741455,170634
9.183892726898193,170634
9.189063787460327,170634
9.19388723373413,170634
9.199053764343262,170634
9.204004049301147,170634
9.209064960479736,170634
9.214073657989502,170634
9.218977928161621,170634
9.22417950630188,170634
9.22912049293518,170634
9.234322786331177,170634
9.239308595657349,170634
9.244630098342896,170634
9.249701261520386,170634
9.255017280578613,170634
9.26013469696045,170634
9.265312433242798,170634
9.270516633987427,170634
9.275874376296997,170634
9.280974626541138,170634
9.286293268203735,170634
9.291298627853394,170634
9.296644449234009,170634
9.30152153968811,170634
9.306681871414185,170634
9.311442375183105,170634
9.316608905792236,170634
9.321463108062744,170634
9.32653284072876,170634
9.331507921218872,170634
9.336493492126465,170634
9.341558456420898,170634
9.346439123153687,170634
9.351643800735474,170634
9.356596946716309,170634
9.361901044845581,170634
9.366927862167358,170634
9.372228384017944,170634
9.377341747283936,170634
9.382644176483154,170634
9.387737512588501,170634
9.393094778060913,170634
9.39818024635315,170634
9.403493404388428,170634
9.408515453338623,170634
9.413868188858032,170634
9.418738842010498,170634
9.424041986465454,170634
9.428807020187378,170634
9.43397569656372,170634
9.438804149627686,170634
9.443917512893677,170634
9.44889760017395,170634
9.453967571258545,170634
9.459011316299438,170634
9.463916063308716,170634
9.469111919403076,170634
9.474081039428711,170634
9.479363203048706,170634
9.484389781951904,170634
9.48967432975769,170634
9.494815826416016,170634
9.500115633010864,170634
9.505212545394897,170634
9.51053524017334,170634
9.515621662139893,170632
9.520963191986084,170632
9.525973320007324,170632
9.531330823898315,170632
9.536202907562256,170632
9.541462182998657,170632
9.54621171951294,170632
9.551363468170166,170632
9.556208372116089,170632
9.561322927474976,170632
9.566301107406616,170632
9.571321487426758,170632
9.576383113861084,170632
9.581295728683472,170632
9.58647894859314,170632
9.591436386108398,170632
9.596736431121826,170632
9.601794719696045,170632
9.607087850570679,170632
9.612213611602783,170632
9.61751103401184,170632
9.62260913848877,170632
9.627962827682495,170632
9.633057355880737,170632
9.638357162475586,170632
9.64332628250122,170632
9.648740768432617,170632
9.653611898422241,170632
9.658801317214966,170632
9.663567781448364,170632
9.668710708618164,170632
9.673584699630737,170632
9.678669691085815,170632
9.683645009994507,170632
9.688588380813599,170632
9.693811893463135,170630
9.698710203170776,170630
9.703914642333984,170630
9.70885443687439,170630
9.714145183563232,170630
9.7191801071167,170630
9.724473476409912,170630
9.729582786560059,170630
9.73489260673523,170630
9.7400062084198,170630
9.745333909988403,170630
9.750425577163696,170630
9.755749464035034,170630
9.760773181915283,170630
9.766190528869629,170630
9.771071434020996,170630
9.776292085647583,170630
9.781066179275513,170630
9.786237955093384,170630
9.791091918945312,170630
9.796192169189453,170630
9.801181316375732,170630
9.806187391281128,170630
9.81128454208374,170630
9.816176652908325,170630
9.821388721466064,170630
9.826321601867676,170630
9.831616163253784,170630
9.836653232574463,170630
9.841965198516846,170630
9.847080707550049,170630
9.852332592010498,170630
9.857422113418579,170630
9.862764358520508,170630
9.867855787277222,170630
9.873241424560547,170630
9.878185510635376,170630
9.883517503738403,170630
9.888346195220947,170630
9.893521547317505,170630
9.89831018447876,170630
9.903418064117432,170630
9.908339262008667,170630
9.913375854492188,170630
9.918380498886108,170630
9.923322677612305,170630
9.928410291671753,170630
9.933302640914917,170630
9.938557386398315,170630
9.943566799163818,170630
9.948909759521484,170630
9.953976392745972,170630
9.959283351898193,170630
9.964391469955444,170630
9.969701290130615,170630
9.974806547164917,170630
9.980135202407837,170630
9.985227346420288,170630
9.990602016448975,170630
9.99555253982544,170630
10.000914335250854,170630
10.005744695663452,170630
10.01096248626709,170630
10.01574969291687,170630
10.020884990692139,170630
10.025784015655518,170630
10.030839204788208,170630
10.0358247756958,170630
10.040773391723633,170630
10.04591679573059,170630
10.050825834274292,170630
10.056045770645142,170630
10.061026573181152,170630
10.066335916519165,170630
10.071380615234375,170630
10.076663970947266,170630
10.081785202026367,170630
10.08708906173706,170630
10.091045379638672,170630
10.093846559524536,170630
10.096630096435547,170630
10.099400281906128,170630
10.102179050445557,170630
10.104949235916138,170630
10.107706546783447,170630
10.110469102859497,170630
10.11325192451477,170630
10.116014242172241,170630
10.11877989768982,170630
10.121543407440186,170630
10.124308586120605,170630
10.127078533172607,170630
10.129848718643188,170630
10.13262391090393,170630
10.135387659072876,170630
10.13815188407898,170630
10.140932083129883,170630
10.143696308135986,170630
10.146464347839355,170630
10.149232387542725,170630
10.152019023895264,170630
10.154788255691528,170630
10.157548666000366,170630
10.160393476486206,170630
10.163177251815796,170630
10.165953874588013,170630
10.168737173080444,170630
10.171507596969604,170630
10.174274206161499,170630
10.177044153213501,170630
10.17981505393982,170630
10.182588815689087,170630
10.185352325439453,170630
10.188122034072876,170630
10.190906047821045,170630
10.193662643432617,170630
10.196430683135986,170630
10.199200868606567,170630
10.201982021331787,170630
10.204749584197998,170630
10.207507133483887,170630
10.210280179977417,170630
10.213080644607544,170630
10.215861082077026,170630
10.218633651733398,170630
10.221407175064087,170630
10.224178552627563,170630
10.22695255279541,170630
10.22971510887146,170630
10.232487916946411,170630
10.235249757766724,170630
10.23801565170288,170630
10.240803241729736,170630
10.24356722831726,170630
10.24634075164795,170630
10.249112844467163,170630
10.251901626586914,170630
10.25467038154602,170630
10.257445096969604,170630
10.260218143463135,170630
10.263004302978516,170630
10.26578140258789,170630
10.268550634384155,170630
10.27134084701538,170630
10.274141311645508,170630
10.276941299438477,170630
10.279712438583374,170630
10.282506704330444,170630
10.285302639007568,170630
10.288088083267212,170630
10.290874004364014,170630
10.293643712997437,170630
10.296419620513916,170630
10.299196481704712,170630
10.301992893218994,170630
10.304757118225098,170630
10.307527303695679,170630
10.310296773910522,170630
10.313080787658691,170630
10.315852403640747,170630
10.318615198135376,170630
10.321397542953491,170630
10.32417345046997,170630
10.32694387435913,170630
10.329710245132446,170630
10.332482814788818,170630
10.335264682769775,170630
10.338036298751831,170630
10.340823650360107,170630
10.343590021133423,170630
10.346365213394165,170630
10.349137544631958,170630
10.351926565170288,170630
10.354694843292236,170630
10.357471942901611,170630
10.360237121582031,170630
10.363024234771729,170630
10.365794658660889,170630
10.368560075759888,170630
10.371337652206421,170630
10.374114036560059,170630
10.37689995765686,170630
10.37968111038208,170630
10.382460355758667,170630
10.38523817062378,170630
10.388010740280151,170630
10.3908052444458,170630
10.393566846847534,170630
10.396341323852539,170630
10.399113416671753,170630
10.40189790725708,170630
10.404667139053345,170630
10.407443284988403,170630
10.41021466255188,170630
10.413000583648682,170630
10.415767431259155,170630
10.418537616729736,170630
10.421316146850586,170630
10.424094915390015,170630
10.42686653137207,170630
10.429629564285278,170630
10.43240737915039,170630
10.43518328666687,170630
10.437949180603027,170630
10.440720081329346,170630
10.443495988845825,170630
10.446274280548096,170630
10.449054718017578,170630
10.451837301254272,170630
10.454605340957642,170630
10.457379341125488,170630
10.460148811340332,170630
10.462935447692871,170630
10.465697050094604,170630
10.468470811843872,170630
10.47125792503357,170630
10.474035739898682,170630
10.476811647415161,170630
10.479580402374268,170630
10.482364177703857,170630
10.485140800476074,170630
10.487918138504028,170630
10.49068021774292,170630
10.493456840515137,170630
10.49622893333435,170630
10.498998880386353,170630
10.501782894134521,170630
10.504544258117676,170630
10.507309675216675,170630
10.510086059570312,170630
10.512877702713013,170630
10.515649557113647,170630
10.518421649932861,170630
10.521202087402344,170630
10.523984432220459,170630
10.526751041412354,170630
10.52951192855835,170630
10.532294034957886,170630
10.535074949264526,170630
10.53784704208374,170630
10.540614604949951,170630
10.543397426605225,170630
10.54616641998291,170630
10.548943281173706,170630
10.551719665527344,170630
10.554484128952026,170630
10.557259559631348,170630
10.56002926826477,170630
10.562808990478516,170630
10.565570592880249,170630
10.568339586257935,170630
10.571126937866211,170630
10.573904752731323,170630
10.576672554016113,170630
10.579441547393799,170630
10.582223415374756,170630
10.585006475448608,170630
10.587772369384766,170630
10.590535163879395,170630
10.59331727027893,170630
10.596101999282837,170630
10.598876476287842,170630
10.601656198501587,170630
10.604421377182007,170630
10.607192754745483,170630
10.609967947006226,170630
10.612752676010132,170630
10.61551809310913,170630
10.618284702301025,170630
10.621066570281982,170630
10.623839855194092,170630
10.62660837173462,170630
10.629378318786621,170630
10.632154703140259,170630
10.634939908981323,170630
10.637701749801636,170630
10.640478372573853,170630
10.64325499534607,170630
10.646023511886597,170630
10.64879584312439,170630
10.651570320129395,170630
10.654341697692871,170630
10.657114744186401,170630
10.659887552261353,170630
10.662667036056519,170630
10.665435791015625,170630
10.668209075927734,170630
10.67098355293274,170630
10.673757076263428,170630
10.676515340805054,170630
10.679288625717163,170630
10.682071447372437,170630
10.68484616279602,170630
10.687612295150757,170630
10.69038701057434,170630
10.693166732788086,170630
10.695942163467407,170630
10.69870924949646,170630
10.701489686965942,170630
10.704258441925049,170630
10.707029819488525,170630
10.709800720214844,170630
10.712587118148804,170630
10.715349674224854,170630
10.71812105178833,170630
10.720905542373657,170630
10.723675012588501,170630
10.726442575454712,170630
10.729216814041138,170630
10.731990814208984,170630
10.734766960144043,170630
10.737527132034302,170630
10.740301609039307,170630
10.74307894706726,170630
10.745854139328003,170630
10.748618125915527,170630
10.751400709152222,170630
10.754176378250122,170630
10.756956338882446,170630
10.759721040725708,170630
10.76250171661377,170630
10.765274047851562,170630
10.768060445785522,170630
10.770841121673584,170630
10.77360486984253,170630
10.776377439498901,170630
10.779150009155273,170630
10.781936883926392,170630
10.784712314605713,170630
10.787477493286133,170630
10.79024362564087,170630
10.793026685714722,170630
10.795796871185303,170630
10.798551797866821,170630
10.801328659057617,170630
10.804096698760986,170630
10.806867361068726,170630
10.809628963470459,170630
10.812398910522461,170630
10.815165281295776,170630
10.817931652069092,170630
10.820698976516724,170630
10.823473691940308,170630
10.8262460231781,170630
10.82902455329895,170630
10.831851959228516,170630
10.834630250930786,170630
10.837410926818848,170630
10.840185642242432,170630
10.842968463897705,170630
10.845732688903809,170630
10.84848690032959,170630
10.851269483566284,170630
10.854042768478394,170630
10.85681414604187,170630
10.859563827514648,170630
10.862343311309814,170630
10.865108013153076,170630
10.867875099182129,170630
10.870637655258179,170630
10.873413562774658,170630
10.876182317733765,170630
10.878947734832764,170630
10.881723165512085,170630
10.884491205215454,170630
10.887259483337402,170630
10.890029668807983,170630
10.892809391021729,170630
10.89557409286499,170630
10.89834213256836,170630
10.901121139526367,170630
10.903894662857056,170630
10.90665602684021,170630
10.909430027008057,170630
10.91221284866333,170630
10.914981365203857,170630
10.917754888534546,170630
10.92051386833191,170630
10.923293828964233,170630
10.926057815551758,170630
10.928828239440918,170630
10.931595802307129,170630
10.934367418289185,170630
10.937139511108398,170630
10.939911842346191,170630
10.942715883255005,170630
10.94547176361084,170630
10.948236465454102,170630
10.95103144645691,170630
10.953826904296875,170630
10.956592321395874,170630
10.95935606956482,170630
10.962148189544678,170630
10.964925289154053,170630
10.967692375183105,170630
10.970460414886475,170630
10.973238945007324,170630
10.976006984710693,170630
10.978776693344116,170630
10.981545686721802,170630
10.984318733215332,170630
10.987085103988647,170630
10.989847660064697,170630
10.992610454559326,170630
10.995381116867065,170630
10.998148918151855,170630
11.000922918319702,170630
11.003689527511597,170630
11.006463289260864,170630
11.009231805801392,170630
11.01201343536377,170630
11.014784574508667,170630
11.017540454864502,170630
11.020308256149292,170630
11.023088932037354,170630
11.025857210159302,170630
11.028627395629883,170630
11.03140377998352,170630
11.0341796875,170630
11.036947011947632,170630
11.039718866348267,170630
11.04251217842102,170630
11.045286893844604,170630
11.048061847686768,170630
11.050843238830566,170630
11.053610563278198,170630
11.056380033493042,170630
11.059149503707886,170630
11.061930179595947,170630
11.064696311950684,170630
11.067454814910889,170630
11.07022476196289,170630
11.073012113571167,170630
11.075779914855957,170630
11.078543663024902,170630
11.081316709518433,170630
11.084088325500488,170630
11.086864948272705,170630
11.089632511138916,170630
11.0924072265625,170630
11.095187664031982,170630
11.097959756851196,170630
11.100726127624512,170630
11.103500843048096,170630
11.10627269744873,170630
11.109047889709473,170630
11.111834526062012,170630
11.114596605300903,170630
11.117365598678589,170630
11.120133638381958,170630
11.122922420501709,170630
11.125690460205078,170630
11.128464937210083,170630
11.131241798400879,170630
11.134013891220093,170630
11.136783123016357,170630
11.13954758644104,170630
11.14232873916626,170630
11.145101070404053,170630
11.147876739501953,170630
11.150637149810791,170630
11.153411865234375,170630
11.156184911727905,170630
11.15903925895691,170630
11.16182565689087,170630
11.164586067199707,170630
11.167353630065918,170630
11.170131921768188,170630
11.17291784286499,170630
11.175682067871094,170630
11.178455591201782,170630
11.181239366531372,170630
11.184016942977905,170630
11.186790943145752,170630
11.189548969268799,170630
11.192324876785278,170630
11.19510293006897,170630
11.19788408279419,170630
11.20064902305603,170630
11.203421354293823,170630
11.20619010925293,170630
11.208964109420776,170630
11.211764097213745,170630
11.21454644203186,170630
11.217337369918823,170630
11.220109939575195,170630
11.222900867462158,170630
11.225665092468262,170630
11.22843861579895,170630
11.231221199035645,170630
11.233994245529175,170630
11.236771821975708,170630
11.23954463005066,170630
11.242334127426147,170630
11.245118379592896,170630
11.247894763946533,170630
11.250659704208374,170630
11.253434896469116,170630
11.256208181381226,170630
11.258986473083496,170630
11.26177191734314,170630
11.26453447341919,170630
11.26729941368103,170630
11.270077466964722,170630
11.272869110107422,170630
11.275660753250122,170630
11.278453350067139,170630
11.28127145767212,170630
11.284065961837769,170630
11.286861896514893,170630
11.289634943008423,170630
11.292412042617798,170630
11.295186996459961,170630
11.297961473464966,170630
11.300724744796753,170630
11.303510189056396,170630
11.306286334991455,170630
11.309066772460938,170630
11.311855554580688,170630
11.314626693725586,170630
11.317400932312012,170630
11.320176839828491,170630
11.322962522506714,170630
11.325742483139038,170630
11.32852292060852,170630
11.331321716308594,170630
11.334099054336548,170630
11.336874008178711,170630
11.339645385742188,170630
11.342419624328613,170630
11.345191478729248,170630
11.347970485687256,170630
11.350749969482422,170630
11.353513240814209,170630
11.356284856796265,170630
11.35905385017395,170630
11.361840009689331,170630
11.364612102508545,170630
11.367382526397705,170630
11.370162725448608,170630
11.372949600219727,170630
11.375718593597412,170630
11.378490209579468,170630
11.381272077560425,170630
11.384052038192749,170630
11.386828422546387,170630
11.38959264755249,170630
11.392381429672241,170630
11.395155668258667,170630
11.397940635681152,170630
11.40070629119873,170630
11.40348768234253,170630
11.406261920928955,170630
11.409060001373291,170630
11.411848545074463,170630
11.414616823196411,170630
11.41738224029541,170630
11.420152425765991,170630
11.422932386398315,170630
11.42569899559021,170630
11.428475141525269,170630
11.431259632110596,170630
11.434024095535278,170630
11.436792850494385,170630
11.4395592212677,170630
11.442333221435547,170630
11.445111274719238,170630
11.447889566421509,170630
11.450653553009033,170630
11.453438758850098,170630
11.456210374832153,170630
11.458986759185791,170630
11.461779117584229,170630
11.464540958404541,170630
11.46730661392212,170630
11.470079183578491,170630
11.472869396209717,170630
11.475634813308716,170630
11.478399753570557,170630
11.481183290481567,170630
11.483965873718262,170630
11.486738681793213,170630
11.489489316940308,170630
11.492272853851318,170630
11.495047330856323,170630
11.497821807861328,170630
11.500585079193115,170630
11.50336503982544,170630
11.50613522529602,170630
11.508910179138184,170630
11.511687517166138,170630
11.514458656311035,170630
11.517229080200195,170630
11.520002841949463,170630
11.522786855697632,170630
11.525551795959473,170630
11.528322458267212,170630
11.531102418899536,170630
11.533879041671753,170630
11.53664255142212,170630
11.5394127368927,170630
11.542203664779663,170630
11.544980525970459,170630
11.547757387161255,170630
11.550514698028564,170630
11.553288459777832,170630
11.55605435371399,170630
11.558830499649048,170630
11.561604022979736,170630
11.564374923706055,170630
11.567148685455322,170630
11.569922924041748,170630
11.572693824768066,170630
11.575466632843018,170630
11.578238248825073,170630
11.581029891967773,170630
11.583803415298462,170630
11.586562156677246,170630
11.589335203170776,170630
11.59211778640747,170630
11.594894886016846,170630
11.597664594650269,170630
11.600439071655273,170630
11.603222846984863,170630
11.60599160194397,170630
11.608762979507446,170630
11.611538410186768,170630
11.614316463470459,170630
11.617090463638306,170630
11.619867086410522,170630
11.622642040252686,170630
11.625412940979004,170630
11.628188848495483,170630
11.630976915359497,170630
11.633749008178711,170630
11.63651156425476,170630
11.639281988143921,170630
11.642056226730347,170630
11.644821405410767,170630
11.64758849143982,170630
11.650389194488525,170630
11.653183937072754,170630
11.655965566635132,170630
11.658742427825928,170630
11.661517858505249,170630
11.664294481277466,170630
11.667068719863892,170630
11.66984510421753,170630
11.672626733779907,170630
11.675396919250488,170630
11.678168058395386,170630
11.680956602096558,170630
11.683737993240356,170630
11.686501741409302,170630
11.689281225204468,170630
11.692070245742798,170630
11.694852113723755,170630
11.697625398635864,170630
11.700395584106445,170630
11.70318078994751,170630
11.705960035324097,170630
11.708736658096313,170630
11.711511850357056,170630
11.7142813205719,170630
11.717050552368164,170630
11.719829082489014,170630
11.722599744796753,170630
11.725377082824707,170630
11.728147983551025,170630
11.730932712554932,170630
11.733766555786133,170630
11.736540079116821,170630
11.739307641983032,170630
11.742101192474365,170630
11.744881868362427,170630
11.74765419960022,170630
11.750430583953857,170630
11.75321364402771,170630
11.75599193572998,170630
11.758766412734985,170630
11.761543989181519,170630
11.764320850372314,170630
11.767096757888794,170630
11.769873142242432,170630
11.772656679153442,170630
11.775421857833862,170630
11.778198957443237,170630
11.780981302261353,170630
11.783777713775635,170630
11.786534309387207,170630
11.789308309555054,170630
11.792091846466064,170630
11.794873714447021,170630
11.797648429870605,170630
11.800427436828613,170630
11.80321216583252,170630
11.80598497390747,170630
11.808760643005371,170630
11.811534643173218,170630
11.81430435180664,170630
11.817084074020386,170630
11.81986117362976,170630
11.822638988494873,170630
11.825407266616821,170630
11.828195571899414,170630
11.830981016159058,170630
11.833759069442749,170630
11.83652114868164,170630
11.839290142059326,170630
11.842071533203125,170630
11.844851016998291,170630
11.84761643409729,170630
11.850385665893555,170630
11.853169441223145,170630
11.855957746505737,170630
11.858732461929321,170630
11.861510276794434,170630
11.864277362823486,170630
11.867053747177124,170630
11.869827270507812,170630
11.872609376907349,170630
11.87537693977356,170630
11.878153085708618,170630
11.880943059921265,170630
11.883712768554688,170630
11.886478662490845,170630
11.889261245727539,170630
11.892048835754395,170630
11.894827604293823,170630
11.897594928741455,170630
11.900365352630615,170630
11.90315294265747,170630
11.905933856964111,170630
11.908694982528687,170630
11.91148042678833,170630
11.914246797561646,170630
11.91701865196228,170630
11.919792890548706,170630
11.92256760597229,170630
11.925333738327026,170630
11.928110837936401,170630
11.930893182754517,170630
11.933662414550781,170630
11.936431884765625,170630
11.939213991165161,170630
11.941999435424805,170630
11.94477915763855,170630
11.94754958152771,170630
11.950323343276978,170630
11.953107357025146,170630
11.955886125564575,170630
11.958654880523682,170630
11.96143913269043,170630
11.964208364486694,170630
11.96697735786438,170630
11.969756364822388,170630
11.972540855407715,170630
11.975308418273926,170630
11.978090047836304,170630
11.980873584747314,170630
11.98365306854248,170630
11.98642897605896,170630
11.989204168319702,170630
11.991990804672241,170630
11.994774580001831,170630
11.997538805007935,170630
12.000345230102539,170630
12.003133773803711,170630
12.005914211273193,170630
12.008684635162354,170630
12.011470079421997,170630
12.014254093170166,170630
12.017035245895386,170630
12.019813537597656,170630
12.022594213485718,170630
12.025371074676514,170630
12.028149843215942,170630
12.030940294265747,170630
12.033705234527588,170630
12.036478757858276,170630
12.03925371170044,170630
12.042049169540405,170630
12.044820547103882,170630
12.047590970993042,170630
12.050360441207886,170630
12.053152322769165,170630
12.05593466758728,170630
12.058705806732178,170630
12.061484098434448,170630
12.064255475997925,170630
12.067037343978882,170630
12.069815635681152,170630
12.072603225708008,170630
12.075382709503174,170630
12.07816457748413,170630
12.080955505371094,170630
12.083737134933472,170630
12.086506366729736,170630
12.089277982711792,170630
12.092068910598755,170630
12.094843626022339,170630
12.097612857818604,170630
12.100392818450928,170630
12.103183269500732,170630
12.105955600738525,170630
12.108723878860474,170630
12.11150574684143,170630
12.114284038543701,170630
12.117061614990234,170630
12.119834661483765,170630
12.122610330581665,170630
12.125381469726562,170630
12.128165006637573,170630
12.130947589874268,170630
12.133720397949219,170630
12.136489152908325,170630
12.13926100730896,170630
12.142049789428711,170630
12.144822597503662,170630
12.147592782974243,170630
12.150365114212036,170630
12.153157711029053,170630
12.155933380126953,170630
12.158703804016113,170630
12.161486864089966,170630
12.164266109466553,170630
12.167064666748047,170630
12.169858932495117,170630
12.172638416290283,170630
12.175410032272339,170630
12.178184032440186,170630
12.180970907211304,170630
12.183741092681885,170630
12.186514854431152,170630
12.18928074836731,170630
12.19206428527832,170630
12.19484257698059,170630
12.197621822357178,170630
12.20039415359497,170630
12.20318865776062,170630
12.205967664718628,170630
12.208736658096313,170630
12.211507797241211,170630
12.214293956756592,170630
12.217073440551758,170630
12.219844102859497,170630
12.222621440887451,170630
12.225393772125244,170630
12.22815990447998,170630
12.230940341949463,170630
12.233702898025513,170630
12.236469507217407,170630
12.239238739013672,170630
12.242023468017578,170630
12.244795083999634,170630
12.247563362121582,170630
12.250338792800903,170630
12.25312852859497,170630
12.255903482437134,170630
12.258669137954712,170630
12.26145076751709,170630
12.264220952987671,170630
12.26699709892273,170630
12.269774198532104,170630
12.272548198699951,170630
12.27533745765686,170630
12.278134107589722,170630
12.280951976776123,170630
12.283747673034668,170630
12.286537170410156,170630
12.289323806762695,170630
12.292124509811401,170630
12.294899225234985,170630
12.297667264938354,170630
12.300437927246094,170630
12.303231954574585,170630
12.306010723114014,170630
12.308784484863281,170630
12.311567544937134,170630
12.314334630966187,170630
12.317111253738403,170630
12.319886684417725,170630
12.322668552398682,170630
12.325445652008057,170630
12.328218936920166,170630
12.331007480621338,170630
12.333784818649292,170630
12.336557149887085,170630
12.339317321777344,170630
12.342099666595459,170630
12.344872951507568,170630
12.34763479232788,170630
12.350402593612671,170630
12.353184938430786,170630
12.355957508087158,170630
12.358721733093262,170630
12.361503601074219,170630
12.364269495010376,170630
12.367045879364014,170630
12.369819164276123,170630
12.372584581375122,170630
12.375353336334229,170630
12.378132104873657,170630
12.380919694900513,170630
12.383694887161255,170630
12.386465072631836,170630
12.389235258102417,170630
12.39202094078064,170630
12.394797325134277,170630
12.397560834884644,170630
12.40033483505249,170630
12.403119564056396,170630
12.40588903427124,170630
12.40865421295166,170630
12.411428928375244,170630
12.414201259613037,170630
12.41698145866394,170630
12.419755220413208,170630
12.422523736953735,170630
12.425291061401367,170630
12.428069353103638,170630
12.430852890014648,170630
12.433627128601074,170630
12.436388731002808,170630
12.439164876937866,170630
12.441953182220459,170630
12.444722890853882,170630
12.447493314743042,170630
12.450267553329468,170630
12.453054666519165,170630
12.455824136734009,170630
12.458597183227539,170630
12.461376428604126,170630
12.464155435562134,170630
12.466930627822876,170630
12.469698905944824,170630
12.472479343414307,170630
12.475253820419312,170630
12.47802734375,170630
12.480808973312378,170630
12.48357629776001,170630
12.486351251602173,170630
12.489125728607178,170630
12.491953611373901,170296
12.494736194610596,170296
12.497499704360962,170296
12.500270366668701,170296
12.50305986404419,170296
12.50583815574646,170296
12.508609056472778,170296
12.511393070220947,170296
12.514166831970215,170296
12.516945838928223,170296
12.519712924957275,170296
12.522490978240967,170296
12.525266170501709,170296
12.528041124343872,170296
12.530828714370728,170296
12.533601522445679,170296
12.536365270614624,170296
12.53913426399231,170296
12.54192042350769,170296
12.54469084739685,170296
12.547463178634644,170296
12.55023980140686,170296
12.55302357673645,170296
12.555797815322876,170296
12.558561563491821,170296
12.561345100402832,170296
12.564119100570679,170296
12.56689715385437,170296
12.56967043876648,170296
12.572451829910278,170296
12.57522702217102,170296
12.578002691268921,170296
12.580793142318726,170296
12.583564281463623,170296
12.58634090423584,170296
12.589119672775269,170296
12.591909170150757,170296
12.594677686691284,170296
12.597447872161865,170296
12.600220441818237,170296
12.603003740310669,170296
12.605772733688354,170296
12.608542203903198,170296
12.611327648162842,170296
12.614102840423584,170296
12.616873264312744,170296
12.619645833969116,170296
12.622435092926025,170296
12.62520980834961,170296
12.628059148788452,170296
12.63084626197815,170296
12.63362455368042,170296
12.636406660079956,170296
12.639191627502441,170296
12.641982078552246,170296
12.644767999649048,170296
12.647537469863892,170296
12.65030837059021,170296
12.65310001373291,170296
12.655880689620972,170296
12.658657550811768,170296
12.66144323348999,170296
12.664223670959473,170296
12.667003631591797,170296
12.669785976409912,170296
12.672570705413818,170296
12.67535400390625,170296
12.678134679794312,170296
12.680924415588379,170296
12.6836998462677,170296
12.686470985412598,170296
12.689245462417603,170296
12.692039489746094,170296
12.694826126098633,170296
12.697601318359375,170296
12.7003755569458,170296
12.703164100646973,170296
12.705957889556885,170296
12.70874285697937,170296
12.711527585983276,170296
12.714302062988281,170296
12.717076778411865,170296
12.71985673904419,170296
12.722647190093994,170296
12.725420951843262,170296
12.728200197219849,170296
12.730994939804077,170296
12.733775854110718,170296
12.736546039581299,170296
12.739325761795044,170296
12.742120504379272,170296
12.744908571243286,170296
12.747682332992554,170296
12.750461101531982,170296
12.75324821472168,170296
12.756022214889526,170296
12.758800029754639,170296
12.761580228805542,170296
12.764364957809448,170296
12.767152786254883,170296
12.769933700561523,170296
12.772725105285645,170296
12.77549695968628,170296
12.778271436691284,170296
12.781058549880981,170296
12.783852577209473,170296
12.786632537841797,170296
12.789409875869751,170296
12.792203187942505,170296
12.794983625411987,170296
12.797760248184204,170296
12.800531148910522,170296
12.803319215774536,170296
12.806096076965332,170296
12.808868646621704,170296
12.81165361404419,170296
12.814433574676514,170296
12.817210912704468,170296
12.819983959197998,170296
12.822772026062012,170296
12.825542211532593,170296
12.828318119049072,170296
12.831106901168823,170296
12.833881855010986,170296
12.836650133132935,170296
12.839426755905151,170296
12.842216730117798,170296
12.844992876052856,170296
12.8477783203125,170296
12.850544929504395,170296
12.853338718414307,170296
12.856118202209473,170296
12.85889482498169,170296
12.861676454544067,170296
12.864450931549072,170296
12.86723279953003,170296
12.870014190673828,170296
12.872805833816528,170296
12.875580310821533,170296
12.878356218338013,170296
12.881223917007446,170296
12.88400936126709,170296
12.886780738830566,170296
12.88964295387268,169104
12.892424821853638,169104
12.895198106765747,169104
12.897980451583862,169104
12.900777101516724,169104
12.903544902801514,169104
12.906317234039307,169104
12.909095287322998,169104
12.911887168884277,169104
12.914653301239014,169104
12.917426109313965,169104
12.920200824737549,169104
12.922993898391724,169104
12.925772905349731,169104
12.9285409450531,169104
12.931334495544434,169104
12.934115409851074,169104
12.93689751625061,169104
12.939675331115723,169104
12.942464351654053,169104
12.945245742797852,169104
12.948029041290283,169104
12.950831174850464,169104
12.953610181808472,169104
12.956387758255005,169104
12.959169149398804,169104
12.96196460723877,169104
12.964746236801147,169104
12.967517137527466,169104
12.970287561416626,169104
12.97307276725769,169104
12.975852727890015,169104
12.978621482849121,169104
12.981404542922974,169104
12.984196424484253,169104
12.98696780204773,169104
12.989746332168579,169104
12.992525815963745,169104
12.995301008224487,169104
12.998078107833862,169104
13.000865459442139,169104
13.003639936447144,169104
13.006415128707886,169104
13.009190320968628,169104
13.011987447738647,169104
13.014770746231079,169104
13.017545223236084,169104
13.020320177078247,169104
13.023109436035156,169104
13.025885105133057,169104
13.028660297393799,169104
13.031440019607544,169104
13.034222602844238,169104
13.036996364593506,169104
13.039775133132935,169104
13.042558908462524,169104
13.045334577560425,169104
13.048110485076904,169104
13.050930738449097,169104
13.05371880531311,169104
13.056511640548706,169104
13.059292316436768,169104
13.062090635299683,169104
13.064870595932007,169104
13.067647218704224,169104
13.070419311523438,169104
13.073214054107666,169104
13.075996398925781,169104
13.078777551651001,169104
13.081563711166382,169104
13.084347486495972,169104
13.087136268615723,169104
13.089950799942017,169104
13.092761754989624,169104
13.095531940460205,169104
13.098299741744995,169104
13.101094245910645,169104
13.10387659072876,169104
13.106649398803711,169104
13.109423875808716,169104
13.11221694946289,169104
13.114993333816528,169104
13.117774248123169,169104
13.12053632736206,169104
13.123319864273071,169104
13.12609314918518,169104
13.128870248794556,169104
13.131654739379883,169104
13.134433031082153,169104
13.137208938598633,169104
13.139984369277954,169104
13.142780542373657,169104
13.145560264587402,169104
13.14832878112793,169104
13.151119232177734,169104
13.153903722763062,169104
13.156672954559326,169104
13.159448623657227,169104
13.162236213684082,169104
13.165015459060669,169104
13.167801141738892,169104
13.170568227767944,169104
13.173354864120483,169104
13.17613434791565,169104
13.178909301757812,169104
13.181687593460083,169104
13.184461116790771,169104
13.187237024307251,169104
13.190016508102417,169104
13.192800760269165,169104
13.19556975364685,169104
13.198342323303223,169104
13.201129674911499,169104
13.203904151916504,169104
13.206678867340088,169104
13.209454774856567,169104
13.212249279022217,169104
13.215035676956177,169104
13.217815399169922,169104
13.22057843208313,169104
13.22335958480835,169104
13.226132154464722,169104
13.228906869888306,169104
13.23168158531189,169104
13.234462261199951,169104
13.237241268157959,169104
13.240017414093018,169104
13.242808103561401,169104
13.245574712753296,169104
13.248341798782349,169104
13.25113320350647,169104
13.253908157348633,169104
13.256680965423584,169104
13.259453058242798,169104
13.26225209236145,169104
13.265035629272461,169104
13.267819881439209,169104
13.270586490631104,169104
13.273374557495117,169104
13.276170015335083,169104
13.278974533081055,169104
13.281795501708984,169104
13.284595251083374,169104
13.287386417388916,169104
13.290188789367676,169104
13.292984008789062,169104
13.295770406723022,169104
13.298608541488647,169104
13.30139422416687,169104
13.304174900054932,169104
13.306954860687256,169104
13.309732913970947,169104
13.312517166137695,169104
13.315287828445435,169104
13.318073034286499,169104
13.320865154266357,169104
13.323641777038574,169104
13.326419115066528,169104
13.32920241355896,169104
13.331992864608765,169104
13.334843635559082,169104
13.33762240409851,169104
13.340399026870728,169104
13.343186855316162,169104
13.345962047576904,169104
13.348734378814697,169104
13.351511478424072,169104
13.354289531707764,169104
13.357068300247192,169104
13.359846353530884,169104
13.362630844116211,169104
13.365405797958374,169104
13.368189573287964,169104
13.370979070663452,169104
13.373761892318726,169104
13.376534461975098,169104
13.379311084747314,169104
13.38210129737854,169104
13.384885787963867,169104
13.387653112411499,169104
13.390424489974976,169104
13.393208742141724,169104
13.395996570587158,169104
13.398764848709106,169104
13.40154218673706,169104
13.40431833267212,169104
13.407094955444336,169104
13.409873247146606,169104
13.412657737731934,169104
13.415427684783936,169104
13.418209075927734,169104
13.42100214958191,169104
13.423781394958496,169104
13.42655873298645,169104
13.429328441619873,169104
13.432122945785522,169104
13.434902429580688,169104
13.437678575515747,169104
13.440458536148071,169104
13.44325566291809,169104
13.446037292480469,169104
13.448820114135742,169104
13.451604127883911,169104
13.454381227493286,169104
13.457160711288452,169104
13.459940671920776,169104
13.462723970413208,169104
13.465496301651001,169104
13.46826958656311,169104
13.471060752868652,169104
13.473841428756714,169104
13.476609706878662,169104
13.479380369186401,169104
13.482168912887573,169104
13.484954833984375,169104
13.487732887268066,169104
13.490507364273071,169104
13.493300437927246,169104
13.496079444885254,169104
13.498854398727417,169104
13.501647472381592,169104
13.504419565200806,169104
13.507201194763184,169104
13.509981870651245,169104
13.512776374816895,169104
13.515541076660156,169104
13.518325090408325,169104
13.521122455596924,169104
13.52390742301941,169104
13.526673555374146,169104
13.529451370239258,169104
13.532241344451904,169104
13.535018920898438,169104
13.537798166275024,169104
13.540579080581665,169104
13.543358564376831,169104
13.546129941940308,169104
13.548911094665527,169104
13.551695108413696,169104
13.554468154907227,169104
13.557240724563599,169104
13.560023069381714,169104
13.562816381454468,169104
13.565589427947998,169104
13.568352699279785,169104
13.571138381958008,169104
13.573917865753174,169104
13.576689720153809,169104
13.579458713531494,169104
13.58224081993103,169104
13.585017204284668,169104
13.587794303894043,169104
13.59055757522583,169104
13.593344688415527,169104
13.59611988067627,169104
13.598901510238647,169104
13.601682186126709,169104
13.604459524154663,169104
13.607234239578247,169104
13.610011577606201,169104
13.61279582977295,169104
13.615568399429321,169104
13.61833906173706,169104
13.621132135391235,169104
13.623906373977661,169104
13.626684188842773,169104
13.629461288452148,169104
13.632253885269165,169104
13.635026454925537,169104
13.637803077697754,169104
13.6405668258667,169104
13.643359422683716,169104
13.646134376525879,169104
13.648915529251099,169104
13.651702642440796,169104
13.65448522567749,169104
13.657261610031128,169104
13.660046577453613,169104
13.66283392906189,169104
13.665611505508423,169104
13.668381214141846,169104
13.671170234680176,169104
13.673945903778076,169104
13.676716327667236,169104
13.679479837417603,169104
13.682267665863037,169104
13.685043573379517,169104
13.687824964523315,169104
13.690590143203735,169104
13.69337797164917,169104
13.696150064468384,169104
13.698926448822021,169104
13.70170545578003,169104
13.704481840133667,169104
13.707258224487305,169104
13.710041046142578,169104
13.712824583053589,169104
13.715600728988647,169104
13.71837568283081,169104
13.721163034439087,169104
13.723939418792725,169104
13.726714611053467,169104
13.729488849639893,169104
13.732275009155273,169104
13.7350492477417,169104
13.737824201583862,169104
13.740596294403076,169104
13.743378162384033,169104
13.746153593063354,169104
13.748931884765625,169104
13.75171685218811,169104
13.754494667053223,169104
13.757257461547852,169104
13.760041236877441,169104
13.762830018997192,169104
13.765596628189087,169104
13.768362998962402,169104
13.771153450012207,169104
13.77392840385437,169104
13.77669906616211,169104
13.779470205307007,169104
13.782261848449707,169104
13.785049200057983,169104
13.787830352783203,169104
13.790593385696411,169104
13.79338002204895,169104
13.7961585521698,169104
13.798936128616333,169104
13.801717758178711,169104
13.804487943649292,169104
13.807262897491455,169104
13.810038566589355,169104
13.812826871871948,169104
13.815605401992798,169104
13.818385362625122,169104
13.821174383163452,169104
13.823951005935669,169104
13.826732158660889,169104
13.82949686050415,169104
13.83229112625122,169104
13.835067749023438,169104
13.837846040725708,169104
13.84061884880066,169104
13.84340238571167,169104
13.846174240112305,169104
13.84895133972168,169104
13.851731061935425,169104
13.854494571685791,169104
13.857267618179321,169104
13.860044479370117,169104
13.862837314605713,169104
13.865600824356079,169104
13.868382453918457,169104
13.871169090270996,169104
13.873950481414795,169104
13.876718759536743,169104
13.879485368728638,169104
13.882273197174072,169104
13.885058879852295,169104
13.887831687927246,169104
13.890595436096191,169104
13.893385171890259,169104
13.896154165267944,169104
13.898937225341797,169104
13.901711463928223,169104
13.904484510421753,169104
13.907259464263916,169104
13.910037994384766,169104
13.91282844543457,169104
13.915603876113892,169104
13.918379306793213,169104
13.921169996261597,169104
13.923950910568237,169104
13.926723957061768,169104
13.929494619369507,169104
13.932286739349365,169104
13.935067176818848,169104
13.937849283218384,169104
13.940622091293335,169104
13.943408489227295,169104
13.946184873580933,169104
13.948969841003418,169104
13.951760292053223,169104
13.954529285430908,169104
13.957294464111328,169104
13.960078716278076,169104
13.962866067886353,169104
13.965631008148193,169104
13.968401193618774,169104
13.971192359924316,169104
13.973973274230957,169104
13.976753950119019,169104
13.97951889038086,169104
13.982314825057983,169104
13.985097408294678,169104
13.987876415252686,169104
13.990649938583374,169104
13.993437767028809,169104
13.996211290359497,169104
13.998999118804932,169104
14.001787900924683,169104
14.004562377929688,169104
14.007335186004639,169104
14.010117769241333,169104
14.012901306152344,169104
14.015672206878662,169104
14.01844596862793,169104
14.021238803863525,169104
14.024019956588745,169104
14.026803255081177,169104
14.029571056365967,169104
14.03239631652832,169104
14.03518533706665,169104
14.037971496582031,169104
14.040753841400146,169104
14.043520450592041,169104
14.04629635810852,169104
14.049076557159424,169104
14.051871061325073,169104
14.054643869400024,169104
14.057415962219238,169104
14.060200452804565,169104
14.062989473342896,169104
14.065771341323853,169104
14.068540811538696,169104
14.071330070495605,169104
14.074110984802246,169104
14.07690167427063,169104
14.079665184020996,169104
14.082456111907959,169104
14.085234642028809,169104
14.088016986846924,169104
14.090801239013672,169104
14.093585729598999,169104
14.096357583999634,169104
14.099141359329224,169104
14.101933717727661,169104
14.104707956314087,169104
14.1074800491333,169104
14.110266208648682,169104
14.1130530834198,169104
14.11583399772644,169104
14.11860728263855,169104
14.121396541595459,169104
14.12417984008789,169104
14.126956701278687,169104
14.129734992980957,169104
14.13252329826355,169104
14.13530158996582,169104
14.138079404830933,169104
14.140871047973633,169104
14.14364767074585,169104
14.146414756774902,169104
14.149190187454224,169104
14.151981592178345,169104
14.154766321182251,169104
14.157535076141357,169104
14.160322427749634,169104
14.163110494613647,169104
14.16589879989624,169104
14.168673515319824,169104
14.17146635055542,169104
14.174254894256592,169104
14.177038192749023,169104
14.179805755615234,169104
14.182585000991821,169104
14.185359001159668,169104
14.188143014907837,169104
14.19092869758606,169104
14.193701982498169,169104
14.196476221084595,169104
14.199262380599976,169104
14.202050924301147,169104
14.204912900924683,169104
14.210084199905396,169104
14.215049028396606,169104
14.220329284667969,169104
14.225354433059692,169104
14.230733156204224,169104
14.235867023468018,169104
14.241135358810425,169104
14.246230602264404,169104
14.251584768295288,169104
14.256548404693604,169104
14.261903762817383,169104
14.266751766204834,169104
14.271977663040161,169104
14.276739358901978,169104
14.281863451004028,169104
14.286722660064697,169104
14.291846752166748,169104
14.296798706054688,169104
14.301761388778687,169104
14.306857585906982,169104
14.311776399612427,169104
14.3169846534729,169104
14.321983575820923,169104
14.327295064926147,169104
14.332366228103638,169104
14.337635517120361,169104
14.342783689498901,169104
14.348082065582275,169104
14.353198766708374,169104
14.358480215072632,169104
14.363580226898193,169104
14.368874788284302,169104
14.373842716217041,169104
14.37918996810913,169104
14.384065628051758,169104
14.389295101165771,169104
14.394052982330322,169104
14.399137258529663,169104
14.404001712799072,169104
14.409124612808228,169104
14.414099216461182,169104
14.419109582901001,169104
14.424190521240234,169104
14.42910647392273,169104
14.434303522109985,169104
14.43925404548645,169104
14.44456434249878,169104
14.449580907821655,169104
14.4548921585083,169104
14.46001648902893,169104
14.465308427810669,169104
14.470426321029663,169104
14.475762367248535,169104
14.48087453842163,169104
14.486186027526855,169104
14.491282224655151,169104
14.496576309204102,169104
14.501528978347778,169104
14.506858110427856,169104
14.511677026748657,169104
14.516884326934814,169104
14.521665096282959,169104
14.526793479919434,169104
14.531676530838013,169104
14.536749839782715,169104
14.541720390319824,169104
14.54667854309082,169104
14.551816701889038,169104
14.556716918945312,169104
14.561943531036377,169104
14.566935539245605,169104
14.572227954864502,169104
14.577289581298828,169104
14.582576990127563,169104
14.587714672088623,169104
14.593032121658325,169104
14.598160743713379,169104
14.603469133377075,169104
14.608558654785156,169104
14.613866329193115,169104
14.618945360183716,169104
14.624280452728271,169104
14.629218339920044,169104
14.634548425674438,169104
14.639365196228027,169104
14.644583940505981,169104
14.649353265762329,169104
14.65449047088623,169104
14.659373044967651,169104
14.664456605911255,169104
14.669408798217773,169104
14.674372434616089,169104
14.679479837417603,169104
14.684396266937256,169104
14.689624071121216,169104
14.694620370864868,169104
14.699943780899048,169104
14.705005168914795,169104
14.710299253463745,169104
14.71544098854065,169104
14.720715761184692,169104
14.72584080696106,169104
14.73119306564331,169104
14.736286878585815,169104
14.741579294204712,169104
14.746609210968018,169104
14.751948833465576,169104
14.756832599639893,169104
14.762104272842407,169104
14.766867876052856,169104
14.772034168243408,169104
14.776867151260376,169104
14.782034873962402,169104
14.78697395324707,169104
14.792019367218018,169104
14.797044038772583,169104
14.801959037780762,169104
14.807142496109009,169104
14.812070608139038,169104
14.817312955856323,169104
14.822314500808716,169104
14.827662944793701,169104
14.832880735397339,169104
14.838191747665405,169104
14.843310832977295,169104
14.84858751296997,169104
14.853687047958374,169104
14.859018087387085,169104
14.864141464233398,169104
14.869425535202026,169104
14.874495506286621,169104
14.879809856414795,169104
14.88472604751587,169104
14.89003324508667,169104
14.894838094711304,169104
14.899953842163086,169104
14.904786109924316,169104
14.909954309463501,169104
14.914889097213745,169104
14.919958353042603,169104
14.924963235855103,169104
14.929884195327759,169104
14.935028314590454,169104
14.939937114715576,169104
14.945145845413208,169104
14.950144290924072,169104
14.955452680587769,169104
14.960491418838501,169104
14.965802669525146,169104
14.970935821533203,169104
14.976222515106201,169104
14.981334447860718,169104
14.98666763305664,169104
14.991786241531372,169104
14.997077703475952,169104
15.002101421356201,169104
15.007411241531372,169104
15.012262344360352,169104
15.017477989196777,169104
15.022239923477173,169104
15.027353286743164,169104
15.032227754592896,169104
15.037353992462158,169104
15.042303323745728,169104
15.047281503677368,169104
15.052381992340088,169104
15.057278633117676,169104
15.062482833862305,169104
15.06744647026062,169104
15.072748899459839,169104
15.07779049873352,169104
15.083125591278076,169104
15.08824372291565,169104
15.09356164932251,169104
15.098660230636597,169104
15.10400104522705,169104
15.109099388122559,169104
15.114436388015747,169104
15.11951732635498,169104
15.124850511550903,169104
15.129825353622437,169104
15.135175466537476,169104
15.140020847320557,169104
15.145265579223633,169104
15.150017261505127,169104
15.155144214630127,169104
15.15999984741211,169104
15.165111303329468,169104
15.170061111450195,169104
15.175050020217896,169104
15.180137634277344,169104
15.185050010681152,169104
15.190262794494629,169104
15.195244312286377,169104
15.200537919998169,169104
15.205580234527588,169104
15.21088433265686,169104
15.216008424758911,169104
15.221252202987671,169104
15.226354598999023,169104
15.231653928756714,169104
15.236755847930908,169104
15.242049932479858,169104
15.24700117111206,169104
15.252316951751709,169104
15.25713324546814,169104
15.26233434677124,169104
15.267122507095337,169104
15.272288084030151,169104
15.277159690856934,169104
15.282277584075928,169104
15.2872474193573,169104
15.292248487472534,169104
15.297341108322144,169104
15.302255630493164,169104
15.3074471950531,169104
15.312422037124634,169104
15.317692279815674,169104
15.322747707366943,169104
15.32803463935852,169104
15.33316421508789,169104
15.338467597961426,169104
15.343586921691895,169104
15.348925113677979,169104
15.354026794433594,169104
15.359299421310425,169104
15.3643479347229,169104
15.369627475738525,169104
15.374502658843994,169104
15.379778861999512,169104
15.384538173675537,169104
15.389678001403809,169104
15.394521713256836,169104
15.399675130844116,169104
15.404632568359375,169104
15.409667730331421,169104
15.41467833518982,169104
15.419578313827515,169104
15.424781084060669,169104
15.429707050323486,169104
15.434974670410156,169104
15.439985275268555,169104
15.445349931716919,169104
15.450438261032104,169104
15.455734014511108,169104
15.460859060287476,169104
15.466155529022217,169104
15.471266508102417,169104
15.476593494415283,169104
15.481706857681274,169104
15.486957311630249,169104
15.491860628128052,169104
15.49714970588684,169104
15.501952409744263,169104
15.5071280002594,169104
15.511945962905884,169104
15.517122507095337,169104
15.522069931030273,169104
15.527123212814331,169104
15.532147884368896,169104
15.537075757980347,169104
15.542263984680176,169104
15.547181367874146,169104
15.552430868148804,169104
15.557420015335083,169104
15.562743902206421,169104
15.567802906036377,169104
15.573093175888062,169104
15.578231811523438,169104
15.583540201187134,169104
15.588652849197388,169104
15.593998670578003,169104
15.599095106124878,169104
15.604386568069458,169104
15.609434604644775,169104
15.614752769470215,169104
15.619635105133057,169104
15.62489128112793,169104
15.629641056060791,169104
15.634794473648071,169104
15.63960337638855,169104
15.644773960113525,169104
15.649702310562134,169104
15.654755353927612,169104
15.659783363342285,169104
15.664701461791992,169104
15.669898986816406,169104
15.674831867218018,169104
15.68007206916809,169104
15.685089826583862,169104
15.690422296524048,169104
15.695504426956177,169104
15.700830459594727,169104
15.705956935882568,169104
15.711287498474121,169104
15.71639895439148,169104
15.72175908088684,169104
15.726877212524414,169104
15.732176780700684,169104
15.73722219467163,169104
15.742533445358276,169104
15.747431755065918,169104
15.752702236175537,169104
15.757477521896362,169104
15.762629985809326,169104
15.767428874969482,169104
15.77259111404419,169104
15.777525424957275,169104
15.78256630897522,169104
15.787571668624878,169104
15.792460441589355,169104
15.797637462615967,169104
15.802621603012085,169104
15.807912826538086,169104
15.812960147857666,169104
15.818277835845947,169104
15.823394536972046,169104
15.828711748123169,169104
15.83383584022522,169104
15.839165687561035,169104
15.844287395477295,169104
15.84963321685791,169104
15.854723930358887,169104
15.86002516746521,169104
15.865030527114868,169104
15.87037467956543,169104
15.875263929367065,169104
15.880515575408936,169104
15.885263919830322,169104
15.890397548675537,169104
15.89525318145752,169104
15.900378465652466,169104
15.905356168746948,169104
15.910382270812988,169104
15.9154634475708,169104
15.92037320137024,169104
15.92556357383728,169104
15.93050503730774,169104
15.935747861862183,169104
15.940765857696533,169104
15.946122646331787,169104
15.951230525970459,169104
15.956462144851685,169104
15.961585283279419,169104
15.966926097869873,169104
15.972051858901978,169104
15.977332353591919,169104
15.982361555099487,169104
15.987692594528198,169104
15.992583513259888,169104
15.997852563858032,169104
16.0026113986969,169104
16.00775122642517,169104
16.012593269348145,169104
16.01773428916931,169104
16.02269196510315,169104
16.0277156829834,169104
16.032769680023193,169104
16.037678003311157,169104
16.042882919311523,169104
16.04781723022461,169104
16.05308985710144,169104
16.05809998512268,169104
16.063448667526245,169104
16.068565130233765,169104
16.073871850967407,169104
16.078991174697876,169104
16.084299325942993,169104
16.089404344558716,169104
16.094748735427856,169104
16.099857568740845,169104
16.105133295059204,169104
16.11013388633728,169104
16.115482091903687,169104
16.120351791381836,169104
16.125611782073975,169104
16.130351543426514,169104
16.135456085205078,169104
16.140305757522583,169104
16.14542269706726,169104
16.15038299560547,169104
16.155399560928345,169104
16.160467624664307,169104
16.165379285812378,169104
16.170562028884888,169104
16.1755154132843,169104
16.18081045150757,169104
16.185832023620605,169104
16.191172122955322,169104
16.196295022964478,169104
16.20161461830139,169104
16.206724166870117,169104
16.212029218673706,169104
16.217148780822754,169104
16.222484350204468,169104
16.22758197784424,169104
16.232903957366943,169104
16.237884759902954,169104
16.243237018585205,169104
16.246536254882812,169104
16.249327659606934,169104
16.252138376235962,169104
16.254945516586304,169104
16.257732629776,169104
16.260512351989746,169104
16.2633056640625,169104
16.266088485717773,169104
16.26886487007141,169104
16.27164912223816,169104
16.274425745010376,169104
16.2772057056427,169104
16.28000044822693,169104
16.282804250717163,169104
16.28559899330139,169104
16.28838276863098,169104
16.29118251800537,169104
16.293980360031128,169104
16.296775341033936,169104
16.299543380737305,169104
16.302335739135742,169104
16.305119514465332,169104
16.307905435562134,169104
16.310683727264404,169104
16.31347155570984,169104
16.316251277923584,169104
16.319023609161377,169104
16.321818828582764,169104
16.324592113494873,169104
16.32737636566162,169104
16.330156564712524,169104
16.332946062088013,169104
16.33571767807007,169104
16.338491201400757,169104
16.341281414031982,169104
16.344062328338623,169104
16.34683346748352,169104
16.349609851837158,169104
16.352386713027954,169104
16.355246543884277,169104
16.358027935028076,169104
16.360812187194824,169104
16.36358070373535,169104
16.366360902786255,169104
16.369136810302734,169104
16.37192463874817,169104
16.374691486358643,169104
16.377465963363647,169104
16.380242109298706,169104
16.383031606674194,169104
16.385820627212524,169104
16.388593196868896,169104
16.391376733779907,169104
16.394163131713867,169104
16.396941900253296,169104
16.399719953536987,169104
16.402509927749634,169104
16.40528631210327,169104
16.408060789108276,169104
16.41084861755371,169104
16.41361665725708,169104
16.41639518737793,169104
16.419161796569824,169104
16.421947956085205,169104
16.424718618392944,169104
16.427497148513794,169104
16.430274486541748,169104
16.433070182800293,169104
16.435851097106934,169104
16.438625812530518,169104
16.441414833068848,169104
16.444214820861816,169104
16.449174880981445,169104
16.453934907913208,169104
16.456716537475586,169104
16.45948600769043,169104
16.462274074554443,169104
16.46505355834961,169104
16.467832565307617,169104
16.47060465812683,169104
16.47338628768921,169104
16.476165771484375,169104
16.478946447372437,169104
16.48174023628235,169104
16.4845073223114,169104
16.487310886383057,169104
16.490095853805542,169104
16.492886304855347,169104
16.495652198791504,169104
16.49842882156372,169104
16.501215934753418,169104
16.504001140594482,169104
16.506784439086914,169104
16.509554386138916,169104
16.512345790863037,169104
16.515129327774048,169104
16.517905950546265,169104
16.52068042755127,169104
16.523467779159546,169104
16.52624249458313,169104
16.52902364730835,169104
16.531816244125366,169104
16.53458595275879,169104
16.537358283996582,169104
16.540133237838745,169104
16.542925357818604,169104
16.545701265335083,169104
16.54847764968872,169104
16.551265716552734,169104
16.554049730300903,169104
16.55683422088623,169104
16.559603691101074,169104
16.562401294708252,169104
16.56518006324768,169104
16.56795573234558,169104
16.570741415023804,169104
16.57352328300476,169104
16.576300859451294,169104
16.579081296920776,169104
16.58187460899353,169104
16.584646701812744,169104
16.587421894073486,169104
16.590200662612915,169104
16.592987060546875,169104
16.595765829086304,169104
16.59853982925415,169104
16.601333141326904,169104
16.604115962982178,169104
16.60689640045166,169104
16.60966968536377,169104
16.61246347427368,169104
16.615240335464478,169104
16.618021965026855,169104
16.620833158493042,169104
16.623606204986572,169104
16.626379013061523,169104
16.629157066345215,169104
16.631958961486816,169104
16.634740352630615,169104
16.637508153915405,169104
16.640283346176147,169104
16.6430823802948,169104
16.645867109298706,169104
16.64863872528076,169104
16.65142297744751,169104
16.65420150756836,169104
16.65698504447937,169104
16.659765481948853,169104
16.66254997253418,169104
16.665324449539185,169104
16.668099403381348,169104
16.670889854431152,169104
16.67366099357605,169104
16.676443338394165,169104
16.679229736328125,169104
16.682016849517822,169104
16.684793949127197,169104
16.68755793571472,169104
16.690327882766724,169104
16.693114519119263,169104
16.69589328765869,169104
16.698666095733643,169104
16.70145606994629,169104
16.704229831695557,169104
16.707008361816406,169104
16.709781885147095,169104
16.712558031082153,169104
16.715336799621582,169104
16.718111753463745,169104
16.720902919769287,169104
16.723670482635498,169104
16.726454734802246,169104
16.729310750961304,169104
16.73210573196411,169104
16.734889268875122,169104
16.737666845321655,169104
16.740445375442505,169104
16.743231773376465,169104
16.74601101875305,169104
16.7487895488739,169104
16.7515709400177,169104
16.7543466091156,169104
16.75711727142334,169104
16.759896516799927,169104
16.762677669525146,169104
16.765453100204468,169104
16.768216133117676,169104
16.771005868911743,169104
16.773773670196533,169104
16.776551961898804,169104
16.779322385787964,169104
16.782124280929565,169104
16.784903526306152,169104
16.787673234939575,169104
16.79045033454895,169104
16.79323673248291,169104
16.796026468276978,169104
16.79881000518799,169104
16.80158543586731,169104
16.804367303848267,169104
16.807153463363647,169104
16.809938192367554,169104
16.812721014022827,169104
16.815495252609253,169104
16.818262100219727,169104
16.8210551738739,169104
16.823832988739014,169104
16.826600790023804,169104
16.8293719291687,169104
16.832155227661133,169104
16.83493137359619,169104
16.837704181671143,169104
16.840476989746094,169104
16.843263149261475,169104
16.846035718917847,169104
16.848814010620117,169104
16.851588487625122,169104
16.85436177253723,169104
16.857133150100708,169104
16.859902143478394,169104
16.862683534622192,169104
16.865450859069824,169104
16.868226051330566,169104
16.871012210845947,169104
16.873789310455322,169104
16.876556396484375,169104
16.879327058792114,169104
16.882113933563232,169104
16.88489317893982,169104
16.88766074180603,169104
16.890437126159668,169104
16.89322328567505,169104
16.895998239517212,169104
16.89877724647522,169104
16.901552438735962,169104
16.904332160949707,169104
16.90710687637329,169104
16.90988802909851,169104
16.912668704986572,169104
16.915443181991577,169104
16.918214559555054,169104
16.921006441116333,169104
16.923789978027344,169104
16.926560401916504,169104
16.929371118545532,169104
16.93215775489807,169104
16.934937715530396,169104
16.937705278396606,169104
16.940468072891235,169104
16.943249702453613,169104
16.94602370262146,169104
16.948793649673462,169104
16.95156717300415,169104
16.95434308052063,169104
16.95711088180542,169104
16.95988440513611,169104
16.962666749954224,169104
16.9654381275177,169104
16.96821403503418,169104
16.970998287200928,169104
16.9737708568573,169104
16.976529598236084,169104
16.979297637939453,169104
16.982086658477783,169104
16.984859704971313,169104
16.98763608932495,169104
16.990399837493896,169104
16.993183374404907,169104
16.995957612991333,169104
16.998724937438965,169104
17.001497983932495,169104
17.004266262054443,169104
17.007039546966553,169104
17.009819269180298,169104
17.012593030929565,169104
17.015361547470093,169104
17.018134832382202,169104
17.02091360092163,169104
17.02367877960205,169104
17.02644658088684,169104
17.029212951660156,169104
17.031997442245483,169104
17.03477144241333,169104
17.037535905838013,169104
17.040303230285645,169104
17.043094158172607,169104
17.04587197303772,169104
17.048643112182617,169104
17.051432847976685,169104
17.054206132888794,169104
17.0569748878479,169104
17.059746980667114,169104
17.062519311904907,169104
17.0652973651886,169104
17.068071365356445,169104
17.070857286453247,169104
17.073625087738037,169104
17.076396226882935,169104
17.079163074493408,169104
17.08194923400879,169104
17.084712982177734,169104
17.087473154067993,169104
17.090243577957153,169104
17.09303045272827,169104
17.095797061920166,169104
17.098554134368896,169104
17.101329803466797,169104
17.10410451889038,169104
17.106870412826538,169104
17.109628200531006,169104
17.112410306930542,169104
17.115187644958496,169104
17.117968797683716,169104
17.12076759338379,169104
17.123526096343994,169104
17.126301288604736,169104
17.129075050354004,169104
17.13186478614807,169104
17.134637117385864,169104
17.137405395507812,169104
17.140181303024292,169104
17.142960786819458,169104
17.145723581314087,169104
17.14849328994751,169104
17.151270866394043,169104
17.154042959213257,169104
17.156811475753784,169104
17.15958333015442,169104
17.162362575531006,169104
17.165130853652954,169104
17.16790509223938,169104
17.170672178268433,169104
17.1734516620636,169104
17.17622661590576,169104
17.179002285003662,169104
17.18179488182068,169104
17.184558868408203,169104
17.187340021133423,169104
17.1901113986969,169104
17.192894220352173,169104
17.195658683776855,169104
17.198434352874756,169104
17.201218128204346,169104
17.2039897441864,169104
17.20676279067993,169104
17.2095205783844,169104
17.212303638458252,169104
17.21507215499878,169104
17.21784806251526,169104
17.220614910125732,169104
17.223383903503418,169104
17.226160526275635,169104
17.22894787788391,169104
17.23173189163208,169104
17.234494924545288,169104
17.237261056900024,169104
17.24003553390503,169104
17.242817878723145,169104
17.24558997154236,169104
17.24835968017578,169104
17.251149654388428,169104
17.25392246246338,169104
17.256686449050903,169104
17.25946593284607,169104
17.262247323989868,169104
17.2650249004364,169104
17.26780128479004,169104
17.270564556121826,169104
17.273342847824097,169104
17.276127099990845,169104
17.27906036376953,169104
17.284157752990723,169104
17.288111686706543,169104
17.29091715812683,169104
17.293694019317627,169104
17.296565294265747,169104
17.299923181533813,169104
17.30475616455078,169104
17.309975147247314,169104
17.31477403640747,169104
17.3198881149292,169104
17.32478642463684,169104
17.329853296279907,169104
17.334838151931763,169104
17.33977723121643,169104
17.344916343688965,169104
17.34983205795288,169104
17.35506558418274,169104
17.36005210876465,169104
17.365356922149658,169104
17.37041664123535,169104
17.375711917877197,169104
17.380861282348633,169104
17.386165142059326,169104
17.391273498535156,169104
17.39656710624695,169104
17.401673078536987,169104
17.40699052810669,169104
17.412091732025146,169104
17.4173743724823,169104
17.422337532043457,169104
17.427672147750854,169104
17.432496547698975,169104
17.437696933746338,169104
17.44247031211853,169104
17.44758367538452,169104
17.452472925186157,169104
17.4575514793396,169104
17.4625141620636,169104
17.4674551486969,169104
17.47259545326233,169104
17.477500438690186,169104
17.48275113105774,169104
17.48774266242981,169104
17.493080615997314,169104
17.498154163360596,169104
17.50344705581665,169104
17.508572340011597,169104
17.51386332511902,169104
17.518967866897583,169104
17.524293899536133,169104
17.529393434524536,169104
17.534693241119385,169104
17.539707899093628,169104
17.545032024383545,169104
17.549911975860596,169104
17.55516767501831,169104
17.559916734695435,169104
17.565024614334106,169104
17.56986141204834,169104
17.575008153915405,169104
17.579962730407715,169104
17.585004806518555,169104
17.590044736862183,169104
17.594964027404785,169104
17.60014510154724,169104
17.605096340179443,169104
17.610328435897827,169104
17.61535906791687,169104
17.62069606781006,169104
17.62580156326294,169104
17.631113290786743,169104
17.636231660842896,169104
17.641517400741577,169104
17.64661717414856,169104
17.65196204185486,169104
17.65706515312195,169104
17.662383794784546,169104
17.667399168014526,169104
17.672725677490234,169104
17.677597522735596,169104
17.6828510761261,169104
17.687585592269897,169104
17.692664623260498,169104
17.6975314617157,169104
17.702644109725952,169104
17.7075834274292,169104
17.71255111694336,169104
17.717658281326294,169104
17.722577810287476,169104
17.727784633636475,169104
17.73278021812439,169104
17.73806142807007,169104
17.743112325668335,169104
17.748398542404175,169104
17.75352668762207,169104
17.75882124900818,169104
17.763928651809692,169104
17.76916790008545,169104
17.774279832839966,169104
17.77959418296814,169104
17.78464984893799,169104
17.7899649143219,169104
17.794883966445923,169104
17.800137519836426,169104
17.804903030395508,169104
17.810015439987183,169104
17.814867734909058,169104
17.81998038291931,169104
17.82496213912964,169104
17.82998776435852,169104
17.835039138793945,169104
17.839942693710327,169104
17.845129251480103,169104
17.850075721740723,169104
17.855326414108276,169104
17.860330820083618,169104
17.865684270858765,169104
17.870773553848267,169104
17.876046419143677,169104
17.881181716918945,169104
17.886457681655884,169104
17.89157485961914,169104
17.89688491821289,169104
17.901981115341187,169104
17.907232522964478,169104
17.912150859832764,169104
17.9174485206604,169104
17.922240257263184,169104
17.927394151687622,169104
17.9322247505188,169104
17.937389612197876,169104
17.942310571670532,169104
17.947351694107056,169104
17.95232844352722,169104
17.957242012023926,169104
17.962414264678955,169104
17.967310667037964,169104
17.9725558757782,169104
17.977545499801636,169104
17.982876777648926,169104
17.987950801849365,169104
17.99325966835022,169104
17.99839448928833,169104
18.003612756729126,169104
18.008711099624634,169104
18.014028549194336,169104
18.019120454788208,169104
18.024417400360107,169104
18.029369592666626,169104
18.034707069396973,169104
18.039552211761475,169104
18.044753074645996,169104
18.04951763153076,169104
18.054635286331177,169104
18.059516191482544,169104
18.064598321914673,169104
18.069540977478027,169104
18.07450246810913,169104
18.07960557937622,169104
18.084510564804077,169104
18.089734315872192,169104
18.094725608825684,169104
18.100024461746216,169104
18.10508704185486,169104
18.110356330871582,169104
18.115490674972534,169104
18.120813608169556,169104
18.1259286403656,169104
18.131223917007446,169104
18.136319875717163,169104
18.14146065711975,169104
18.146320581436157,169104
18.151408433914185,169104
18.15636944770813,169104
18.161346673965454,169104
18.166391134262085,169104
18.171290159225464,169104
18.17645239830017,169104
18.181403398513794,169104
18.186654806137085,169104
18.1916720867157,169104
18.196983814239502,169104
18.202054977416992,169104
18.207355737686157,169104
18.212483882904053,169104
18.21537208557129,169104
18.218144416809082,169104
18.220922708511353,169104
18.223700761795044,169104
18.22646951675415,169104
18.229243516921997,169104
18.23202919960022,169104
18.23480248451233,169104
18.237567901611328,169104
18.240346908569336,169104
18.2431321144104,169104
18.245906829833984,169104
18.24867296218872,169104
18.251455545425415,169104
18.254228115081787,169104
18.25700545310974,169104
18.259776830673218,169104
18.262550830841064,169104
18.265320539474487,169104
18.268097162246704,169104
18.270878791809082,169104
18.273659229278564,169104
18.276427268981934,169104
18.279196739196777,169104
18.281984329223633,169104
18.284770488739014,169104
18.287606477737427,169104
18.29037356376648,169104
18.29316520690918,169104
18.295936584472656,169104
18.300503492355347,169104
18.305312395095825,169104
18.310418844223022,169104
18.315263032913208,169104
18.320366859436035,169104
18.325294733047485,169104
18.330318450927734,169104
18.335295915603638,169104
18.340246200561523,169104
18.3453471660614,169104
18.350253343582153,169104
18.355441331863403,169104
18.360388040542603,169104
18.36566925048828,169104
18.37070345878601,169104
18.37603187561035,169104
18.381113290786743,169104
18.386425018310547,169104
18.39159631729126,169104
18.396905660629272,169104
18.402050733566284,169104
18.40732216835022,169104
18.41245460510254,169104
18.417726039886475,169104
18.422882795333862,169104
18.428168773651123,169104
18.43330216407776,169104
18.438575744628906,169104
18.443593502044678,169104
18.44894504547119,169104
18.453866481781006,169104
18.45915651321411,169104
18.463991165161133,169104
18.469151735305786,169104
18.4739887714386,169104
18.479103565216064,169104
18.4840145111084,169104
18.48907732963562,169104
18.494040489196777,169104
18.499000072479248,169104
18.504096269607544,169104
18.508974075317383,169104
18.51417112350464,169104
18.519153594970703,169104
18.524418830871582,169104
18.529419422149658,169104
18.534738302230835,169104
18.539804458618164,169104
18.545122146606445,169104
18.550265073776245,169104
18.555593252182007,169104
18.56075382232666,169104
18.56619095802307,169104
18.571324586868286,169104
18.57662320137024,169104
18.58176851272583,169104
18.587069988250732,169104
18.59221053123474,169104
18.59753108024597,169104
18.602662563323975,169104
18.607975244522095,169104
18.61305069923401,169104
18.618374824523926,169104
18.623344898223877,169104
18.628644227981567,169104
18.6335186958313,169104
18.63875699043274,169104
18.64354133605957,169104
18.648646354675293,169104
18.653498649597168,169104
18.658555507659912,169104
18.663508415222168,169104
18.66847252845764,169104
18.673532009124756,169104
18.67843723297119,169104
18.683613061904907,169104
18.688554763793945,169104
18.693811893463135,169104
18.698821544647217,169104
18.704128980636597,169104
18.709171533584595,169104
18.71447730064392,169104
18.719613790512085,169104
18.724929809570312,169104
18.73006582260132,169104
18.735356330871582,169104
18.740482568740845,169104
18.745807886123657,169104
18.750941038131714,169104
18.756266832351685,169104
18.761404037475586,169104
18.766693830490112,169104
18.771817207336426,169104
18.77714705467224,169104
18.782175540924072,169104
18.78748321533203,169104
18.792402982711792,169104
18.797688007354736,169104
18.802483797073364,169104
18.80766010284424,169104
18.81249189376831,169104
18.817589282989502,169104
18.822518587112427,169104
18.827548503875732,169104
18.832512140274048,169104
18.837449073791504,169104
18.842546224594116,169104
18.84745216369629,169104
18.852638483047485,169104
18.857633590698242,169104
18.8629047870636,169104
18.86793804168701,169104
18.873210906982422,169104
18.878278017044067,169104
18.883593797683716,169104
18.888747215270996,169104
18.894060850143433,169104
18.899200201034546,169104
18.904480695724487,169104
18.909616231918335,169104
18.914937019348145,169104
18.92006802558899,169104
18.925401210784912,169104
18.930526733398438,169104
18.935861110687256,169104
18.940972805023193,169104
18.946304082870483,169104
18.951293468475342,169104
18.956607818603516,169104
18.96151375770569,169104
18.966735124588013,169104
18.97152090072632,169104
18.97665047645569,169104
18.981505632400513,169104
18.986605167388916,169104
18.991553783416748,169104
18.99654722213745,169104
19.0015606880188,169104
19.006452798843384,169104
19.01162576675415,169104
19.01653265953064,169104
19.021777391433716,169104
19.02677822113037,169104
19.032092571258545,169104
19.037147283554077,169104
19.042478322982788,169104
19.047598361968994,169104
19.052926301956177,169104
19.058064222335815,169104
19.063382863998413,169104
19.068517684936523,169104
19.073798179626465,169104
19.07893466949463,169104
19.084259271621704,169104
19.089366912841797,169104
19.09469771385193,169104
19.099815845489502,169104
19.10515069961548,169104
19.110152006149292,169104
19.11549997329712,169104
19.120397090911865,169104
19.125675678253174,169104
19.1304771900177,169104
19.135637044906616,169104
19.140453577041626,169104
19.145578145980835,169104
19.150476694107056,169104
19.155531644821167,169104
19.16049599647522,169104
19.16544222831726,169104
19.17052674293518,169104
19.175414085388184,169104
19.1806001663208,169104
19.185588598251343,169104
19.190852880477905,169104
19.195869207382202,169104
19.20119595527649,169104
19.206266403198242,169104
19.211573600769043,169104
19.21671199798584,169104
19.22203278541565,169104
19.227184772491455,169104
19.232455253601074,169104
19.237571239471436,169104
19.24284839630127,169104
19.24796986579895,169104
19.253284215927124,169104
19.2583909034729,169104
19.263725757598877,169104
19.26875138282776,169104
19.274068355560303,169104
19.27910304069519,169104
19.28442883491516,169104
19.289292573928833,169104
19.294535636901855,169104
19.29930877685547,169104
19.30441188812256,169104
19.309277057647705,169104
19.314366102218628,169104
19.319327354431152,169104
19.32430124282837,169104
19.329347372055054,169104
19.33425259590149,169104
19.339410305023193,169104
19.34435772895813,169104
19.34960627555847,169104
19.354615688323975,169104
19.359920501708984,169104
19.364978551864624,169104
19.37030863761902,169104
19.375443696975708,169104
19.380773067474365,169104
19.385921001434326,169104
19.391228199005127,169104
19.396368980407715,169104
19.40167236328125,169104
19.406790018081665,169104
19.412060260772705,169104
19.417187452316284,169104
19.422521114349365,169104
19.42764115333557,169104
19.432962656021118,169104
19.437991857528687,169104
19.44334077835083,169104
19.44825267791748,169104
19.45357322692871,169104
19.458402395248413,169104
19.463558673858643,169104
19.46836543083191,169104
19.473475456237793,169104
19.478354454040527,169104
19.48338270187378,169104
19.48833918571472,169104
19.49328851699829,169104
19.498379945755005,169104
19.5032958984375,169104
19.50846815109253,169104
19.513433933258057,169104
19.5186927318573,169104
19.523750066757202,169104
19.529040336608887,169104
19.53412699699402,169104
19.539429187774658,169104
19.544583320617676,169104
19.54991340637207,169104
19.555066108703613,169104
19.5603609085083,169104
19.56549882888794,169104
19.57079005241394,169104
19.575913906097412,169104
19.581175565719604,169104
19.586233139038086,169104
19.591554164886475,169104
19.59650182723999,169104
19.601837873458862,169104
19.606706380844116,169104
19.61192536354065,169104
19.616695880889893,169104
19.621819734573364,169104
19.626657485961914,169104
19.631795406341553,169104
19.636731386184692,169104
19.641743898391724,169104
19.646742820739746,169104
19.65164875984192,169104
19.656822443008423,169104
19.661720991134644,169104
19.666938066482544,169104
19.671921968460083,169104
19.67721390724182,169104
19.682260990142822,169104
19.687602043151855,169104
19.69271469116211,169104
19.69801640510559,169104
19.70315909385681,169104
19.7084698677063,169104
19.713605880737305,169104
19.718841791152954,169104
19.723991632461548,169104
19.729273080825806,169104
19.734410524368286,169104
19.73972201347351,169104
19.744855642318726,169104
19.75015926361084,169104
19.75521969795227,169104
19.760553121566772,169104
19.765504360198975,169104
19.770835638046265,169104
19.775697946548462,169104
19.78094792366028,169104
19.78571319580078,169104
19.790828704833984,169104
19.795679807662964,169104
19.80079460144043,169104
19.805752515792847,169104
19.81070637702942,169104
19.815752506256104,169104
19.82064652442932,169104
19.825822114944458,169104
19.83076238632202,169104
19.836005449295044,169104
19.84102153778076,169104
19.84631896018982,169104
19.85137677192688,169104
19.856704711914062,169104
19.861847162246704,169104
19.86715531349182,169104
19.872292518615723,169104
19.87759256362915,169104
19.88273859024048,169104
19.887981414794922,169104
19.893115282058716,169104
19.89844512939453,169104
19.90356183052063,169104
19.908869981765747,169104
19.913947582244873,169104
19.91926121711731,169104
19.92423915863037,169104
19.929545402526855,169104
19.934429168701172,169104
19.939650058746338,169104
19.944416522979736,169104
19.9495210647583,169104
19.95437741279602,169104
19.959463357925415,169104
19.96444010734558,169104
19.969428777694702,169104
19.9744656085968,169104
19.97937560081482,169104
19.984567880630493,169104
19.98949360847473,169104
19.994738340377808,169104
19.999741077423096,169104
20.00504493713379,169104
20.01009178161621,169104
20.015449285507202,169104
20.020528078079224,169104
20.025827884674072,169104
20.030967950820923,169104
20.036272287368774,169104
20.04141139984131,169104
20.04672122001648,169104
20.051859855651855,169104
20.057135820388794,169104
20.062267303466797,169104
20.067583560943604,169104
20.072644233703613,169104
20.07798409461975,169104
20.08293581008911,169104
20.088252544403076,169104
20.09312081336975,169104
20.09833526611328,169104
20.10312294960022,169104
20.108227014541626,169104
20.113088846206665,169104
20.11816143989563,169104
20.123121976852417,169104
20.128096103668213,169104
20.13314437866211,169104
20.138020753860474,169104
20.143183708190918,169104
20.148121118545532,169104
20.153350353240967,169104
20.158376455307007,169104
20.163666009902954,169104
20.168724060058594,169104
20.174083709716797,169104
20.179184436798096,169104
20.184473752975464,169104
20.189615488052368,169104
20.194933652877808,169104
20.20007300376892,169104
20.20538830757141,169104
20.210524320602417,169104
20.215834379196167,169104
20.2209734916687,169104
20.2262921333313,169104
20.23142123222351,169104
20.236725091934204,169104
20.241820096969604,169104
20.24716091156006,169104
20.25215482711792,169104
20.25749135017395,169104
20.262399435043335,169104
20.26764750480652,169104
20.2724449634552,169104
20.27759027481079,169104
20.282435655593872,169104
20.287563800811768,169104
20.29249668121338,169104
20.29752516746521,169104
20.302504301071167,169104
20.307401657104492,169104
20.312554359436035,169104
20.317473888397217,169104
20.322685956954956,169104
20.3276629447937,169104
20.332959413528442,169104
20.338006734848022,169104
20.343332767486572,169104
20.348405122756958,169104
20.353713035583496,169104
20.35886311531067,169104
20.364195585250854,169104
20.3693425655365,169104
20.374663829803467,169104
20.37980341911316,169104
20.385128021240234,169104
20.390260219573975,169104
20.395596742630005,169104
20.40071988105774,169104
20.40604066848755,169104
20.41117262840271,169104
20.416478395462036,169104
20.42151188850403,169104
20.42686414718628,169104
20.43177843093872,169104
20.43703532218933,169104
20.441842555999756,169104
20.446975469589233,169104
20.45181393623352,169104
20.456955671310425,169104
20.461878776550293,169104
20.466903924942017,169104
20.47188448905945,169104
20.47682547569275,169104
20.481921911239624,169104
20.48683214187622,169104
20.492017030715942,169104
20.49699091911316,169104
20.502262592315674,169104
20.507274389266968,169104
20.51258397102356,169104
20.51765489578247,169104
20.52297806739807,169104
20.528104066848755,169104
20.533409118652344,169104
20.538548946380615,169104
20.543872833251953,169104
20.549009084701538,169104
20.554277181625366,169104
20.559402227401733,169104
20.56474208831787,169104
20.56986689567566,169104
20.575183868408203,169104
20.580250024795532,169104
20.585581064224243,169104
20.590523719787598,169104
20.595863103866577,169104
20.600926637649536,169104
20.606188535690308,169104
20.61097240447998,169104
20.61607837677002,169104
20.620917558670044,169104
20.626043558120728,169104
20.630980253219604,169104
20.63599967956543,169104
20.6409912109375,169104
20.64591670036316,169104
20.651047468185425,169104
20.655942916870117,169104
20.661129474639893,169104
20.66610097885132,169104
20.671374320983887,169104
20.67638111114502,169104
20.681711196899414,169104
20.68679666519165,169104
20.69211506843567,169104
20.69725465774536,169104
20.702595472335815,169104
20.707710027694702,169104
20.713022708892822,169104
20.718149662017822,169104
20.723448753356934,169104
20.728559970855713,169104
20.733898162841797,169104
20.739022731781006,169104
20.74433159828186,169104
20.74940538406372,169104
20.7547447681427,169104
20.759690523147583,169104
20.765031814575195,169104
20.76990294456482,169104
20.775166988372803,169104
20.779935598373413,169104
20.785075664520264,169104
20.789926290512085,169104
20.795026302337646,169104
20.799992322921753,169104
20.80501675605774,169104
20.810027837753296,169104
20.814945459365845,169104
20.82007908821106,169104
20.825002670288086,169104
20.830193519592285,169104
20.835168600082397,169104
20.840434074401855,169104
20.845486640930176,169104
20.850820302963257,169104
20.85591173171997,169104
20.861236095428467,169104
20.866381645202637,169104
20.87170124053955,169104
20.876845121383667,169104
20.882123947143555,169104
20.88725447654724,169104
20.892557859420776,169104
20.89768362045288,169104
20.90302848815918,169104
20.90814518928528,169104
20.913466453552246,169104
20.918562650680542,169104
20.923908472061157,169104
20.92890501022339,169104
20.93425989151001,169104
20.939173936843872,169104
20.94444513320923,169104
20.949223518371582,169104
20.954388856887817,169104
20.95922827720642,169104
20.964339017868042,169104
20.969237089157104,169104
20.97428560256958,169104
20.97924494743347,169104
20.984176635742188,169104
20.989287853240967,169104
20.994206190109253,169104
20.999398946762085,169104
21.004371881484985,169104
21.00962996482849,169104
21.01465368270874,169104
21.019984483718872,169104
21.025076150894165,169104
21.030385971069336,169104
21.035531044006348,169104
21.04083824157715,169104
21.04597306251526,169104
21.051281213760376,169104
21.056413888931274,169104
21.061691999435425,169104
21.066819429397583,169104
21.072137117385864,169104
21.077255725860596,169104
21.08256506919861,169104
21.0876202583313,169104
21.092970848083496,169104
21.097912788391113,169104
21.10321855545044,169104
21.108074188232422,169104
21.11327576637268,169104
21.11804509162903,169104
21.123145580291748,169104
21.128009557724,169104
21.133095264434814,169104
21.138070583343506,169104
21.143043279647827,169104
21.148096799850464,169104
21.153058767318726,169104
21.158220052719116,169104
21.16315245628357,169104
21.168384552001953,169104
21.173396825790405,169104
21.17869472503662,169104
21.18377423286438,169104
21.18903660774231,169104
21.194188833236694,169104
21.199477195739746,169104
21.204613208770752,169104
21.209923267364502,169104
21.215063333511353,169104
21.2203950881958,169104
21.225523233413696,169104
21.230864763259888,169104
21.23597240447998,169104
21.241302013397217,169104
21.24628973007202,169104
21.25164794921875,169104
21.256551265716553,169104
21.261775255203247,169104
21.266539096832275,169104
21.27165961265564,169104
21.276515007019043,169104
21.2816379070282,169104
21.286198616027832,169104
21.28899335861206,169104
21.29178476333618,169104
21.294554233551025,169104
21.297329902648926,169104
21.300105333328247,169104
21.302897214889526,169104
21.305657863616943,169104
21.30842900276184,169104
21.311222791671753,169104
21.31399893760681,169104
21.31677556037903,169104
21.319538354873657,169104
21.32232117652893,169104
21.325093507766724,169104
21.327870845794678,169104
21.330631971359253,169104
21.333399057388306,169104
21.336179733276367,169104
21.338955879211426,169104
21.341736793518066,169104
21.344496965408325,169104
21.3472683429718,169104
21.35004186630249,169104
21.352827072143555,169104
21.355583906173706,169104
21.35834240913391,169104
21.361122369766235,169104
21.363887310028076,169104
21.366650819778442,169104
21.369421243667603,169104
21.37219476699829,169104
21.37496519088745,169104
21.377737760543823,169104
21.38050150871277,169104
21.383277893066406,169104
21.386052131652832,169104
21.388822078704834,169104
21.391589164733887,169104
21.394355058670044,169104
21.397128105163574,169104
21.399901866912842,169104
21.40267586708069,169104
21.405439376831055,169104
21.408201456069946,169104
21.410987854003906,169104
21.413758993148804,169104
21.416515111923218,169104
21.419281005859375,169104
21.42205786705017,169104
21.424832820892334,169104
21.427598237991333,169104
21.430436611175537,169104
21.43320870399475,169104
21.435980796813965,169104
21.43875551223755,169104
21.441526651382446,169104
21.444291830062866,169104
21.447059392929077,169104
21.44983410835266,169104
21.452616214752197,169104
21.45537543296814,169104
21.45813751220703,169104
21.46092128753662,169104
21.463679790496826,169104
21.466442584991455,169104
21.469215393066406,169104
21.47200059890747,169104
21.47476840019226,169104
21.47753143310547,169104
21.48029375076294,169104
21.483075857162476,169104
21.485848426818848,169104
21.488602876663208,169104
21.49138069152832,169104
21.4941463470459,169104
21.496909618377686,169104
21.499675989151,169104
21.502445459365845,169104
21.50521421432495,169104
21.507980346679688,169104
21.510749101638794,169104
21.513509511947632,169104
21.516282558441162,169104
21.519057035446167,169104
21.521832704544067,169104
21.524590730667114,169104
21.527349948883057,169104
21.530115127563477,169104
21.532901763916016,169104
21.53566884994507,169104
21.53842544555664,169104
21.54120683670044,169104
21.54397463798523,169104
21.546741247177124,169104
21.549492120742798,169104
21.55227565765381,169104
21.555046319961548,169104
21.55782389640808,169104
21.56065821647644,169104
21.563436031341553,169104
21.566204071044922,169104
21.568979263305664,169104
21.571767568588257,169104
21.574539184570312,169104
21.577308416366577,169104
21.58008122444153,169104
21.58286142349243,169104
21.58562445640564,169104
21.588386058807373,169104
21.59116792678833,169104
21.593939304351807,169104
21.59670352935791,169104
21.599475383758545,169104
21.602256536483765,169104
21.60503363609314,169104
21.60780429840088,169104
21.61056113243103,169104
21.613338947296143,169104
21.6161150932312,169104
21.61888337135315,169104
21.621655464172363,169104
21.62442421913147,169104
21.627187728881836,169104
21.629945278167725,169104
21.632721424102783,169104
21.63548755645752,169104
21.638246774673462,169104
21.641031742095947,169104
21.64380383491516,169104
21.646567344665527,169104
21.64933204650879,169104
21.65211820602417,169104
21.65488862991333,169104
21.657737016677856,169104
21.6604962348938,169104
21.66326880455017,169104
21.666045904159546,169104
21.668821573257446,169104
21.67159867286682,169104
21.67436408996582,169104
21.677128076553345,169104
21.679895639419556,169104
21.682669639587402,169104
21.68543243408203,169104
21.68820357322693,169104
21.690981149673462,169104
21.6937518119812,169104
21.69651460647583,169104
21.699273824691772,169104
21.70204758644104,169104
21.704818964004517,169104
21.707576513290405,169104
21.710341930389404,169104
21.713122844696045,169104
21.715892791748047,169104
21.718662977218628,169104
21.72144365310669,169104
21.724220514297485,169104
21.726990938186646,169104
21.72975778579712,169104
21.732528924942017,169104
21.735291481018066,169104
21.738067626953125,169104
21.740841388702393,169104
21.743608236312866,169104
21.746366262435913,169104
21.749139547348022,169104
21.75191831588745,169104
21.75468134880066,169104
21.75744605064392,169104
21.76021146774292,169104
21.762993335723877,169104
21.765762329101562,169104
21.76851463317871,169104
21.771292209625244,169104
21.77405858039856,169104
21.776829719543457,169104
21.779590606689453,169104
21.78236484527588,169104
21.78513765335083,169104
21.787914037704468,169104
21.790671348571777,169104
21.793447256088257,169104
21.796224117279053,169104
21.798996210098267,169104
21.80177903175354,169104
21.804533004760742,169104
21.80730104446411,169104
21.81007194519043,169104
21.812856912612915,169104
21.815616369247437,169104
21.818379878997803,169104
21.82115936279297,169104
21.82392406463623,169104
21.82668423652649,169104
21.829449892044067,169104
21.832230806350708,169104
21.83500838279724,169104
21.837774515151978,169104
21.840532779693604,169104
21.843306064605713,169104
21.846076488494873,169104
21.848848342895508,169104
21.851625680923462,169104
21.85438823699951,169104
21.857158422470093,169104
21.859935522079468,169104
21.86270546913147,169104
21.865469455718994,169104
21.868239641189575,169104
21.871028423309326,169104
21.873804092407227,169104
21.876567602157593,169104
21.879337072372437,169104
21.882115125656128,169104
21.884889125823975,169104
21.88765788078308,169104
21.890419483184814,169104
21.89320468902588,169104
21.895973920822144,169104
21.898743867874146,169104
21.901511192321777,169104
21.90428638458252,169104
21.907050848007202,169104
21.90981888771057,169104
21.912590503692627,169104
21.915358304977417,169104
21.918124198913574,169104
21.92090606689453,169104
21.923670291900635,169104
21.926435947418213,169104
21.929192304611206,169104
21.931976079940796,169104
21.934741497039795,169104
21.93750762939453,169104
21.94028115272522,169104
21.943063735961914,169104
21.94584059715271,169104
21.948604345321655,169104
21.951383113861084,169104
21.95415472984314,169104
21.956929683685303,169104
21.95969009399414,169104
21.96246910095215,169104
21.965238332748413,169104
21.96801209449768,169104
21.970789909362793,169104
21.973544597625732,169104
21.976306200027466,169104
21.979076147079468,169104
21.981856107711792,169104
21.984615564346313,169104
21.987380027770996,169104
21.99013900756836,169104
21.99291706085205,169104
21.99568223953247,169104
21.998446941375732,169104
22.001229763031006,169104
22.004000186920166,169104
22.00676727294922,169104
22.00952386856079,169104
22.01230502128601,169104
22.01508069038391,169104
22.017856121063232,169104
22.02061653137207,169104
22.02339267730713,169104
22.02616238594055,169104
22.028934955596924,169104
22.031710624694824,169104
22.03447461128235,169104
22.037242889404297,169104
22.040011882781982,169104
22.04279589653015,169104
22.04555892944336,169104
22.048330068588257,169104
22.051114559173584,169104
22.053889274597168,169104
22.05665349960327,169104
22.05941677093506,169104
22.062201738357544,169104
22.064977169036865,169104
22.067737340927124,169104
22.07050085067749,169104
22.073269844055176,169104
22.07604455947876,169104
22.07881498336792,169104
22.081666231155396,169104
22.084440231323242,169104
22.087201356887817,169104
22.089977979660034,169104
22.092761754989624,169104
22.095523595809937,169104
22.098294734954834,169104
22.10107421875,169104
22.103849172592163,169104
22.106627702713013,169104
22.109400272369385,169104
22.112186670303345,169104
22.11496138572693,169104
22.11773371696472,169104
22.120492219924927,169104
22.1232693195343,169104
22.126041173934937,169104
22.128812313079834,169104
22.13158392906189,169104
22.13435125350952,169104
22.137120008468628,169104
22.139894485473633,169104
22.142669677734375,169104
22.145439624786377,169104
22.148210763931274,169104
22.150990962982178,169104
22.153765439987183,169104
22.156525135040283,169104
22.15929126739502,169104
22.162078380584717,169104
22.16484832763672,169104
22.167614221572876,169104
22.170379877090454,169104
22.173166513442993,169104
22.175944089889526,169104
22.178707361221313,169104
22.181487798690796,169104
22.184259176254272,169104
22.187031984329224,169104
22.18980097770691,169104
22.19257116317749,169104
22.195329904556274,169104
22.198106288909912,169104
22.20090413093567,169104
22.203675985336304,169104
22.206443548202515,169104
22.209221363067627,169104
22.212006092071533,169104
22.214780807495117,169104
22.217538833618164,169104
22.220311880111694,169104
22.22309637069702,169104
22.225865602493286,169104
22.228628635406494,169104
22.231401205062866,169104
22.234179496765137,169104
22.236953020095825,169104
22.239725589752197,169104
22.24250555038452,169104
22.245280027389526,169104
22.24804925918579,169104
22.250833749771118,169104
22.253609895706177,169104
22.256373405456543,169104
22.259151697158813,169104
22.261935234069824,169104
22.2646963596344,169104
22.267471313476562,169104
22.270246744155884,169104
22.273033618927002,169104
22.27580165863037,169104
22.278563976287842,169104
22.281334161758423,169104
22.28410792350769,169104
22.286877632141113,169104
22.28964900970459,169104
22.29242205619812,169104
22.295201301574707,169104
22.297980546951294,169104
22.300769090652466,169104
22.303532361984253,169104
22.30630350112915,169104
22.309078216552734,169104
22.311856746673584,169104
22.314625024795532,169104
22.31738829612732,169104
22.3201584815979,169104
22.322949647903442,169104
22.32571244239807,169104
22.32847499847412,169104
22.331255197525024,169104
22.334032773971558,169104
22.336806058883667,169104
22.339572429656982,169104
22.342352390289307,169104
22.34512996673584,169104
22.347904682159424,169104
22.350669384002686,169104
22.353451251983643,169104
22.356224298477173,169104
22.358994007110596,169104
22.36178469657898,169104
22.364548683166504,169104
22.3673255443573,169104
22.370116710662842,169104
22.37297010421753,169104
22.375741481781006,169104
22.3785080909729,169104
22.381293773651123,169104
22.38406276702881,169104
22.386834621429443,169104
22.389593362808228,169104
22.392374515533447,169104
22.39514660835266,169104
22.397924184799194,169104
22.400684118270874,169104
22.403465509414673,169104
22.40624475479126,169104
22.409027099609375,169104
22.411810159683228,169104
22.41457509994507,169104
22.41733956336975,169104
22.420108556747437,169104
22.42288589477539,169104
22.425647258758545,169104
22.428409337997437,169104
22.431185722351074,169104
22.43395709991455,169104
22.43671941757202,169104
22.43948769569397,169104
22.442267179489136,169104
22.4450421333313,169104
22.44781994819641,169104
22.45058560371399,169104
22.45336413383484,169104
22.45613956451416,169104
22.458911180496216,169104
22.461687088012695,169104
22.464462280273438,169104
22.467235326766968,169104
22.470012187957764,169104
22.472793340682983,169104
22.47555446624756,169104
22.4783296585083,169104
22.4811110496521,169104
22.483883380889893,169104
22.48664140701294,169104
22.489405632019043,169104
22.49219536781311,169104
22.494969844818115,169104
22.497745037078857,169104
22.500511407852173,169104
22.503288507461548,169104
22.506067276000977,169104
22.50884699821472,169104
22.511618614196777,169104
22.514390468597412,169104
22.517165660858154,169104
22.519943237304688,169104
22.522721529006958,169104
22.525486707687378,169104
22.52825951576233,169104
22.531046152114868,169104
22.53382968902588,169104
22.53658890724182,169104
22.539359092712402,169104
22.542144536972046,169104
22.544918060302734,169104
22.547688961029053,169104
22.55046033859253,169104
22.55323839187622,169104
22.556010246276855,169104
22.558789253234863,169104
22.561563968658447,169104
22.564331769943237,169104
22.567098379135132,169104
22.569864511489868,169104
22.572638273239136,169104
22.575397729873657,169104
22.57816743850708,169104
22.580950260162354,169104
22.583717584609985,169104
22.58648705482483,169104
22.589259386062622,169104
22.592045307159424,169104
22.59482431411743,169104
22.59758996963501,169104
22.600362300872803,169104
22.60315179824829,169104
22.60592794418335,169104
22.608689069747925,169104
22.611469984054565,169104
22.61424207687378,169104
22.617021322250366,169104
22.619799613952637,169104
22.622578382492065,169104
22.625347137451172,169104
22.62811827659607,169104
22.630901336669922,169104
22.633666515350342,169104
22.636435747146606,169104
22.639201879501343,169104
22.641987562179565,169104
22.644757509231567,169104
22.64752173423767,169104
22.650296211242676,169104
22.653079986572266,169104
22.655857801437378,169104
22.65862774848938,169104
22.66140627861023,169104
22.664180278778076,169104
22.666954517364502,169104
22.66972303390503,169104
22.67250657081604,169104
22.675272941589355,169104
22.678040981292725,169104
22.68082356452942,169104
22.683592796325684,169104
22.686360359191895,169104
22.6891348361969,169104
22.69191884994507,169104
22.69468379020691,169104
22.697453498840332,169104
22.70022487640381,169104
22.703009843826294,169104
22.70578408241272,169104
22.708542585372925,169104
22.711321353912354,169104
22.714094400405884,169104
22.71686577796936,169104
22.719632625579834,169104
22.722408771514893,169104
22.725175142288208,169104
22.72795009613037,169104
22.73071599006653,169104
22.733495235443115,169104
22.736260175704956,169104
22.739033222198486,169104
22.741819143295288,169104
22.744588136672974,169104
22.74735999107361,169104
22.7501323223114,169104
22.752912759780884,169104
22.755682945251465,169104
22.75844955444336,169104
22.761231184005737,169104
22.764007091522217,169104
22.76677942276001,169104
22.769541025161743,169104
22.7723228931427,169104
22.775099754333496,169104
22.77787137031555,169104
22.780633449554443,169104
22.783411979675293,169104
22.786178827285767,169104
22.788968801498413,169104
22.79173970222473,169104
22.794495344161987,169104
22.797266483306885,169104
22.800036191940308,169104
22.80281662940979,169104
22.805582761764526,169104
22.808354139328003,169104
22.811144828796387,169104
22.81392478942871,169104
22.81668734550476,169104
22.81945514678955,169104
22.822235345840454,169104
22.825011014938354,169104
22.82778286933899,169104
22.83054494857788,169104
22.8333261013031,169104
22.836098194122314,169104
22.838869094848633,169104
22.841644525527954,169104
22.844406843185425,169104
22.847182512283325,169104
22.849955320358276,169104
22.85273313522339,169104
22.855492115020752,169104
22.858255624771118,169104
22.861034870147705,169104
22.86380887031555,169104
22.866573810577393,169104
22.869341373443604,169104
22.87212872505188,169104
22.874900102615356,169104
22.87766671180725,169104
22.880433082580566,169104
22.883213996887207,169104
22.885980367660522,169104
22.888752222061157,169104
22.89152479171753,169104
22.894291877746582,169104
22.89706325531006,169104
22.899832010269165,169104
22.902612686157227,169104
22.905383825302124,169104
22.908180236816406,169104
22.9109628200531,169104
22.913737773895264,169104
22.916501998901367,169104
22.919270753860474,169104
22.922054529190063,169104
22.92482900619507,169104
22.9275860786438,169104
22.930357933044434,169104
22.9331476688385,169104
22.935919284820557,169104
22.93868136405945,169104
22.941453456878662,169104
22.94422459602356,169104
22.946996927261353,169104
22.949772596359253,169104
22.95253849029541,169104
22.955308437347412,169104
22.95807909965515,169104
22.960864305496216,169104
22.963633060455322,169104
22.966397285461426,169104
22.96917486190796,169104
22.971954345703125,169104
22.974732160568237,169104
22.977492332458496,169104
22.98025941848755,169104
22.9830424785614,169104
22.98582148551941,169104
22.98858618736267,169104
22.99136519432068,169104
22.994142532348633,169104
22.996920108795166,169104
22.999682426452637,169104
23.002460479736328,169104
23.005235195159912,169104
23.008009672164917,169104
23.010798454284668,169104
23.01356792449951,169104
23.016339778900146,169104
23.019110441207886,169104
23.021892309188843,169104
23.02466082572937,169104
23.027425050735474,169104
23.030197858810425,169104
23.0329909324646,169104
23.03576135635376,169104
23.038525819778442,169104
23.041309356689453,169104
23.044081926345825,169104
23.046862840652466,169104
23.04962921142578,169104
23.052409172058105,169104
23.055181741714478,169104
23.05795431137085,169104
23.06071710586548,169104
23.06350064277649,169104
23.06627082824707,169104
23.069044828414917,169104
23.071824312210083,169104
23.07459568977356,169104
23.07736301422119,169104
23.080137968063354,169104
23.08292055130005,169104
23.08568835258484,169104
23.088457584381104,169104
23.0912446975708,169104
23.094013452529907,169104
23.096794366836548,169104
23.099557161331177,169104
23.102342128753662,169104
23.105122804641724,169104
23.10789918899536,169104
23.110668420791626,169104
23.11344814300537,169104
23.11622405052185,169104
23.118995666503906,169104
23.12177872657776,169104
23.124544620513916,169104
23.127315759658813,169104
23.130089282989502,169104
23.132869720458984,169104
23.13563323020935,169104
23.138397693634033,169104
23.14117932319641,169104
23.14395570755005,169104
23.146735191345215,169104
23.149497747421265,169104
23.152273416519165,169104
23.155045986175537,169104
23.157822608947754,169104
23.160584688186646,169104
23.163366556167603,169104
23.166138172149658,169104
23.168907642364502,169104
23.171685218811035,169104
23.17445468902588,169104
23.177217483520508,169104
23.179989337921143,169104
23.182779550552368,169104
23.185542583465576,169104
23.188307285308838,169104
23.191096305847168,169104
23.193867683410645,169104
23.196632385253906,169104
23.199401140213013,169104
23.202184200286865,169104
23.204952001571655,169104
23.20771312713623,169104
23.210472106933594,169104
23.213254928588867,169104
23.21602702140808,169104
23.218797206878662,169104
23.221569538116455,169104
23.224342346191406,169104
23.227112770080566,169104
23.22989273071289,169104
23.232669830322266,169104
23.235432386398315,169104
23.238205194473267,169104
23.240992546081543,169104
23.24376153945923,169104
23.24652409553528,169104
23.249285221099854,169104
23.252065420150757,169104
23.254844665527344,169104
23.25760006904602,169104
23.26036262512207,169104
23.26314401626587,169104
23.26591730117798,169104
23.268677711486816,169104
23.271447896957397,169104
23.27422547340393,169104
23.276998043060303,169104
23.27976965904236,169104
23.28254532814026,169104
23.285316944122314,169104
23.288089513778687,169104
23.29087471961975,169104
23.29364275932312,169104
23.29640793800354,169104
23.299181938171387,169104
23.301963090896606,169104
23.304725646972656,169104
23.307491540908813,169104
23.310264110565186,169104
23.31305170059204,169104
23.31582760810852,169104
23.318596363067627,169104
23.32137131690979,169104
23.324139833450317,169104
23.326910972595215,169104
23.3296856880188,169104
23.33246421813965,169104
23.335233211517334,169104
23.338011264801025,169104
23.340798139572144,169104
23.343562602996826,169104
23.34632897377014,169104
23.349100589752197,169104
23.351877689361572,169104
23.35464644432068,169104
23.35740828514099,169104
23.360172271728516,169104
23.362959146499634,169104
23.365721225738525,169104
23.368478298187256,169104
23.371256828308105,169104
23.37402629852295,169104
23.376792669296265,169104
23.379552841186523,169104
23.382332801818848,169104
23.38510799407959,169104
23.38788366317749,169104
23.390653371810913,169104
23.39342713356018,169104
23.396204233169556,169104
23.398974895477295,169104
23.401755332946777,169104
23.40451741218567,169104
23.407289505004883,169104
23.410059690475464,169104
23.412846326828003,169104
23.415608644485474,169104
23.418371438980103,169104
23.42114520072937,169104
23.423946857452393,169104
23.426749229431152,169104
23.42951250076294,169104
23.432296752929688,169104
23.435067892074585,169104
23.43783211708069,169104
23.44059419631958,169104
23.44337487220764,169104
23.446141481399536,169104
23.448909997940063,169104
23.45168375968933,169104
23.45452380180359,169104
23.457287311553955,169104
23.46005344390869,169104
23.462838411331177,169104
23.4655978679657,169104
23.468361616134644,169104
23.471136331558228,169104
23.473913431167603,169104
23.476670265197754,169104
23.47943663597107,169104
23.482224464416504,169104
23.484997034072876,169104
23.487775087356567,169104
23.490532636642456,169104
23.49330759048462,169104
23.496073484420776,169104
23.498842239379883,169104
23.50161385536194,169104
23.5043728351593,169104
23.50714612007141,169104
23.50991201400757,169104
23.512683868408203,169104
23.51545476913452,169104
23.518221378326416,169104
23.52100658416748,169104
23.5237717628479,169104
23.526523113250732,169104
23.529281616210938,169104
23.532063484191895,169104
23.53482699394226,169104
23.53758978843689,169104
23.54036021232605,169104
23.543152809143066,169104
23.54592514038086,169104
23.548693656921387,169104
23.551469326019287,169104
23.554240465164185,169104
23.557018756866455,169104
23.559789180755615,169104
23.56256341934204,169104
23.5653293132782,169104
23.568103790283203,169104
23.57088828086853,169104
23.573651552200317,169104
23.576411962509155,169104
23.579182624816895,169104
23.58196496963501,169104
23.58472204208374,169104
23.587483406066895,169104
23.59025287628174,169104
23.593026399612427,169104
23.595797061920166,169104
23.59855890274048,169104
23.60133123397827,169104
23.6041042804718,169104
23.606872081756592,169104
23.609631299972534,169104
23.612410306930542,169104
23.615182638168335,169104
23.617947816848755,169104
23.620710611343384,169104
23.623488426208496,169104
23.626259088516235,169104
23.62903141975403,169104
23.631816864013672,169104
23.634581327438354,169104
23.637357234954834,169104
23.64012622833252,169104
23.642905473709106,169104
23.64567232131958,169104
23.648442029953003,169104
23.651220321655273,169104
23.653995513916016,169104
23.656765937805176,169104
23.659521341323853,169104
23.662298440933228,169104
23.665072679519653,169104
23.667844772338867,169104
23.67061185836792,169104
23.673387050628662,169104
23.676156282424927,169104
23.678925037384033,169104
23.681698322296143,169104
23.684464931488037,169104
23.687233209609985,169104
23.69001030921936,169104
23.692790985107422,169104
23.69555163383484,169104
23.698312997817993,169104
23.70108914375305,169104
23.703859567642212,169104
23.70662021636963,169104
23.709385871887207,169104
23.712167501449585,169104
23.71493911743164,169104
23.717703819274902,169104
23.72046446800232,169104
23.72324252128601,169104
23.726004362106323,169104
23.7287757396698,169104
23.73154592514038,169104
23.734309196472168,169104
23.737079858779907,169104
23.739849090576172,169104
23.742620944976807,169104
23.7453875541687,169104
23.74815320968628,169104
23.75093364715576,169104
23.753700971603394,169104
23.75647211074829,169104
23.75924277305603,169104
23.76202154159546,169104
23.764798641204834,169104
23.7675518989563,169104
23.77031970024109,169104
23.77310299873352,169104
23.77587389945984,169104
23.778638124465942,169104
23.78140664100647,169104
23.78417992591858,169104
23.786965131759644,169104
23.789731979370117,169104
23.79250741004944,169104
23.79527187347412,169104
23.79803967475891,169104
23.80082082748413,169104
23.803581714630127,169104
23.806349515914917,169104
23.809117555618286,169104
23.81190061569214,169104
23.814666748046875,169104
23.817435026168823,169104
23.82020664215088,169104
23.822994709014893,169104
23.825761079788208,169104
23.828519821166992,169104
23.831300497055054,169104
23.834070920944214,169104
23.836838483810425,169104
23.839599132537842,169104
23.842379570007324,169104
23.845150470733643,169104
23.84792447090149,169104
23.85068917274475,169104
23.85346746444702,169104
23.856239795684814,169104
23.85901427268982,169104
23.861793518066406,169104
23.864631175994873,169104
23.86740279197693,169104
23.870171308517456,169104
23.872957468032837,169104
23.875723123550415,169104
23.87848687171936,169104
23.88126850128174,169104
23.88404107093811,169104
23.886810779571533,169104
23.889573097229004,169104
23.892354488372803,169104
23.895127058029175,169104
23.897903203964233,169104
23.90066933631897,169104
23.90345025062561,169104
23.90622091293335,169104
23.908992052078247,169104
23.91178035736084,169104
23.91454529762268,169104
23.91730523109436,169104
23.92007827758789,169104
23.922860145568848,169104
23.9256272315979,169104
23.92840600013733,169104
23.931190013885498,169104
23.933961629867554,169104
23.936723470687866,169104
23.9394850730896,169104
23.942270040512085,169104
23.945046424865723,169104
23.947819709777832,169104
23.950578689575195,169104
23.953354358673096,169104
23.956128358840942,169104
23.95889687538147,169104
23.961671352386475,169104
23.96444058418274,169104
23.967212200164795,169104
23.96998119354248,169104
23.972761631011963,169104
23.975526809692383,169104
23.978296518325806,169104
23.981083631515503,169104
23.98385262489319,169104
23.986615657806396,169104
23.989391088485718,169104
23.992164373397827,169104
23.99493908882141,169104
23.9977068901062,169104
24.000473022460938,169104
24.003257989883423,169104
24.006031036376953,169104
24.00879454612732,169104
24.0115647315979,169104
24.014333248138428,169104
24.01710319519043,169104
24.0198814868927,169104
24.022657871246338,169104
24.025424242019653,169104
24.028192281723022,169104
24.030972719192505,169104
24.03374433517456,169104
24.03651213645935,169104
24.039281129837036,169104
24.042062759399414,169104
24.04484510421753,169104
24.047608852386475,169104
24.050375938415527,169104
24.05315589904785,169104
24.05593228340149,169104
24.058701038360596,169104
24.061479806900024,169104
24.064249277114868,169104
24.067017555236816,169104
24.06978988647461,169104
24.07256531715393,169104
24.075334787368774,169104
24.07810401916504,169104
24.080885410308838,169104
24.083654403686523,169104
24.08643674850464,169104
24.089213371276855,169104
24.09200358390808,169104
24.09477710723877,169104
24.097535848617554,169104
24.100309133529663,169104
24.10309886932373,169104
24.10587477684021,169104
24.108644723892212,169104
24.111422061920166,169104
24.114196300506592,169104
24.1169695854187,169104
24.119736671447754,169104
24.122509956359863,169104
24.12528681755066,169104
24.128055572509766,169104
24.13083791732788,169104
24.133605003356934,169104
24.13637113571167,169104
24.139140129089355,169104
24.14192509651184,169104
24.144696474075317,169104
24.147464990615845,169104
24.150233507156372,169104
24.153025150299072,169104
24.15580654144287,169104
24.1585636138916,169104
24.161344051361084,169104
24.164120197296143,169104
24.16689658164978,169104
24.16965651512146,169104
24.172430753707886,169104
24.1751971244812,169104
24.17797327041626,169104
24.180753707885742,169104
24.18351936340332,169104
24.18628430366516,169104
24.189050436019897,169104
24.19182515144348,169104
24.194589614868164,169104
24.197351932525635,169104
24.20012068748474,169104
24.20291018486023,169104
24.20567226409912,169104
24.208452939987183,169104
24.211230993270874,169104
24.214003562927246,169104
24.21677255630493,169104
24.219544649124146,169104
24.222320795059204,169104
24.22508978843689,169104
24.22786784172058,169104
24.230626106262207,169104
24.233402013778687,169104
24.23617959022522,169104
24.238947868347168,169104
24.24172329902649,169104
24.244487762451172,169104
24.24725604057312,169104
24.250025510787964,169104
24.252806186676025,169104
24.255572080612183,169104
24.258338689804077,169104
24.261122703552246,169104
24.263901948928833,169104
24.26665997505188,169104
24.269429445266724,169104
24.272212505340576,169104
24.27498769760132,169104
24.277751922607422,169104
24.280513048171997,169104
24.283300638198853,169104
24.28606939315796,169104
24.288846492767334,169104
24.291621208190918,169104
24.294389486312866,169104
24.297168970108032,169104
24.299941539764404,169104
24.302722930908203,169104
24.305485725402832,169104
24.308253049850464,169104
24.31102681159973,169104
24.31379771232605,169104
24.316555500030518,169104
24.319329977035522,169104
24.32211470603943,169104
24.32488703727722,169104
24.327656745910645,169104
24.330425024032593,169104
24.33320641517639,169104
24.33597707748413,169104
24.338743209838867,169104
24.34151554107666,169104
24.344293355941772,169104
24.34707021713257,169104
24.34984564781189,169104
24.352623462677002,169104
24.35539150238037,169104
24.358160734176636,169104
24.36094379425049,169104
24.36371397972107,169104
24.36648178100586,169104
24.369247674942017,169104
24.37203073501587,169104
24.374804258346558,169104
24.37757134437561,169104
24.38035249710083,169104
24.383139610290527,169104
24.385916233062744,169104
24.388683080673218,169104
24.39145588874817,169104
24.394225358963013,169104
24.396996021270752,169104
24.39976215362549,169104
24.402538537979126,169104
24.40530490875244,169104
24.408073902130127,169104
24.410856246948242,169104
24.413623094558716,169104
24.41638469696045,169104
24.41915535926819,169104
24.421940803527832,169104
24.4247145652771,169104
24.42747974395752,169104
24.430249214172363,169104
24.433033227920532,169104
24.43580937385559,169104
24.438573598861694,169104
24.441349267959595,169104
24.44412350654602,169104
24.4468936920166,169104
24.449663400650024,169104
24.45244598388672,169104
24.455215454101562,169104
24.457987070083618,169104
24.460761785507202,169104
24.46352744102478,169104
24.466296911239624,169104
24.469064235687256,169104
24.471848249435425,169104
24.47461485862732,169104
24.477383375167847,169104
24.480151176452637,169104
24.48293447494507,169104
24.485697984695435,169104
24.48845648765564,169104
24.491235494613647,169104
24.494008779525757,169104
24.496783018112183,169104
24.499549627304077,169104
24.502333641052246,169104
24.50510549545288,169104
24.507883310317993,169104
24.510656595230103,169104
24.513437271118164,169104
24.516199827194214,169104
24.518973350524902,169104
24.521756649017334,169104
24.52452802658081,169104
24.5272958278656,169104
24.530070781707764,169104
24.532854795455933,169104
24.53562593460083,169104
24.538390159606934,169104
24.541171073913574,169104
24.543946504592896,169104
24.546714544296265,169104
24.54948616027832,169104
24.55234432220459,169104
24.55511474609375,169104
24.557894706726074,169104
24.560662984848022,169104
24.563452005386353,169104
24.566227197647095,169104
24.569000720977783,169104
24.57178020477295,169104
24.574538230895996,169104
24.577311515808105,169104
24.58008122444153,169104
24.582865715026855,169104
24.58563208580017,169104
24.588399648666382,169104
24.59118103981018,169104
24.593957662582397,169104
24.59672522544861,169104
24.599482774734497,169104
24.602264404296875,169104
24.605042457580566,169104
24.607812881469727,169104
24.61065936088562,169104
24.61344814300537,169104
24.616220951080322,169104
24.618998050689697,169104
24.621780395507812,169104
24.624550819396973,169104
24.627326011657715,169104
24.630096197128296,169104
24.632882595062256,169104
24.63565158843994,169104
24.638417720794678,169104
24.64119553565979,169104
24.643978118896484,169104
24.646745204925537,169104
24.649506330490112,169104
24.652284860610962,169104
24.65505623817444,169104
24.6578266620636,169104
24.66058659553528,169104
24.66336441040039,169104
24.666133642196655,169104
24.668910264968872,169104
24.671675443649292,169104
24.67445158958435,169104
24.677223920822144,169104
24.680005073547363,169104
24.682787895202637,169104
24.685552835464478,169104
24.688321828842163,169104
24.691097736358643,169104
24.69387173652649,169104
24.69663166999817,169104
24.699393272399902,169104
24.70218062400818,169104
24.704952716827393,169104
24.707723140716553,169104
24.710490226745605,169104
24.71327805519104,169104
24.716050624847412,169104
24.718819618225098,169104
24.721596479415894,169104
24.724372148513794,169104
24.727144479751587,169104
24.7299222946167,169104
24.73270010948181,169104
24.735474109649658,169104
24.738243579864502,169104
24.741019010543823,169104
24.743793725967407,169104
24.746556520462036,169104
24.74932289123535,169104
24.752107858657837,169104
24.754881620407104,169104
24.757649183273315,169104
24.76041889190674,169104
24.763200044631958,169104
24.765979528427124,169104
24.76875138282776,169104
24.771522283554077,169104
24.77429699897766,169104
24.777070999145508,169104
24.779852390289307,169104
24.78262710571289,169104
24.785395622253418,169104
24.78818368911743,169104
24.790969610214233,169104
24.793741703033447,169104
24.796509265899658,169104
24.79927659034729,169104
24.80206036567688,169104
24.804836988449097,169104
24.807604789733887,169104
24.81037211418152,169104
24.813151597976685,169104
24.81592321395874,169104
24.81868863105774,169104
24.821462869644165,169104
24.824236154556274,169104
24.827016353607178,169104
24.829789638519287,169104
24.832561492919922,169104
24.835344552993774,169104
24.83811593055725,169104
24.84090280532837,169104
24.843674421310425,169104
24.846450805664062,169104
24.849217414855957,169104
24.8520028591156,169104
24.854777097702026,169104
24.857542276382446,169104
24.86032271385193,169104
24.863118410110474,169104
24.865893363952637,169104
24.868659257888794,169104
24.87143635749817,169104
24.874208450317383,169104
24.87697696685791,169104
24.879748344421387,169104
24.882521867752075,169104
24.885297298431396,169104
24.888062238693237,169104
24.890849113464355,169104
24.89361882209778,169104
24.896386861801147,169104
24.899158000946045,169104
24.901949644088745,169104
24.90471839904785,169104
24.90748906135559,169104
24.91025996208191,169104
24.913046836853027,169104
24.915818691253662,169104
24.91857886314392,169104
24.921358585357666,169104
24.92413878440857,169104
24.92691397666931,169104
24.929767370224,169104
24.93252968788147,169104
24.935302257537842,169104
24.938068866729736,169104
24.940847158432007,169104
24.94361710548401,169104
24.94638752937317,169104
24.949156284332275,169104
24.951942443847656,169104
24.95471477508545,169104
24.957468509674072,169104
24.96023678779602,169104
24.963016986846924,169104
24.96578884124756,169104
24.968538761138916,169104
24.971323013305664,169104
24.97409415245056,169104
24.97686791419983,169104
24.979637145996094,169104
24.982410669326782,169104
24.985188484191895,169104
24.987969636917114,169104
24.99074387550354,169104
24.99351191520691,169104
24.996285438537598,169104
24.99905562400818,169104
25.001844882965088,169104
25.00461745262146,169104
25.007399320602417,169104
25.01017475128174,169104
25.012959957122803,169104
25.015724182128906,169104
25.018488883972168,169104
25.021265745162964,169104
25.024044275283813,169104
25.026818990707397,169104
25.029582977294922,169104
25.03236174583435,169104
25.035138845443726,169104
25.037919759750366,169104
25.040683031082153,169104
25.04346776008606,169104
25.0462384223938,169104
25.04900598526001,169104
25.051794052124023,169104
25.05456042289734,169104
25.05732488632202,169104
25.06009602546692,169104
25.0628924369812,169104
25.065661907196045,169104
25.068429470062256,169104
25.071207523345947,169104
25.0739848613739,169104
25.076762199401855,169104
25.07952094078064,169104
25.08230209350586,169104
25.085079431533813,169104
25.08785367012024,169104
25.09061574935913,169104
25.09340262413025,169104
25.096176385879517,169104
25.098948001861572,169104
25.10173201560974,169104
25.10450291633606,169104
25.10727596282959,169104
25.110048532485962,169104
25.112836122512817,169104
25.11559748649597,169104
25.118366718292236,169104
25.121143341064453,169104
25.123915672302246,169104
25.126686811447144,169104
25.129465579986572,169104
25.13224744796753,169104
25.13502335548401,169104
25.1378014087677,169104
25.140560150146484,169104
25.143343687057495,169104
25.14612340927124,169104
25.148892879486084,169104
25.15167498588562,169104
25.154448986053467,169104
25.157222032546997,169104
25.15999436378479,169104
25.162781476974487,169104
25.165539026260376,169104
25.168318033218384,169104
25.171102046966553,169104
25.173872709274292,169104
25.176631212234497,169104
25.1794011592865,169104
25.182177782058716,169104
25.1849582195282,169104
25.187724828720093,169104
25.190499305725098,169104
25.193278789520264,169104
25.196048259735107,169104
25.1988205909729,169104
25.201591730117798,169104
25.204362392425537,169104
25.20713210105896,169104
25.20989990234375,169104
25.21268129348755,169104
25.21545720100403,169104
25.218234300613403,169104
25.22101640701294,169104
25.223793983459473,169104
25.226555824279785,169104
25.22932243347168,169104
25.23210120201111,169104
25.234874725341797,169104
25.23764181137085,169104
25.240403652191162,169104
25.243181467056274,169104
25.245957136154175,169104
25.248719215393066,169104
25.251490831375122,169104
25.25425887107849,169104
25.257021188735962,169104
25.25979471206665,169104
25.26256823539734,169104
25.265339851379395,169104
25.268105506896973,169104
25.27088451385498,169104
25.273648977279663,169104
25.276418209075928,169104
25.27918791770935,169104
25.28197407722473,169104
25.28474760055542,169104
25.287513256072998,169104
25.290278434753418,169104
25.29306960105896,169104
25.295847177505493,169104
25.298616647720337,169104
25.301400184631348,169104
25.30537700653076,169104
25.310290813446045,169104
25.315372467041016,169104
25.320340394973755,169104
25.325265169143677,169104
25.33039379119873,169104
25.335319995880127,169104
25.34054684638977,169104
25.345547437667847,169104
25.350889921188354,169104
25.355926513671875,169104
25.361231803894043,169104
25.366365909576416,169104
25.371684551239014,169104
25.37679123878479,169104
25.382127285003662,169104
25.38721799850464,169104
25.392529726028442,169104
25.397573947906494,169104
25.40290641784668,169104
25.407814979553223,169104
25.413108587265015,169104
25.417882919311523,169104
25.423033714294434,169104
25.427841901779175,169104
25.43297553062439,169104
25.437907695770264,169104
25.44295597076416,169104
25.447953462600708,169104
25.452879428863525,169104
25.458066940307617,169104
25.46299719810486,169104
25.468217611312866,169104
25.473234176635742,169104
25.47855496406555,169104
25.48362946510315,169104
25.488935470581055,169104
25.494067907333374,169104
25.499364852905273,169104
25.504465103149414,169104
25.50977849960327,169104
25.51487684249878,169104
25.52018642425537,169104
25.52520251274109,169104
25.5305335521698,169104
25.53541326522827,169104
25.540598392486572,169104
25.54534339904785,169104
25.550467252731323,169104
25.555304527282715,169104
25.560394763946533,169104
25.565375566482544,169104
25.570332288742065,169104
25.575363159179688,169104
25.580267906188965,169104
25.585474252700806,169104
25.590405225753784,169104
25.595703601837158,169104
25.600724935531616,169104
25.606058835983276,169104
25.61117434501648,169104
25.61647629737854,169104
25.621587991714478,169104
25.626896142959595,169104
25.63200569152832,169104
25.637317180633545,169104
25.642402172088623,169104
25.647363662719727,169104
25.652337789535522,169104
25.65745782852173,169104
25.662384271621704,169104
25.667603015899658,169104
25.672597408294678,169104
25.677927255630493,169104
25.68301749229431,169104
25.68835997581482,169104
25.69350552558899,169104
25.69883108139038,169104
25.703972816467285,169104
25.70928382873535,169104
25.71441388130188,169104
25.719699382781982,169104
25.72484254837036,169104
25.730156421661377,169104
25.73518943786621,169104
25.740524530410767,169104
25.74543809890747,169104
25.75068974494934,169104
25.75546908378601,169104
25.760586500167847,169104
25.765446662902832,169104
25.769296884536743,169104
25.7721164226532,169104
25.77490210533142,169104
25.777676820755005,169104
25.78046202659607,169104
25.78325390815735,169104
25.786027669906616,169104
25.788813591003418,169104
25.791590213775635,169104
25.794358015060425,169104
25.797133684158325,169104
25.799914121627808,169104
25.80269956588745,169104
25.805474281311035,169104
25.8082492351532,169104
25.811036825180054,169104
25.81381344795227,169104
25.816574573516846,169104
25.81934952735901,169104
25.822136878967285,169104
25.82491660118103,169104
25.827690601348877,169104
25.83046579360962,169104
25.833261966705322,169104
25.836034774780273,169104
25.838810443878174,169104
25.841590404510498,169104
25.844361543655396,169104
25.847142696380615,169104
25.84992241859436,169104
25.852699756622314,169104
25.855467081069946,169104
25.85823678970337,169104
25.861019372940063,169104
25.86379837989807,169104
25.866569995880127,169104
25.869343519210815,169104
25.87212634086609,169104
25.874899864196777,169104
25.87766981124878,169104
25.880438804626465,169104
25.883225440979004,169104
25.885996341705322,169104
25.88876700401306,169104
25.891538858413696,169104
25.894307851791382,169104
25.897080659866333,169104
25.89985227584839,169104
25.902629613876343,169104
25.9053955078125,169104
25.90816640853882,169104
25.91095542907715,169104
25.91373109817505,169104
25.916492462158203,169104
25.91926407814026,169104
25.922048807144165,169104
25.924827575683594,169104
25.927588939666748,169104
25.93036150932312,169104
25.93315577507019,169104
25.93593168258667,169104
25.938703775405884,169104
25.94148588180542,169104
25.944257974624634,169104
25.947035789489746,169104
25.94980764389038,169104
25.952579975128174,169104
25.955354690551758,169104
25.95813274383545,169104
25.960909366607666,169104
25.963679313659668,169104
25.9664409160614,169104
25.96920919418335,169104
25.971985340118408,169104
25.974760055541992,169104
25.977519512176514,169104
25.980300664901733,169104
25.983086109161377,169104
25.985859870910645,169104
25.98863196372986,169104
25.99141836166382,169104
25.99419355392456,169104
25.99697470664978,169104
25.999756574630737,169104
26.002528429031372,169104
26.005305290222168,169104
26.00808095932007,169104
26.010865449905396,169104
26.013632774353027,169104
26.01643443107605,169104
26.019223928451538,169104
26.02200722694397,169104
26.024791955947876,169104
26.027558088302612,169104
26.030332565307617,169104
26.033124923706055,169104
26.035895824432373,169104
26.03865933418274,169104
26.041445016860962,169104
26.04421854019165,169104
26.04700255393982,169104
26.049781799316406,169104
26.052557229995728,169104
26.055325269699097,169104
26.05810856819153,169104
26.06089448928833,169104
26.063672304153442,169104
26.066444635391235,169104
26.069218158721924,169104
26.072007417678833,169104
26.074785232543945,169104
26.077540397644043,169104
26.08031725883484,169104
26.08310079574585,169104
26.0858736038208,169104
26.088634967803955,169104
26.091411590576172,169104
26.094175815582275,169104
26.096949815750122,169104
26.099716186523438,169104
26.10249090194702,169104
26.105263710021973,169104
26.108044385910034,169104
26.11083173751831,169104
26.11360192298889,169104
26.116374731063843,169104
26.119142532348633,169104
26.121920347213745,169104
26.124685764312744,169104
26.127458333969116,169104
26.130239248275757,169104
26.133025884628296,169104
26.135798454284668,169104
26.13855743408203,169104
26.14133358001709,169104
26.144103527069092,169104
26.146873235702515,169104
26.149638891220093,169104
26.152411937713623,169104
26.155183792114258,169104
26.15796208381653,169104
26.16074299812317,169104
26.163515329360962,169104
26.168713331222534,169104
26.172802448272705,169104
26.17557978630066,169104
26.17836308479309,169104
26.181145668029785,169104
26.185750007629395,169104
26.191086769104004,169104
26.19619917869568,169104
26.201548099517822,169104
26.206754207611084,169104
26.212085962295532,169104
26.217095613479614,169104
26.22245192527771,169104
26.227344274520874,169104
26.23256492614746,169104
26.23732328414917,169104
26.24246335029602,169104
26.247329235076904,169104
26.252432823181152,169104
26.257391691207886,169104
26.262362003326416,169104
26.267473220825195,169104
26.272374153137207,169104
26.277579069137573,169104
26.2825710773468,169104
26.287874460220337,169104
26.292948484420776,169104
26.2981915473938,169104
26.303354740142822,169104
26.308660984039307,169104
26.31380796432495,169104
26.31913924217224,169104
26.32427668571472,169104
26.32958173751831,169104
26.334677934646606,169104
26.340007305145264,169104
26.344960927963257,169104
26.35026478767395,169104
26.35509753227234,169104
26.360251903533936,169104
26.365087032318115,169104
26.370185613632202,169104
26.375126361846924,169104
26.380187511444092,169104
26.385186910629272,169104
26.39012837409973,169104
26.39527726173401,169104
26.400201559066772,169104
26.40542984008789,169104
26.4104323387146,169104
26.415746927261353,169104
26.42082166671753,169104
26.42609977722168,169104
26.431262254714966,169104
26.436532020568848,169104
26.44167995452881,169104
26.44700598716736,169104
26.452152013778687,169104
26.457462549209595,169104
26.46259093284607,169104
26.467912912368774,169104
26.47291588783264,169104
26.478260278701782,169104
26.483166933059692,169104
26.48841619491577,169104
26.49319052696228,169104
26.49832248687744,169104
26.50317907333374,169104
26.508305549621582,169104
26.513299226760864,169104
26.518298864364624,169104
26.523354291915894,169104
26.528275966644287,169104
26.533421516418457,169104
26.53837013244629,169104
26.54365634918213,169104
26.548694610595703,169104
26.55405044555664,169104
26.55919051170349,169104
26.5645010471344,169104
26.5696439743042,169104
26.574944257736206,169104
26.580079317092896,169104
26.585400104522705,169104
26.590521097183228,169104
26.59584665298462,169104
26.60087275505066,169104
26.606203079223633,169104
26.611114025115967,169104
26.61638617515564,169104
26.621185541152954,169104
26.626331567764282,169104
26.631183624267578,169104
26.636327981948853,169104
26.64128804206848,169104
26.646321535110474,169104
26.651365041732788,169104
26.656256198883057,169104
26.661426544189453,169104
26.666362524032593,169104
26.671621799468994,169104
26.67663884162903,169104
26.68198537826538,169104
26.68707537651062,169104
26.692394733428955,169104
26.69754409790039,169104
26.70279097557068,169104
26.707921981811523,169104
26.71322798728943,169104
26.718369483947754,169104
26.72370409965515,169104
26.72880530357361,169104
26.73414134979248,169104
26.739134073257446,169104
26.74446749687195,169104
26.749324321746826,169104
26.75448489189148,169104
26.759283781051636,169104
26.764427661895752,169104
26.769311666488647,169104
26.774379014968872,169104
26.779353857040405,169104
26.784305810928345,169104
26.789424419403076,169104
26.794318675994873,169104
26.79953622817993,169104
26.804523944854736,169104
26.80984592437744,169104
26.81490707397461,169104
26.820216178894043,169104
26.825369596481323,169104
26.830669164657593,169104
26.835812091827393,169104
26.841090440750122,169104
26.84622573852539,169104
26.851537942886353,169104
26.856633186340332,169104
26.861979961395264,169104
26.866976976394653,169104
26.872299671173096,169104
26.877206087112427,169104
26.882482528686523,169104
26.887245655059814,169104
26.892386198043823,169104
26.897228479385376,169104
26.90232753753662,169104
26.907278060913086,169104
26.912254333496094,169104
26.917327404022217,169104
26.922229290008545,169104
26.927429914474487,169104
26.932405948638916,169104
26.937693119049072,169104
26.942752838134766,169104
26.948076725006104,169104
26.95323610305786,169104
26.958520889282227,169104
26.963661909103394,169104
26.968909740447998,169104
26.97403335571289,169104
26.979353666305542,169104
26.984474420547485,169104
26.98981022834778,169104
26.994847774505615,169104
27.000189065933228,169104
27.005101919174194,169104
27.01039958000183,169104
27.01518487930298,169104
27.020328998565674,169104
27.025185585021973,169104
27.030306100845337,169104
27.03528118133545,169104
27.040305137634277,169104
27.04533338546753,169104
27.050236463546753,169104
27.05541205406189,169104
27.060351133346558,169104
27.06563639640808,169104
27.07066512107849,169104
27.0760338306427,169104
27.0811448097229,169104
27.08641219139099,169104
27.091580629348755,169104
27.096896648406982,169104
27.10205388069153,169104
27.10735583305359,169104
27.11247992515564,169104
27.117801427841187,169104
27.122880697250366,169104
27.12821865081787,169104
27.133161306381226,169104
27.138457775115967,169104
27.143285751342773,169104
27.148406982421875,169104
27.153241872787476,169104
27.15837836265564,169104
27.163312673568726,169104
27.1683669090271,169104
27.17337441444397,169104
27.178311347961426,169104
27.183451652526855,169104
27.188372373580933,169104
27.193607330322266,169104
27.198644399642944,169104
27.204006910324097,169104
27.209108591079712,169104
27.21439266204834,169104
27.21952986717224,169104
27.224825859069824,169104
27.2299702167511,169104
27.23531985282898,169104
27.24043369293213,169104
27.245736122131348,169104
27.250797986984253,169104
27.256136655807495,169104
27.261064052581787,169104
27.26636576652527,169104
27.271193265914917,169104
27.276370763778687,169104
27.281205654144287,169104
27.286370992660522,169104
27.29131245613098,169104
27.294708251953125,169104
27.297502517700195,169104
27.30028486251831,169104
27.30310297012329,169104
27.30588722229004,169104
27.308651447296143,169104
27.31143069267273,169104
27.31419324874878,169104
27.316962480545044,169104
27.319735765457153,169104
27.322505235671997,169104
27.325278759002686,169104
27.32805371284485,169104
27.33083748817444,169104
27.333606481552124,169104
27.336378574371338,169104
27.33914828300476,169104
27.34193444252014,169104
27.34469485282898,169104
27.34746789932251,169104
27.350237131118774,169104
27.35302734375,169104
27.355793952941895,169104
27.358555793762207,169104
27.361334085464478,169104
27.36410641670227,169104
27.366875648498535,169104
27.369642734527588,169104
27.372413873672485,169104
27.375182390213013,169104
27.377957582473755,169104
27.380719900131226,169104
27.383507013320923,169104
27.3862783908844,169104
27.389054775238037,169104
27.391839027404785,169104
27.394606351852417,169104
27.39737606048584,169104
27.400150060653687,169104
27.402940273284912,169104
27.405702829360962,169104
27.408488988876343,169104
27.411268711090088,169104
27.41404366493225,169104
27.416822910308838,169104
27.419589281082153,169104
27.422361850738525,169104
27.425128936767578,169104
27.427903652191162,169104
27.43067193031311,169104
27.433452367782593,169104
27.43622660636902,169104
27.438993453979492,169104
27.441774368286133,169104
27.44455575942993,169104
27.44732117652893,169104
27.450096368789673,169104
27.452882766723633,169104
27.455647230148315,169104
27.458414793014526,169104
27.461195707321167,169104
27.463967084884644,169104
27.466747283935547,169104
27.469507455825806,169104
27.472285747528076,169104
27.475061893463135,169104
27.477840900421143,169104
27.480607986450195,169104
27.483384132385254,169104
27.486161708831787,169104
27.488940715789795,169104
27.491718292236328,169104
27.494493007659912,169104
27.497267484664917,169104
27.500048398971558,169104
27.502836227416992,169104
27.5055992603302,169104
27.508363962173462,169104
27.511143684387207,169104
27.513916730880737,169104
27.516679763793945,169104
27.519447565078735,169104
27.522234201431274,169104
27.525017976760864,169104
27.52779793739319,169104
27.53055763244629,169104
27.533336877822876,169104
27.536115646362305,169104
27.538882732391357,169104
27.54166340827942,169104
27.544437170028687,169104
27.547205448150635,169104
27.549978017807007,169104
27.552762269973755,169104
27.55552363395691,169104
27.55829358100891,169104
27.561083555221558,169104
27.56385612487793,169104
27.566622018814087,169104
27.56938862800598,169104
27.572171211242676,169104
27.574949979782104,169104
27.577733278274536,169104
27.580496311187744,169104
27.58327031135559,169104
27.586042165756226,169104
27.58881139755249,169104
27.591583490371704,169104
27.59435248374939,169104
27.59713101387024,169104
27.59990167617798,169104
27.602681159973145,169104
27.605448961257935,169104
27.60822105407715,169104
27.6110098361969,169104
27.613778591156006,169104
27.61655044555664,169104
27.61932373046875,169104
27.62210750579834,169104
27.624878644943237,169104
27.62764263153076,169104
27.630409002304077,169104
27.6331889629364,169104
27.63597321510315,169104
27.638746976852417,169104
27.64152216911316,169104
27.644315481185913,169104
27.647086143493652,169104
27.649861574172974,169104
27.652644157409668,169104
27.655410289764404,169104
27.658188819885254,169104
27.660972118377686,169104
27.66375184059143,169104
27.666513204574585,169104
27.66929030418396,169104
27.672070264816284,169104
27.67484450340271,169104
27.67761206626892,169104
27.680370330810547,169104
27.683154582977295,169104
27.68592596054077,169104
27.688694715499878,169104
27.69146966934204,169104
27.694232940673828,169104
27.6969997882843,169104
27.699769258499146,169104
27.702547550201416,169104
27.705316305160522,169104
27.708093881607056,169104
27.710877895355225,169104
27.713643789291382,169104
27.71641707420349,169104
27.719188928604126,169104
27.721975088119507,169104
27.724750518798828,169104
27.727514028549194,169104
27.730297088623047,169104
27.73307991027832,169104
27.735860586166382,169104
27.738627672195435,169104
27.741414070129395,169104
27.744195222854614,169104
27.746975898742676,169104
27.749748468399048,169104
27.752531051635742,169104
27.755301475524902,169104
27.758079528808594,169104
27.76085925102234,169104
27.76362419128418,169104
27.766385555267334,169104
27.769159078598022,169104
27.771939992904663,169104
27.774703979492188,169104
27.777477741241455,169104
27.78024911880493,169104
27.783040285110474,169104
27.78581404685974,169104
27.788573026657104,169104
27.791354656219482,169104
27.794156074523926,169104
27.797025680541992,169104
27.799803495407104,169104
27.80257487297058,169104
27.80534029006958,169104
27.808115482330322,169104
27.810895204544067,169104
27.81365942955017,169104
27.816428184509277,169104
27.819198608398438,169104
27.821975708007812,169104
27.824755907058716,169104
27.82751154899597,169104
27.830283164978027,169104
27.83306884765625,169104
27.835848331451416,169104
27.838616609573364,169104
27.841397285461426,169104
27.844175338745117,169104
27.846957445144653,169104
27.849732875823975,169104
27.852510929107666,169104
27.8552827835083,169104
27.85805892944336,169104
27.860841989517212,169104
27.86360478401184,169104
27.866368293762207,169104
27.869146823883057,169104
27.8719265460968,169104
27.874693393707275,169104
27.877463579177856,169104
27.88023281097412,169104
27.88302731513977,169104
27.885799884796143,169104
27.888558387756348,169104
27.89134407043457,169104
27.89412021636963,169104
27.896896362304688,169104
27.899658918380737,169104
27.90243625640869,169104
27.905213832855225,169104
27.90800404548645,169104
27.91079068183899,169104
27.91356086730957,169104
27.91634178161621,169104
27.91912341117859,169104
27.921911478042603,169104
27.924678087234497,169104
27.92744541168213,169104
27.93022060394287,169104
27.933003664016724,169104
27.935776710510254,169104
27.938533544540405,169104
27.941316604614258,169104
27.944100856781006,169104
27.94688057899475,169104
27.949646949768066,169104
27.95242476463318,169104
27.95519757270813,169104
27.957971572875977,169104
27.960758209228516,169104
27.96353030204773,169104
27.966307163238525,169104
27.96907663345337,169104
27.971854209899902,169104
27.97462511062622,169104
27.977402687072754,169104
27.980180025100708,169104
27.98297905921936,169104
27.985762119293213,169104
27.988531589508057,169104
27.991319179534912,169104
27.99409031867981,169104
27.996864795684814,169104
27.999629735946655,169104
28.002403259277344,169104
28.005171298980713,169104
28.007957935333252,169104
28.010722398757935,169104
28.013497352600098,169104
28.016268730163574,169104
28.019044637680054,169104
28.021821975708008,169104
28.024584531784058,169104
28.027363538742065,169104
28.030137300491333,169104
28.03291392326355,169104
28.035675048828125,169104
28.038437366485596,169104
28.04121708869934,169104
28.0439932346344,169104
28.0467586517334,169104
28.04951810836792,169104
28.052303314208984,169104
28.05507469177246,169104
28.057846069335938,169104
28.060608625411987,169104
28.063386917114258,169104
28.066164016723633,169104
28.068949699401855,169104
28.071722745895386,169104
28.074491262435913,169104
28.07726240158081,169104
28.08003282546997,169104
28.082823038101196,169104
28.08559513092041,169104
28.08837056159973,169104
28.09116244316101,169104
28.093943119049072,169104
28.096712112426758,169104
28.09948420524597,169104
28.102275133132935,169104
28.10504937171936,169104
28.107827186584473,169104
28.11059308052063,169104
28.113378763198853,169104
28.11615300178528,169104
28.11893105506897,169104
28.12172508239746,169104
28.124492168426514,169104
28.127264976501465,169104
28.130040168762207,169104
28.132829189300537,169104
28.135610580444336,169104
28.138376474380493,169104
28.14115619659424,169104
28.143934726715088,169104
28.146701097488403,169104
28.14946484565735,169104
28.152247667312622,169104
28.155030012130737,169104
28.15781021118164,169104
28.160564661026,169104
28.163342714309692,169104
28.166121006011963,169104
28.168898582458496,169104
28.171666622161865,169104
28.174433708190918,169104
28.17720866203308,169104
28.179974794387817,169104
28.182748317718506,169104
28.185510635375977,169104
28.18828010559082,169104
28.191062450408936,169104
28.193840503692627,169104
28.196611881256104,169104
28.199376106262207,169104
28.202165365219116,169104
28.204942226409912,169104
28.20770835876465,169104
28.210480451583862,169104
28.21327567100525,169104
28.2160747051239,169104
28.21886444091797,169104
28.221652507781982,169104
28.22442889213562,169104
28.227201461791992,169104
28.2299702167511,169104
28.232757329940796,169104
28.235514163970947,169104
28.238282442092896,169104
28.241072416305542,169104
28.24385142326355,169104
28.24661922454834,169104
28.2493839263916,169104
28.252174854278564,169104
28.254944324493408,169104
28.257713079452515,169104
28.260477781295776,169104
28.263278484344482,169104
28.266055822372437,169104
28.268828630447388,169104
28.272231101989746,169104
28.2750506401062,169104
28.27787470817566,169104
28.280657529830933,169104
28.28347635269165,169104
28.2862811088562,169104
28.289055109024048,169104
28.291857957839966,169104
28.294711589813232,169104
28.297489404678345,169104
28.30026650428772,169104
28.303064823150635,169104
28.30584168434143,169104
28.30860471725464,169104
28.3113853931427,169104
28.31415629386902,169104
28.316932678222656,169104
28.319700717926025,169104
28.322479009628296,169104
28.325247764587402,169104
28.32802724838257,169104
28.330812215805054,169104
28.33357572555542,169104
28.336344957351685,169104
28.339115142822266,169104
28.341906547546387,169104
28.34467577934265,169104
28.34744882583618,169104
28.35022282600403,169104
28.35301375389099,169104
28.355796813964844,169104
28.358569145202637,169104
28.361353874206543,169104
28.364128351211548,169104
28.366905689239502,169104
28.36968231201172,169104
28.372456789016724,169104
28.375235080718994,169104
28.378005743026733,169104
28.380794525146484,169104
28.38355851173401,169104
28.386329174041748,169104
28.3890962600708,169104
28.391882181167603,169104
28.3946475982666,169104
28.39742398262024,169104
28.400201559066772,169104
28.402992725372314,169104
28.405771732330322,169104
28.408538103103638,169104
28.41132926940918,169104
28.414105892181396,169104
28.416887044906616,169104
28.419658422470093,169104
28.4224374294281,169104
28.425215482711792,169104
28.42799186706543,169104
28.43077850341797,169104
28.433539628982544,169104
28.436316967010498,169104
28.439090490341187,169104
28.44188141822815,169104
28.444663047790527,169104
28.447434902191162,169104
28.450207233428955,169104
28.452996253967285,169104
28.45577049255371,169104
28.45853614807129,169104
28.461317539215088,169104
28.464098930358887,169104
28.466872930526733,169104
28.469650983810425,169104
28.472427129745483,169104
28.475203275680542,169104
28.4779794216156,169104
28.480754613876343,169104
28.483522176742554,169104
28.486297130584717,169104
28.48906707763672,169104
28.49185085296631,169104
28.494624853134155,169104
28.49739122390747,169104
28.500165462493896,169104
28.502952337265015,169104
28.50571584701538,169104
28.508488178253174,169104
28.51126980781555,169104
28.514038562774658,169104
28.516804933547974,169104
28.519577264785767,169104
28.52235722541809,169104
28.525136947631836,169104
28.527912616729736,169104
28.530678272247314,169104
28.533457040786743,169104
28.536235809326172,169104
28.53900408744812,169104
28.541786432266235,169104
28.544559240341187,169104
28.547328233718872,169104
28.55010175704956,169104
28.552892208099365,169104
28.55565881729126,169104
28.558425903320312,169104
28.56120491027832,169104
28.563973665237427,169104
28.566743850708008,169104
28.569509983062744,169104
28.572290658950806,169104
28.57506537437439,169104
28.577834367752075,169104
28.580596685409546,169104
28.58336901664734,169104
28.586143255233765,169104
28.588916778564453,169104
28.591694355010986,169104
28.594457626342773,169104
28.59722328186035,169104
28.600009202957153,169104
28.602797746658325,169104
28.605560779571533,169104
28.608335256576538,169104
28.61112666130066,169104
28.613900661468506,169104
28.616666316986084,169104
28.619436740875244,169104
28.622222900390625,169104
28.624991416931152,169104
28.62777066230774,169104
28.63053584098816,169104
28.63331413269043,169104
28.636094331741333,169104
28.63886260986328,169104
28.641636848449707,169104
28.644412517547607,169104
28.647212982177734,169104
28.64999556541443,169104
28.652787446975708,169104
28.655550956726074,169104
28.658327102661133,169104
28.661113739013672,169104
28.66389513015747,169104
28.666662216186523,169104
28.669432401657104,169104
28.672214031219482,169104
28.674997091293335,169104
28.677784204483032,169104
28.680546283721924,169104
28.68333387374878,169104
28.686113834381104,169104
28.68889093399048,169104
28.691670894622803,169104
28.694453239440918,169104
28.69723653793335,169104
28.700019598007202,169104
28.70281720161438,169104
28.7055766582489,169104
28.708353281021118,169104
28.71114206314087,169104
28.713922262191772,169104
28.716689825057983,169104
28.719463109970093,169104
28.72224712371826,169104
28.725033044815063,169104
28.727811336517334,169104
28.730592012405396,169104
28.733381748199463,169104
28.73616075515747,169104
28.73893427848816,169104
28.741743803024292,169104
28.744529485702515,169104
28.74731707572937,169104
28.750109434127808,169104
28.753049850463867,169104
28.758025646209717,169104
28.76294183731079,169104
28.76808476448059,169104
28.773022651672363,169104
28.77823781967163,169104
28.78323984146118,169104
28.788504123687744,169104
28.793561935424805,169104
28.79887580871582,169104
28.80401039123535,169104
28.809314727783203,169104
28.814424991607666,169104
28.81970500946045,169104
28.824813842773438,169104
28.83009672164917,169104
28.835120916366577,169104
28.84043860435486,169104
28.845316171646118,169104
28.850570917129517,169104
28.855306386947632,169104
28.860406160354614,169104
28.865256309509277,169104
28.87037754058838,169104
28.875459909439087,169104
28.880467891693115,169104
28.885475873947144,169104
28.890369176864624,169104
28.8955659866333,169104
28.9005069732666,169104
28.90579891204834,169104
28.91082787513733,169104
28.916151762008667,169104
28.92125940322876,169104
28.926572561264038,169104
28.93170404434204,169104
28.937024354934692,169104
28.942140817642212,169104
28.947473287582397,169104
28.95257568359375,169104
28.95788049697876,169104
28.962915897369385,169104
28.968226671218872,169104
28.973121643066406,169104
28.978399753570557,169104
28.98317813873291,169104
28.988306283950806,169104
28.993128538131714,169104
28.998271942138672,169104
29.00323224067688,169104
29.00828218460083,169104
29.013297080993652,169104
29.01819634437561,169104
29.023366451263428,169104
29.028309106826782,169104
29.03355383872986,169104
29.038572549819946,169104
29.043915033340454,169104
29.048991918563843,169104
29.054285049438477,169104
29.059419631958008,169104
29.064686059951782,169104
29.069799184799194,169104
29.075117588043213,169104
29.080212116241455,169104
29.08547329902649,169104
29.0904757976532,169104
29.095839977264404,169104
29.10069704055786,169104
29.105942010879517,169104
29.110665559768677,169104
29.115800857543945,169104
29.120643615722656,169104
29.125770092010498,169104
29.13071918487549,169104
29.13571834564209,169104
29.140822172164917,169104
29.14571213722229,169104
29.150932788848877,169104
29.155888557434082,169104
29.16118097305298,169104
29.16623854637146,169104
29.171600580215454,169104
29.176669597625732,169104
29.181992530822754,169104
29.18709444999695,169104
29.192364931106567,169104
29.19745373725891,169104
29.20275855064392,169104
29.207844257354736,169104
29.213157653808594,169104
29.21813178062439,169104
29.223482131958008,169104
29.22834086418152,169104
29.233588933944702,169104
29.238340616226196,169104
29.24347734451294,169104
29.248307704925537,169104
29.253440141677856,169104
29.258389949798584,169104
29.2634015083313,169104
29.268410205841064,169104
29.273327350616455,169104
29.278510093688965,169104
29.283436059951782,169104
29.288700103759766,169104
29.29373812675476,169104
29.296963691711426,169104
29.29975414276123,169104
29.302527904510498,169104
29.305313110351562,169104
29.308096647262573,169104
29.31088161468506,169104
29.31364607810974,169104
29.316426038742065,169104
29.31919836997986,169104
29.321983098983765,169104
29.32475471496582,169104
29.327513456344604,169104
29.330286502838135,169104
29.333078861236572,169104
29.335854291915894,169104
29.338619470596313,169104
29.34139847755432,169104
29.34417486190796,169104
29.346953630447388,169104
29.349732160568237,169104
29.352505445480347,169104
29.355286359786987,169104
29.358065366744995,169104
29.36084008216858,169104
29.363604307174683,169104
29.3663809299469,169104
29.369150161743164,169104
29.371934413909912,169104
29.374704122543335,169104
29.377476692199707,169104
29.380250930786133,169104
29.383041381835938,169104
29.385819911956787,169104
29.388588666915894,169104
29.391367197036743,169104
29.394139528274536,169104
29.396909952163696,169104
29.39968514442444,169104
29.402469396591187,169104
29.405250310897827,169104
29.408022165298462,169104
29.410808086395264,169104
29.413580894470215,169104
29.416361570358276,169104
29.419132947921753,169104
29.421908855438232,169104
29.424676656723022,169104
29.427449703216553,169104
29.43022918701172,169104
29.4330153465271,169104
29.43579649925232,169104
29.438560724258423,169104
29.44134211540222,169104
29.444120407104492,169104
29.44690227508545,169104
29.449676036834717,169104
29.45246195793152,169104
29.455237865447998,169104
29.45801591873169,169104
29.46081852912903,169104
29.46358323097229,169104
29.466355800628662,169104
29.46913170814514,169104
29.471916675567627,169104
29.47468137741089,169104
29.477452278137207,169104
29.48022699356079,169104
29.483015537261963,169104
29.485799312591553,169104
29.48855972290039,169104
29.491339921951294,169104
29.494115829467773,169104
29.49688458442688,169104
29.499655961990356,169104
29.502439737319946,169104
29.505213499069214,169104
29.50798535346985,169104
29.510764598846436,169104
29.51353120803833,169104
29.516305923461914,169104
29.51907706260681,169104
29.521859645843506,169104
29.5246262550354,169104
29.527400016784668,169104
29.530176401138306,169104
29.53296709060669,169104
29.535736322402954,169104
29.538495302200317,169104
29.54128646850586,169104
29.54405975341797,169104
29.546846389770508,169104
29.54961395263672,169104
29.552399396896362,169104
29.555176258087158,169104
29.557950735092163,169104
29.56071925163269,169104
29.5634982585907,169104
29.566272974014282,169104
29.569047689437866,169104
29.57183599472046,169104
29.57459855079651,169104
29.5773663520813,169104
29.580140590667725,169104
29.582931756973267,169104
29.58569598197937,169104
29.588467836380005,169104
29.591240644454956,169104
29.5940203666687,169104
29.59678888320923,169104
29.599557161331177,169104
29.602344512939453,169104
29.605118989944458,169104
29.607897520065308,169104
29.6106698513031,169104
29.613447427749634,169104
29.616230487823486,169104
29.619006633758545,169104
29.621791124343872,169104
29.624557733535767,169104
29.627329111099243,169104
29.63010549545288,169104
29.63289475440979,169104
29.63566565513611,169104
29.638432502746582,169104
29.64121437072754,169104
29.6439847946167,169104
29.646774291992188,169104
29.649537801742554,169104
29.652318954467773,169104
29.655104398727417,169104
29.65787625312805,169104
29.660647869110107,169104
29.663426876068115,169104
29.66620945930481,169104
29.668983221054077,169104
29.671767711639404,169104
29.674537420272827,169104
29.677310705184937,169104
29.680081844329834,169104
29.682873249053955,169104
29.68563985824585,169104
29.68841290473938,169104
29.69119358062744,169104
29.693973064422607,169104
29.69675636291504,169104
29.69952082633972,169104
29.70230197906494,169104
29.705079317092896,169104
29.70785689353943,169104
29.710626125335693,169104
29.713406085968018,169104
29.716190576553345,169104
29.718970775604248,169104
29.721759796142578,169104
29.72452187538147,169104
29.727294921875,169104
29.730071306228638,169104
29.7328679561615,169104
29.735639810562134,169104
29.738410472869873,169104
29.741201400756836,169104
29.74398112297058,169104
29.746755838394165,169104
29.74952530860901,169104
29.752306699752808,169104
29.75509023666382,169104
29.757867574691772,169104
29.760656118392944,169104
29.763455152511597,169104
29.766233444213867,169104
29.769004821777344,169104
29.771794080734253,169104
29.774561882019043,169104
29.777337551116943,169104
29.780112743377686,169104
29.782907247543335,169104
29.785674571990967,169104
29.788454055786133,169104
29.791248083114624,169104
29.794047117233276,169104
29.79692244529724,169104
29.79969334602356,169104
29.802475929260254,169104
29.80524969100952,169104
29.80802845954895,169104
29.8108127117157,169104
29.813580989837646,169104
29.81635546684265,169104
29.819132804870605,169104
29.821917057037354,169104
29.824682235717773,169104
29.827462196350098,169104
29.830239057540894,169104
29.83303189277649,169104
29.835804224014282,169104
29.838566541671753,169104
29.84134864807129,169104
29.84412717819214,169104
29.84689736366272,169104
29.849661350250244,169104
29.8524329662323,169104
29.85521388053894,169104
29.85798931121826,169104
29.860769033432007,169104
29.863537549972534,169104
29.86631202697754,169104
29.869081735610962,169104
29.871867418289185,169104
29.874637365341187,169104
29.877398014068604,169104
29.880167484283447,169104
29.88295340538025,169104
29.885725498199463,169104
29.888497591018677,169104
29.89128279685974,169104
29.89405870437622,169104
29.89682936668396,169104
29.89959692955017,169104
29.902382850646973,169104
29.90515923500061,169104
29.90792989730835,169104
29.910699605941772,169104
29.913480520248413,169104
29.916252374649048,169104
29.919023036956787,169104
29.921814918518066,169104
29.924578189849854,169104
29.92734408378601,169104
29.930113077163696,169104
29.932894229888916,169104
29.935659408569336,169104
29.938430547714233,169104
29.941219568252563,169104
29.943992614746094,169104
29.946770668029785,169104
29.949538230895996,169104
29.952322483062744,169104
29.9550998210907,169104
29.957873344421387,169104
29.960639238357544,169104
29.963411808013916,169104
29.966188669204712,169104
29.96896505355835,169104
29.971747159957886,169104
29.97450852394104,169104
29.977272272109985,169104
29.980041027069092,169104
29.982826232910156,169104
29.985585689544678,169104
29.988353490829468,169104
29.991130828857422,169104
29.9939067363739,169104
29.9966778755188,169104
29.9994535446167,169104
30.00223398208618,169104
30.00501012802124,169104
30.007786750793457,169104
30.01054835319519,169104
30.013330459594727,169104
30.016108751296997,169104
30.018890142440796,169104
30.021669626235962,169104
30.024438858032227,169104
30.027207851409912,169104
30.02997612953186,169104
30.03276491165161,169104
30.035526275634766,169104
30.03829288482666,169104
30.041080713272095,169104
30.043855905532837,169104
30.046624422073364,169104
30.049396753311157,169104
30.052180767059326,169104
30.05495047569275,169104
30.05770993232727,169104
30.06048274040222,169104
30.063270568847656,169104
30.066046714782715,169104
30.068820476531982,169104
30.071600437164307,169104
30.07437300682068,169104
30.077146768569946,169104
30.079922676086426,169104
30.08269691467285,169104
30.08547329902649,169104
30.08824586868286,169104
30.09103751182556,169104
30.09380555152893,169104
30.096570253372192,169104
30.099341869354248,169104
30.102128982543945,169104
30.104902744293213,169104
30.10766363143921,169104
30.110433340072632,169104
30.113213539123535,169104
30.115986824035645,169104
30.118756771087646,169104
30.121530771255493,169104
30.124302864074707,169104
30.127066373825073,169104
30.12983465194702,169104
30.132616996765137,169104
30.135382890701294,169104
30.138153076171875,169104
30.140955924987793,169104
30.14371943473816,169104
30.146483898162842,169104
30.14927077293396,169104
30.152064085006714,169104
30.15484380722046,169104
30.157613039016724,169104
30.160382747650146,169104
30.163179636001587,169104
30.16792941093445,169104
30.17322850227356,169104
30.178333044052124,169104
30.18363642692566,169104
30.1887469291687,169104
30.194055557250977,169104
30.199023485183716,169104
30.204325914382935,169104
30.20917320251465,169104
30.21445918083191,169104
30.219472885131836,169104
30.22437310218811,169104
30.229544639587402,169104
30.23446750640869,169104
30.239704370498657,169104
30.244717359542847,169104
30.250003576278687,169104
30.255053758621216,169104
30.260412216186523,169104
30.26553225517273,169104
30.270845890045166,169104
30.27598214149475,169104
30.281306266784668,169104
30.286441326141357,169104
30.291785717010498,169104
30.296921253204346,169104
30.302250146865845,169104
30.30737280845642,169104
30.312646865844727,169104
30.317790746688843,169104
30.3231201171875,169104
30.328187704086304,169104
30.33350920677185,169104
30.338456392288208,169104
30.343796730041504,169104
30.348642826080322,169104
30.353816509246826,169104
30.358612775802612,169104
30.363720178604126,169104
30.36864686012268,169104
30.373690605163574,169104
30.37865948677063,169104
30.383580684661865,169104
30.38869857788086,169104
30.393625020980835,169104
30.398815631866455,169104
30.403819799423218,169104
30.40908145904541,169104
30.41414475440979,169104
30.419445037841797,169104
30.424516439437866,169104
30.429819345474243,169104
30.434966802597046,169104
30.440266847610474,169104
30.445427894592285,169104
30.45074772834778,169104
30.45588183403015,169104
30.461164236068726,169104
30.466305017471313,169104
30.47162652015686,169104
30.476765394210815,169104
30.4820876121521,169104
30.487152576446533,169104
30.492493867874146,169104
30.497439861297607,169104
30.502769231796265,169104
30.507604837417603,169104
30.512809991836548,169104
30.517585515975952,169104
30.522693872451782,169104
30.52757215499878,169104
30.532642364501953,169104
30.53760051727295,169104
30.542583227157593,169104
30.547627925872803,169104
30.552541255950928,169104
30.55770778656006,169104
30.562671899795532,169104
30.567922115325928,169104
30.57294487953186,169104
30.57825016975403,169104
30.58330249786377,169104
30.588593006134033,169104
30.59375524520874,169104
30.599051475524902,169104
30.60420036315918,169104
30.609482049942017,169104
30.614616632461548,169104
30.61993718147278,169104
30.62508535385132,169104
30.63040041923523,169104
30.63552689552307,169104
30.64082646369934,169104
30.645888805389404,169104
30.651219844818115,169104
30.6561541557312,169104
30.6614670753479,169104
30.66631770133972,169104
30.671481132507324,169104
30.67626643180847,169104
30.68138027191162,169104
30.68626046180725,169104
30.69134759902954,169104
30.69630217552185,169104
30.701226234436035,169104
30.7062931060791,169104
30.711186170578003,169104
30.716349363327026,169104
30.721314668655396,169104
30.72658348083496,169104
30.73160743713379,169104
30.736917972564697,169104
30.74199104309082,169104
30.747293710708618,169104
30.752451419830322,169104
30.757756233215332,169104
30.762905836105347,169104
30.76820468902588,169104
30.773353338241577,169104
30.778631687164307,169104
30.783775806427002,169104
30.789077758789062,169104
30.79420280456543,169104
30.79952597618103,169104
30.804583072662354,169104
30.809894323349,169104
30.81481099128723,169104
30.82008123397827,169104
30.824908018112183,169104
30.830040454864502,169104
30.834866762161255,169104
30.83997106552124,169104
30.844889402389526,169104
30.8499538898468,169104
30.854931831359863,169104
30.85988759994507,169104
30.864985466003418,169104
30.869889736175537,169104
30.87505054473877,169104
30.880004167556763,169104
30.885277032852173,169104
30.890292167663574,169104
30.895612001419067,169104
30.90068292617798,169104
30.906006574630737,169104
30.911160230636597,169104
30.916439056396484,169104
30.921584129333496,169104
30.926883220672607,169104
30.93203568458557,169104
30.937365770339966,169104
30.942501068115234,169104
30.947802543640137,169104
30.952946186065674,169104
30.95826506614685,169104
30.963332653045654,169104
30.968652963638306,169104
30.973589658737183,169104
30.97890329360962,169104
30.983745336532593,169104
30.988918781280518,169104
30.993705987930298,169104
30.998819828033447,169104
31.00371217727661,169104
31.008782625198364,169104
31.013739824295044,169104
31.018664598464966,169104
31.023755073547363,169104
31.028648138046265,169104
31.033843278884888,169104
31.038813829421997,169104
31.04408025741577,169104
31.04912781715393,169104
31.05445694923401,169104
31.059537649154663,169104
31.064854621887207,169104
31.070008516311646,169104
31.075329780578613,169104
31.08047080039978,169104
31.08577060699463,169104
31.090917587280273,169104
31.09621524810791,169104
31.101353406906128,169104
31.10665202140808,169104
31.111793994903564,169104
31.11706042289734,169104
31.122045516967773,169104
31.12734580039978,169104
31.13219118118286,169104
31.137378931045532,169104
31.142164945602417,169104
31.147234439849854,169104
31.15211296081543,169104
31.157196283340454,169104
31.162168264389038,169104
31.16714334487915,169104
31.172208309173584,169104
31.177098751068115,169104
31.182256937026978,169104
31.18718719482422,169104
31.192428588867188,169104
31.19744324684143,169104
31.20275640487671,169104
31.20781660079956,169104
31.213183403015137,169104
31.21827244758606,169104
31.223599910736084,169104
31.228747606277466,169104
31.234070539474487,169104
31.239225387573242,169104
31.244516611099243,169104
31.249640464782715,169104
31.25498914718628,169104
31.260113954544067,169104
31.26542901992798,169104
31.27054500579834,169104
31.27586555480957,169104
31.280924081802368,169104
31.286263704299927,169104
31.291208028793335,169104
31.296531438827515,169104
31.301371574401855,169104
31.306580066680908,169104
31.3113956451416,169104
31.3165066242218,169104
31.321404218673706,169104
31.32646083831787,169104
31.331436157226562,169104
31.33635902404785,169104
31.34143829345703,169104
31.34634017944336,169104
31.351522207260132,169104
31.35648012161255,169104
31.361763954162598,169104
31.366811752319336,169104
31.37213373184204,169104
31.377195358276367,169104
31.382506847381592,169104
31.387657642364502,169104
31.392985105514526,169104
31.39812469482422,169104
31.40342926979065,169104
31.408577919006348,169104
31.413867473602295,169104
31.419005632400513,169104
31.4242901802063,169104
31.429401636123657,169104
31.434724807739258,169104
31.439792156219482,169104
31.445130586624146,169104
31.450087547302246,169104
31.45539164543152,169104
31.46024179458618,169104
31.46539068222046,169104
31.470165014266968,169104
31.47528648376465,169104
31.480161666870117,169104
31.485255241394043,169104
31.490214586257935,169104
31.495197296142578,169104
31.50024676322937,169104
31.50514507293701,169104
31.51030921936035,169104
31.515270471572876,169104
31.52052593231201,169104
31.525546073913574,169104
31.530820846557617,169104
31.535883903503418,169104
31.541165351867676,169104
31.54630947113037,169104
31.551629066467285,169104
31.556763172149658,169104
31.562090396881104,169104
31.567222595214844,169104
31.572553396224976,169104
31.577667713165283,169104
31.582987546920776,169104
31.588091373443604,169104
31.59338140487671,169104
31.598374128341675,169104
31.603718757629395,169104
31.608631134033203,169104
31.613924741744995,169104
31.618708848953247,169104
31.623860836029053,169104
31.628689765930176,169104
31.63381004333496,169104
31.63871431350708,169104
31.64377236366272,169104
31.648751258850098,169104
31.65369963645935,169104
31.65879535675049,169104
31.663697004318237,169104
31.668884992599487,169104
31.673895120620728,169104
31.679155826568604,169104
31.684205770492554,169104
31.689505338668823,169104
31.694597959518433,169104
31.69990634918213,169104
31.705063104629517,169104
31.710374355316162,169104
31.715519428253174,169104
31.720807313919067,169104
31.72594380378723,169104
31.731255531311035,169104
31.736377477645874,169104
31.741693019866943,169104
31.746832132339478,169104
31.75212287902832,169104
31.757158041000366,169104
31.762495040893555,169104
31.767402172088623,169104
31.772687435150146,169104
31.777506828308105,169104
31.782710552215576,169104
31.787536144256592,169104
31.79265284538269,169104
31.79756760597229,169104
31.802591800689697,169104
31.807571411132812,169104
31.81252384185791,169104
31.8176167011261,169104
31.822545051574707,169104
31.82774567604065,169104
31.83271861076355,169104
31.83798050880432,169104
31.843029260635376,169104
31.848331451416016,169104
31.853438138961792,169104
31.85876178741455,169104
31.86391282081604,169104
31.86923837661743,169104
31.874395847320557,169104
31.879704475402832,169104
31.884859561920166,169104
31.89015531539917,169104
31.895304441452026,169104
31.900630712509155,169104
31.90577530860901,169104
31.91108202934265,169104
31.916176080703735,169104
31.92149305343628,169104
31.926487922668457,169104
31.93184757232666,169104
31.936740398406982,169104
31.94198250770569,169104
31.946747303009033,169104
31.951903820037842,169104
31.956745147705078,169104
31.961868047714233,169104
31.96680784225464,169104
31.971837043762207,169104
31.976804971694946,169104
31.981722116470337,169104
31.986851453781128,169104
31.991788148880005,169104
31.99696946144104,169104
32.00196695327759,169104
32.007242918014526,169104
32.012298345565796,169104
32.01760458946228,169104
32.022696018218994,169104
32.02800941467285,169104
32.033156633377075,169104
32.03845930099487,169104
32.04359817504883,169104
32.04890489578247,169104
32.05404472351074,169104
32.05935525894165,169104
32.06448817253113,169104
32.06980895996094,169104
32.074941873550415,169104
32.08022952079773,169104
32.085289001464844,169104
32.09062170982361,169104
32.0955376625061,169104
32.10084581375122,169104
32.105669021606445,169104
32.110867977142334,169104
32.11567139625549,169104
32.12080097198486,169104
32.12568426132202,169104
32.13075566291809,169104
32.13570499420166,169104
32.14063096046448,169104
32.14574360847473,169104
32.15063738822937,169104
32.1558301448822,169104
32.16078209877014,169104
32.166056394577026,169104
32.17110848426819,169104
32.17642307281494,169104
32.18151617050171,169104
32.18683362007141,169104
32.191993951797485,169104
32.19731330871582,169104
32.20245122909546,169104
32.20777416229248,169104
32.21292042732239,169104
32.21823692321777,169104
32.22337079048157,169104
32.22869324684143,169104
32.23383569717407,169104
32.239137172698975,169104
32.244181394577026,169104
32.2495014667511,169104
32.25442957878113,169104
32.25970005989075,169104
32.264533042907715,169104
32.26971912384033,169104
32.27453660964966,169104
32.27962589263916,169104
32.28452205657959,169104
32.28956913948059,169104
32.294538497924805,169104
32.299524545669556,169104
32.30460047721863,169104
32.309510707855225,169104
32.31469774246216,169104
32.319642543792725,169104
32.32492136955261,169104
32.329930782318115,169104
32.335243463516235,169104
32.340304374694824,169104
32.345622539520264,169104
32.3507821559906,169104
32.35609006881714,169104
32.361228942871094,169104
32.36652731895447,169104
32.371660232543945,169104
32.37696433067322,169104
32.38210868835449,169104
32.38743543624878,169104
32.39257550239563,169104
32.39789414405823,169104
32.40298628807068,169104
32.408294439315796,169104
32.41326570510864,169104
32.418580055236816,169104
32.42345714569092,169104
32.428654193878174,169104
32.43342709541321,169104
32.43852376937866,169104
32.44339108467102,169104
32.44847249984741,169104
32.45344376564026,169104
32.458399295806885,169104
32.46346640586853,169104
32.46835923194885,169104
32.473541498184204,169104
32.4784893989563,169104
32.48375463485718,169104
32.488759994506836,169104
32.494072675704956,169104
32.49913573265076,169104
32.504467725753784,169104
32.509575843811035,169104
32.514875650405884,169104
32.52000856399536,169104
32.52532458305359,169104
32.53045606613159,169104
32.535781383514404,169104
32.54091787338257,169104
32.54626178741455,169104
32.55138969421387,169104
32.556702613830566,169104
32.56179213523865,169104
32.567110538482666,169104
32.572102546691895,169104
32.577444076538086,169104
32.582340240478516,169104
32.587562561035156,169104
32.59233355522156,169104
32.59744167327881,169104
32.60229682922363,169104
32.60739302635193,169104
32.61235690116882,169104
32.61736512184143,169104
32.62238669395447,169104
32.62730598449707,169104
32.63248372077942,169104
32.6373975276947,169104
32.64261436462402,169104
32.64762043952942,169104
32.65290689468384,169104
32.657962799072266,169104
32.663318395614624,169104
32.66842436790466,169104
32.67373752593994,169104
32.67888379096985,169104
32.68420147895813,169104
32.689435958862305,169104
32.69476628303528,169104
32.69989633560181,169104
32.70521593093872,169104
32.71034789085388,169104
32.715651988983154,169104
32.720792055130005,169104
32.72604966163635,169104
32.73116493225098,169104
32.736489057540894,169104
32.74149823188782,169104
32.746830463409424,169104
32.75175142288208,169104
32.756967306137085,169104
32.761754512786865,169104
32.76683783531189,169104
32.7716851234436,169104
32.77680039405823,169104
32.78177213668823,169104
32.78679275512695,169104
32.79181909561157,169104
32.7967164516449,169104
32.80187678337097,169104
32.80678915977478,169104
32.812007427215576,169104
32.81698656082153,169104
32.822279930114746,169104
32.82733345031738,169104
32.832677125930786,169104
32.837743282318115,169104
32.84307527542114,169104
32.84822225570679,169104
32.85353708267212,169104
32.858662128448486,169104
32.86398959159851,169104
32.86911630630493,169104
32.87442207336426,169104
32.879541635513306,169104
32.884841203689575,169104
32.88991379737854,169104
32.8952374458313,169104
32.900208473205566,169104
32.90554428100586,169104
32.91040563583374,169104
32.915637493133545,169104
32.9204044342041,169104
32.925490617752075,169104
32.93035316467285,169104
32.93544149398804,169104
32.9404137134552,169104
32.945392370224,169104
32.95044565200806,169104
32.95536971092224,169104
32.96053600311279,169104
32.96548557281494,169104
32.97072172164917,169104
32.97575092315674,169104
32.98106074333191,169104
32.98612093925476,169104
32.99144792556763,169104
32.99658274650574,169104
33.00191640853882,169104
33.007080078125,169104
33.01236009597778,169104
33.017499923706055,169104
33.02281332015991,169104
33.02794075012207,169104
33.033243894577026,169104
33.03836417198181,169104
33.043678522109985,169104
33.04879951477051,169104
33.05413246154785,169104
33.05917763710022,169104
33.06452679634094,169104
33.069443464279175,169104
33.074732065200806,169104
33.079535484313965,169104
33.08468413352966,169104
33.089524030685425,169104
33.0946478843689,169104
33.09954857826233,169104
33.10461688041687,169104
33.10958003997803,169104
33.114540100097656,169104
33.119622468948364,169104
33.12452554702759,169104
33.12971377372742,169104
33.13468956947327,169104
33.139952659606934,169104
33.144978761672974,169104
33.1503221988678,169104
33.155423164367676,169104
33.160749673843384,169104
33.165897607803345,169104
33.17122507095337,169104
33.176369190216064,169104
33.181686878204346,169104
33.18683052062988,169104
33.19215631484985,169104
33.197285652160645,169104
33.2026252746582,169104
33.207743883132935,169104
33.21307921409607,169104
33.21813082695007,169104
33.2234673500061,169104
33.2283980846405,169104
33.23369002342224,169104
33.23852825164795,169104
33.24373960494995,169104
33.24852895736694,169104
33.253620862960815,169104
33.25851058959961,169104
33.26357388496399,169104
33.26853537559509,169104
33.273470401763916,169104
33.27855706214905,169104
33.28347206115723,169104
33.28865170478821,169104
33.29361701011658,169104
33.298887729644775,169104
33.30390906333923,169104
33.309226512908936,169104
33.31431317329407,169104
33.31962466239929,169104
33.324785470962524,169104
33.3300986289978,169104
33.335251808166504,169104
33.34053993225098,169104
33.34567880630493,169104
33.35098910331726,169104
33.356130599975586,169104
33.361464977264404,169104
33.36659908294678,169104
33.37193179130554,169104
33.37701201438904,169104
33.38234615325928,169104
33.38731598854065,169104
33.39266514778137,169104
33.397545337677,169104
33.4028263092041,169104
33.40770101547241,169104
33.412819385528564,169104
33.417789459228516,169104
33.42278981208801,169104
33.42790174484253,169104
33.43279957771301,169104
33.43797707557678,169104
33.44294834136963,169104
33.448264360427856,169104
33.45329570770264,169104
33.45856761932373,169104
33.46369433403015,169104
33.46901035308838,169104
33.47412133216858,169104
33.47945499420166,169104
33.48455286026001,169104
33.489869594573975,169104
33.4949107170105,169104
33.50025653839111,169104
33.50513410568237,169104
33.510401010513306,169104
33.515159130096436,169104
33.52036643028259,169104
33.52520775794983,169104
33.530367374420166,169104
33.53534483909607,169104
33.540342807769775,169104
33.54541063308716,169104
33.55028510093689,169104
33.55551624298096,169104
33.56044936180115,169104
33.56571412086487,169104
33.57073998451233,169104
33.576115131378174,169104
33.58121395111084,169104
33.58650755882263,169104
33.59163236618042,169104
33.59691500663757,169104
33.602014780044556,169104
33.60731053352356,169104
33.61238074302673,169104
33.617716789245605,169104
33.62265229225159,169104
33.62795329093933,169104
33.632786989212036,169104
33.63798666000366,169104
33.642799377441406,169104
33.64796328544617,169104
33.652894258499146,169104
33.65795063972473,169104
33.66296052932739,169104
33.667890548706055,169104
33.673028230667114,169104
33.67792344093323,169104
33.683167934417725,169104
33.68815851211548,169104
33.693443059921265,169104
33.69849133491516,169104
33.703837394714355,169104
33.70894169807434,169104
33.71426558494568,169104
33.71937441825867,169104
33.7246880531311,169104
33.72978496551514,169104
33.73511719703674,169104
33.740134954452515,169104
33.745548725128174,169104
33.750409841537476,169104
33.755632400512695,169104
33.76037931442261,169104
33.76554799079895,169104
33.77037167549133,169104
33.775521993637085,169104
33.780498027801514,169104
33.78553342819214,169104
33.79059028625488,169104
33.79548716545105,169104
33.80068826675415,169104
33.80564618110657,169104
33.81094837188721,169104
33.81597352027893,169104
33.82130193710327,169104
33.826420068740845,169104
33.83167767524719,169104
33.8367805480957,169104
33.84209704399109,169104
33.84719109535217,169104
33.8525333404541,169104
33.85757327079773,169104
33.862929582595825,169104
33.86784219741821,169104
33.873130559921265,169104
33.87793493270874,169104
33.88313150405884,169104
33.88794803619385,169104
33.89315414428711,169104
33.8980872631073,169104
33.903191566467285,169104
33.90819263458252,169104
33.91311025619507,169104
33.91831064224243,169104
33.9232120513916,169104
33.92844867706299,169104
33.933451652526855,169104
33.93878245353699,169104
33.943867921829224,169104
33.94919276237488,169104
33.95431423187256,169104
33.95962905883789,169104
33.96474599838257,169104
33.9701030254364,169104
33.975218772888184,169104
33.98054361343384,169104
33.98553466796875,169104
33.99092388153076,169104
33.9958119392395,169104
34.001096963882446,169104
34.005845069885254,169104
34.010993242263794,169104
34.015843868255615,169104
34.021008253097534,169104
34.0259895324707,169104
34.03100776672363,169104
34.03605842590332,169104
34.04097771644592,169104
34.04617118835449,169104
34.05112648010254,169104
34.05636024475098,169104
34.06138062477112,169104
34.066712856292725,169104
34.07181978225708,169104
34.07715201377869,169104
34.08227896690369,169104
34.08757019042969,169104
34.09267210960388,169104
34.09798288345337,169104
34.103065490722656,169104
34.108397006988525,169104
34.11334180831909,169104
34.118709564208984,169104
34.1235716342926,169104
34.12878060340881,169104
34.1335825920105,169104
34.13872170448303,169104
34.14362907409668,169104
34.148688316345215,169104
34.153807401657104,169104
34.15904474258423,169104
34.164058685302734,169104
34.16934871673584,169104
34.17440629005432,169104
34.17967176437378,169104
34.18482208251953,169104
34.190130949020386,169104
34.19527745246887,169104
34.20058012008667,169104
34.20571041107178,169104
34.21103119850159,169104
34.21454405784607,169104
34.21731400489807,169104
34.22009491920471,169104
34.2228946685791,169104
34.22566533088684,169104
34.22844743728638,169104
34.23123812675476,169104
34.23401856422424,169104
34.23679447174072,169104
34.23956370353699,169104
34.24234414100647,169104
34.245115518569946,169104
34.24789619445801,169104
34.25066137313843,169104
34.253443241119385,169104
34.25622081756592,169104
34.25908708572388,169104
34.26187467575073,169104
34.26463770866394,169104
34.267414808273315,169104
34.27018165588379,169104
34.272972106933594,169104
34.2757363319397,169104
34.27850127220154,169104
34.28128719329834,169104
34.284053325653076,169104
34.28683090209961,169104
34.289599895477295,169104
34.29238033294678,169104
34.29515767097473,169104
34.29792356491089,169104
34.300689458847046,169104
34.303478479385376,169104
34.30626058578491,169104
34.309037923812866,169104
34.311830282211304,169104
34.3145968914032,169104
34.31736993789673,169104
34.320136308670044,169104
34.32292699813843,169104
34.32569408416748,169104
34.328463554382324,169104
34.33126139640808,169104
34.33403706550598,169104
34.33681774139404,169104
34.33958721160889,169104
34.34237051010132,169104
34.34514141082764,169104
34.3479118347168,169104
34.35068225860596,169104
34.35346746444702,169104
34.35624313354492,169104
34.35902166366577,169104
34.36180377006531,169104
34.36457324028015,169104
34.36734747886658,169104
34.370121240615845,169104
34.37291097640991,169104
34.37567758560181,169104
34.37844705581665,169104
34.381229639053345,169104
34.384010791778564,169104
34.38678956031799,169104
34.38954782485962,169104
34.392340898513794,169104
34.39511060714722,169104
34.397887229919434,169104
34.40066719055176,169104
34.40344715118408,169104
34.406219720840454,169104
34.40900492668152,169104
34.41179656982422,169104
34.41456747055054,169104
34.41733694076538,169104
34.420101165771484,169104
34.422893047332764,169104
34.42565846443176,169104
34.42842745780945,169104
34.43121528625488,169104
34.43399119377136,169104
34.43676686286926,169104
34.439533710479736,169104
34.442315340042114,169104
34.445087909698486,169104
34.4478600025177,169104
34.45063757896423,169104
34.45343255996704,169104
34.45621204376221,169104
34.458977460861206,169104
34.46176886558533,169104
34.46452975273132,169104
34.46730279922485,169104
34.47006893157959,169104
34.47286295890808,169104
34.47563457489014,169104
34.47841119766235,169104
34.48119378089905,169104
34.483968019485474,169104
34.48674488067627,169104
34.48951077461243,169104
34.492302894592285,169104
34.49507546424866,169104
34.4978506565094,169104
34.5006206035614,169104
34.50340414047241,169104
34.506181478500366,169104
34.50895953178406,169104
34.51174330711365,169104
34.514509439468384,169104
34.51728367805481,169104
34.52006125450134,169104
34.52284383773804,169104
34.525611877441406,169104
34.52838897705078,169104
34.531172037124634,169104
34.533944845199585,169104
34.53671479225159,169104
34.53948521614075,169104
34.5422739982605,169104
34.545053482055664,169104
34.547826528549194,169104
34.550586462020874,169104
34.55336093902588,169104
34.55613827705383,169104
34.55891394615173,169104
34.56169390678406,169104
34.564470052719116,169104
34.567248582839966,169104
34.5700249671936,169104
34.57281756401062,169104
34.575578927993774,169104
34.57835364341736,169104
34.58113622665405,169104
34.58391618728638,169104
34.586686849594116,169104
34.58946132659912,169104
34.592246294021606,169104
34.59501886367798,169104
34.59778642654419,169104
34.600544929504395,169104
34.60332727432251,169104
34.60610365867615,169104
34.60887885093689,169104
34.611658811569214,169104
34.61443543434143,169104
34.61720871925354,169104
34.61998009681702,169104
34.62275743484497,169104
34.62553286552429,169104
34.62830209732056,169104
34.6310830116272,169104
34.6338586807251,169104
34.636622190475464,169104
34.63938617706299,169104
34.64217972755432,169104
34.64495801925659,169104
34.64773106575012,169104
34.650490522384644,169104
34.65327858924866,169104
34.65605163574219,169104
34.658830642700195,169104
34.661612033843994,169104
34.66438961029053,169104
34.66716504096985,169104
34.66994309425354,169104
34.67271947860718,169104
34.675487995147705,169104
34.678260803222656,169104
34.68104267120361,169104
34.68381643295288,169104
34.68658375740051,169104
34.689350843429565,169104
34.69213533401489,169104
34.6949143409729,169104
34.697680711746216,169104
34.70045065879822,169104
34.70323419570923,169104
34.706005573272705,169104
34.708778381347656,169104
34.71154570579529,169104
34.71431922912598,169104
34.7170889377594,169104
34.719871282577515,169104
34.722651958465576,169104
34.72541427612305,169104
34.728187799453735,169104
34.73096942901611,169104
34.73374915122986,169104
34.73651337623596,169104
34.73928642272949,169104
34.74207925796509,169104
34.74485182762146,169104
34.74761199951172,169104
34.75038433074951,169104
34.75316500663757,169104
34.75594115257263,169104
34.75869798660278,169104
34.76147127151489,169104
34.764243841171265,169104
34.767022132873535,169104
34.76979446411133,169104
34.7725784778595,169104
34.77534580230713,169104
34.77811789512634,169104
34.780905961990356,169104
34.78367328643799,169104
34.78644847869873,169104
34.789225339889526,169104
34.79201364517212,169104
34.794790506362915,169104
34.79755473136902,169104
34.80032563209534,169104
34.80311417579651,169104
34.805890798568726,169104
34.80866360664368,169104
34.81144332885742,169104
34.814210176467896,169104
34.81698441505432,169104
34.81976127624512,169104
34.82253408432007,169104
34.82530665397644,169104
34.82808446884155,169104
34.830870151519775,169104
34.833638429641724,169104
34.83641195297241,169104
34.83919358253479,169104
34.84197926521301,169104
34.84476041793823,169104
34.847519874572754,169104
34.85029339790344,169104
34.85308218002319,169104
34.85585927963257,169104
34.858622789382935,169104
34.86139917373657,169104
34.86417746543884,169104
34.86695623397827,169104
34.8697350025177,169104
34.872506856918335,169104
34.87528157234192,169104
34.878052711486816,169104
34.88083744049072,169104
34.883607625961304,169104
34.8863787651062,169104
34.889148473739624,169104
34.89193558692932,169104
34.89470338821411,169104
34.89747500419617,169104
34.90024542808533,169104
34.90303611755371,169104
34.90580773353577,169104
34.90857148170471,169104
34.911354541778564,169104
34.91412115097046,169104
34.91689968109131,169104
34.91966772079468,169104
34.92245435714722,169104
34.92523121833801,169104
34.92801356315613,169104
34.93079328536987,169104
34.93356370925903,169104
34.93633818626404,169104
34.939117193222046,169104
34.94191122055054,169104
34.944682598114014,169104
34.94745326042175,169104
34.95022368431091,169104
34.953009605407715,169104
34.955785036087036,169104
34.95855140686035,169104
34.961337089538574,169104
34.9641170501709,169104
34.9668972492218,169104
34.9696581363678,169104
34.9725079536438,169104
34.97528409957886,169104
34.9780490398407,169104
34.98083162307739,169104
34.98359799385071,169104
34.986366987228394,169104
34.98914313316345,169104
34.991936445236206,169104
34.994704723358154,169104
34.997472047805786,169104
35.000239610672,169104
35.00302815437317,169104
35.00579643249512,169104
35.00855875015259,169104
35.01134395599365,169104
35.01411461830139,169104
35.01689386367798,169104
35.01966118812561,169104
35.022441387176514,169104
35.025219678878784,169104
35.02799201011658,169104
35.03078031539917,169104
35.03354454040527,169104
35.03631234169006,169104
35.03908038139343,169104
35.04187035560608,169104
35.044631481170654,169104
35.04739809036255,169104
35.05017900466919,169104
35.052961587905884,169104
35.05572581291199,169104
35.05850553512573,169104
35.061280250549316,169104
35.06406354904175,169104
35.06683421134949,169104
35.069602251052856,169104
35.07237887382507,169104
35.07515621185303,169104
35.07792830467224,169104
35.08069181442261,169104
35.08346915245056,169104
35.08623909950256,169104
35.08899688720703,169104
35.09178614616394,169104
35.0945508480072,169104
35.097328662872314,169104
35.10009455680847,169104
35.10288095474243,169104
35.105647563934326,169104
35.10841131210327,169104
35.11118721961975,169104
35.113964796066284,169104
35.116740703582764,169104
35.1195011138916,169104
35.12227749824524,169104
35.12505316734314,169104
35.12781596183777,169104
35.13058590888977,169104
35.13336896896362,169104
35.136143922805786,169104
35.13892388343811,169104
35.141704082489014,169104
35.14446973800659,169104
35.147239446640015,169104
35.15000867843628,169104
35.1528000831604,169104
35.15556335449219,169104
35.15834331512451,169104
35.16113018989563,169104
35.16390252113342,169104
35.16666555404663,169104
35.16944122314453,169104
35.172224044799805,169104
35.17500162124634,169104
35.177783727645874,169104
35.18055605888367,169104
35.18333601951599,169104
35.186110734939575,169104
35.18888783454895,169104
35.19166684150696,169104
35.19443368911743,169104
35.197208404541016,169104
35.19998097419739,169104
35.20276069641113,169104
35.20552682876587,169104
35.208306074142456,169104
35.2110915184021,169104
35.213865756988525,169104
35.216625452041626,169104
35.219398021698,169104
35.2221794128418,169104
35.224960803985596,169104
35.22772431373596,169104
35.230494260787964,169104
35.23327660560608,169104
35.2360520362854,169104
35.23882079124451,169104
35.24160051345825,169104
35.244370460510254,169104
35.247143507003784,169104
35.249919176101685,169104
35.25270318984985,169104
35.255475997924805,169104
35.258256673812866,169104
35.261040687561035,169104
35.263822078704834,169104
35.26658892631531,169104
35.26936078071594,169104
35.27214193344116,169104
35.27492094039917,169104
35.277684688568115,169104
35.28045606613159,169104
35.28323483467102,169104
35.28600716590881,169104
35.288779497146606,169104
35.29155659675598,169104
35.29432439804077,169104
35.297101736068726,169104
35.29986834526062,169104
35.30264115333557,169104
35.30541205406189,169104
35.30818748474121,169104
35.310962438583374,169104
35.313724994659424,169104
35.316492795944214,169104
35.31926941871643,169104
35.32204341888428,169104
35.32481384277344,169104
35.32757353782654,169104
35.33034372329712,169104
35.33312487602234,169104
35.33589792251587,169104
35.338661432266235,169104
35.34144139289856,169104
35.3442108631134,169104
35.346977949142456,169104
35.34974789619446,169104
35.35252833366394,169104
35.3552942276001,169104
35.35807752609253,169104
35.36086630821228,169104
35.36363887786865,169104
35.36640548706055,169104
35.36918306350708,169104
35.371965646743774,169104
35.37474775314331,169104
35.377509117126465,169104
35.380279541015625,169104
35.38306784629822,169104
35.38583827018738,169104
35.38860058784485,169104
35.39138412475586,169104
35.39415955543518,169104
35.396936655044556,169104
35.39969849586487,169104
35.40248656272888,169104
35.405256032943726,169104
35.4080286026001,169104
35.41081094741821,169104
35.41357970237732,169104
35.41634273529053,169104
35.41911816596985,169104
35.42190384864807,169104
35.424684047698975,169104
35.42744493484497,169104
35.43022012710571,169104
35.43301725387573,169104
35.43579888343811,169104
35.438559770584106,169104
35.4413423538208,169104
35.4441123008728,169104
35.446892976760864,169104
35.44965696334839,169104
35.45243954658508,169104
35.45522117614746,169104
35.45800280570984,169104
35.46077847480774,169104
35.46354365348816,169104
35.466307401657104,169104
35.46908140182495,169104
35.471858978271484,169104
35.47462487220764,169104
35.47739553451538,169104
35.48017191886902,169104
35.48295760154724,169104
35.48572516441345,169104
35.4884819984436,169104
35.491262912750244,169104
35.494030237197876,169104
35.49681115150452,169104
35.49957585334778,169104
35.502357482910156,169104
35.505128145217896,169104
35.50790047645569,169104
35.51066780090332,169104
35.513450622558594,169104
35.516226053237915,169104
35.51899576187134,169104
35.521782636642456,169104
35.52454209327698,169104
35.527302980422974,169104
35.53007912635803,169104
35.5328586101532,169104
35.535624742507935,169104
35.53839325904846,169104
35.541181802749634,169104
35.54395127296448,169104
35.54671764373779,169104
35.54948949813843,169104
35.55227565765381,169104
35.555041551589966,169104
35.55781626701355,169104
35.56058168411255,169104
35.56336212158203,169104
35.56613063812256,169104
35.568904399871826,169104
35.57167983055115,169104
35.57445049285889,169104
35.5772180557251,169104
35.57999396324158,169104
35.58278155326843,169104
35.58553767204285,169104
35.588308334350586,169104
35.59109568595886,169104
35.59386205673218,169104
35.59662437438965,169104
35.59938883781433,169104
35.602174520492554,169104
35.60494875907898,169104
35.60772156715393,169104
35.610482692718506,169104
35.613264322280884,169104
35.61603784561157,169104
35.61881923675537,169104
35.62158918380737,169104
35.62436318397522,169104
35.62713122367859,169104
35.62990355491638,169104
35.63267660140991,169104
35.63543653488159,169104
35.6382052898407,169104
35.64099359512329,169104
35.64376640319824,169104
35.646530628204346,169104
35.649301052093506,169104
35.652087688446045,169104
35.65485215187073,169104
35.65762901306152,169104
35.66040539741516,169104
35.663187742233276,169104
35.665961027145386,169104
35.66872477531433,169104
35.67150068283081,169104
35.67426919937134,169104
35.67704248428345,169104
35.67982053756714,169104
35.68259143829346,169104
35.685367822647095,169104
35.68814945220947,169104
35.69093918800354,169104
35.69371485710144,169104
35.696552991867065,169104
35.69932150840759,169104
35.70210099220276,169104
35.70487189292908,169104
35.70764493942261,169104
35.71041512489319,169104
35.71320867538452,169104
35.71597218513489,169104
35.71874523162842,169104
35.72151327133179,169104
35.724286794662476,169104
35.72705960273743,169104
35.72983431816101,169104
35.732617139816284,169104
35.735387325286865,169104
35.73815560340881,169104
35.740943908691406,169104
35.74371361732483,169104
35.746482372283936,169104
35.74925446510315,169104
35.752031326293945,169104
35.75480103492737,169104
35.75756764411926,169104
35.76033091545105,169104
35.763115644454956,169104
35.76588702201843,169104
35.7686505317688,169104
35.771424770355225,169104
35.77420210838318,169104
35.77698826789856,169104
35.77975606918335,169104
35.782535791397095,169104
35.7853102684021,169104
35.78808808326721,169104
35.79087567329407,169104
35.793638944625854,169104
35.796406984329224,169104
35.79918146133423,169104
35.80196738243103,169104
35.80474233627319,169104
35.80751180648804,169104
35.81028723716736,169104
35.81307506561279,169104
35.815850257873535,169104
35.81861615180969,169104
35.8213906288147,169104
35.82417154312134,169104
35.82693815231323,169104
35.82970881462097,169104
35.832486391067505,169104
35.83525323867798,169104
35.83802580833435,169104
35.840803146362305,169104
35.84356379508972,169104
35.846330881118774,169104
35.84910583496094,169104
35.85189175605774,169104
35.854660987854004,169104
35.85742664337158,169104
35.86019468307495,169104
35.862980127334595,169104
35.86575508117676,169104
35.868518590927124,169104
35.87129807472229,169104
35.87408494949341,169104
35.87686491012573,169104
35.87962985038757,169104
35.882405281066895,169104
35.885180950164795,169104
35.8879497051239,169104
35.890722036361694,169104
35.893500566482544,169104
35.89627981185913,169104
35.899057388305664,169104
35.901850938797,169104
35.90461730957031,169104
35.90739297866821,169104
35.91016983985901,169104
35.91295599937439,169104
35.91572165489197,169104
35.91849184036255,169104
35.92126679420471,169104
35.92404365539551,169104
35.92682480812073,169104
35.92959427833557,169104
35.93237638473511,169104
35.93515753746033,169104
35.93792390823364,169104
35.94070267677307,169104
35.94347834587097,169104
35.946258783340454,169104
35.94902443885803,169104
35.95180153846741,169104
35.954559326171875,169104
35.95733618736267,169104
35.96011304855347,169104
35.962895154953,169104
35.965662479400635,169104
35.96843123435974,169104
35.97120785713196,169104
35.973978757858276,169104
35.97675323486328,169104
35.979517221450806,169104
35.98229789733887,169104
35.98507380485535,169104
35.98784041404724,169104
35.990604639053345,169104
35.99337720870972,169104
35.99615406990051,169104
35.99892997741699,169104
36.00170373916626,169104
36.00447416305542,169104
36.007245779037476,169104
36.01002049446106,169104
36.01280903816223,169104
36.015573501586914,169104
36.01833963394165,169104
36.02111625671387,169104
36.02388572692871,169104
36.026642084121704,169104
36.02940917015076,169104
36.032190561294556,169104
36.034955978393555,169104
36.03772282600403,169104
36.04048824310303,169104
36.0432710647583,169104
36.046045780181885,169104
36.0488064289093,169104
36.051575660705566,169104
36.05434203147888,169104
36.05711627006531,169104
36.0598840713501,169104
36.06267189979553,169104
36.06543731689453,169104
36.06821346282959,169104
36.070998430252075,169104
36.07377648353577,169104
36.076537132263184,169104
36.07930660247803,169104
36.082080364227295,169104
36.084858894348145,169104
36.08762335777283,169104
36.09039092063904,169104
36.093178033828735,169104
36.095951557159424,169104
36.09871315956116,169104
36.10149049758911,169104
36.104252576828,169104
36.10703229904175,169104
36.109803199768066,169104
36.112571716308594,169104
36.11533284187317,169104
36.11810803413391,169104
36.12089395523071,169104
36.12366843223572,169104
36.12642979621887,169104
36.1292040348053,169104
36.13199329376221,169104
36.134764194488525,169104
36.13752555847168,169104
36.14029884338379,169104
36.143078088760376,169104
36.145854473114014,169104
36.14861559867859,169104
36.151400566101074,169104
36.1541793346405,169104
36.1569607257843,169104
36.159735441207886,169104
36.16250944137573,169104
36.16528010368347,169104
36.16805672645569,169104
36.17083525657654,169104
36.17360544204712,169104
36.176377296447754,169104
36.17914319038391,169104
36.18192958831787,169104
36.18468952178955,169104
36.18746089935303,169104
36.190242767333984,169104
36.193028688430786,169104
36.19580793380737,169104
36.19856905937195,169104
36.20135235786438,169104
36.20412039756775,169104
36.206902265548706,169104
36.20966672897339,169104
36.212446212768555,169104
36.21522569656372,169104
36.21800351142883,169104
36.22077751159668,169104
36.22354698181152,169104
36.22631859779358,169104
36.22909355163574,169104
36.23188376426697,169104
36.23465037345886,169104
36.237425804138184,169104
36.24019694328308,169104
36.24297547340393,169104
36.24574518203735,169104
36.24850916862488,169104
36.25129842758179,169104
36.254071950912476,169104
36.25685000419617,169104
36.25961089134216,169104
36.26238942146301,169104
36.265164613723755,169104
36.26793837547302,169104
36.27070331573486,169104
36.273486852645874,169104
36.276257276535034,169104
36.27903699874878,169104
36.281818151474,169104
36.28458571434021,169104
36.28735089302063,169104
36.290130615234375,169104
36.292919635772705,169104
36.29568600654602,169104
36.29844808578491,169104
36.30123019218445,169104
36.30401015281677,169104
36.306795835494995,169104
36.30955648422241,169104
36.31234550476074,169104
36.31511878967285,169104
36.317893981933594,169104
36.3206512928009,169104
36.3234338760376,169104
36.32620286941528,169104
36.32898139953613,169104
36.33176136016846,169104
36.334524154663086,169104
36.337294578552246,169104
36.340070486068726,169104
36.34285831451416,169104
36.345621824264526,169104
36.348392963409424,169104
36.351173639297485,169104
36.353952407836914,169104
36.35672354698181,169104
36.35948300361633,169104
36.36226963996887,169104
36.36504793167114,169104
36.36781907081604,169104
36.370585203170776,169104
36.37336730957031,169104
36.37614154815674,169104
36.37891602516174,169104
36.38168120384216,169104
36.38445234298706,169104
36.38722109794617,169104
36.38999104499817,169104
36.392770290374756,169104
36.3955352306366,169104
36.39831018447876,169104
36.401092290878296,169104
36.40386748313904,169104
36.40663719177246,169104
36.409414529800415,169104
36.412193298339844,169104
36.41496443748474,169104
36.41773867607117,169104
36.420496702194214,169104
36.423277139663696,169104
36.4260516166687,169104
36.42882752418518,169104
36.4315972328186,169104
36.43437218666077,169104
36.43714499473572,169104
36.43992328643799,169104
36.44269418716431,169104
36.44546580314636,169104
36.448235511779785,169104
36.45102572441101,169104
36.453800439834595,169104
36.456557750701904,169104
36.45932102203369,169104
36.462106227874756,169104
36.46488857269287,169104
36.46765494346619,169104
36.47042465209961,169104
36.47320771217346,169104
36.475980043411255,169104
36.47874999046326,169104
36.48152160644531,169104
36.48429560661316,169104
36.48707103729248,169104
36.48984909057617,169104
36.49262619018555,169104
36.49539756774902,169104
36.498167991638184,169104
36.50094962120056,169104
36.50372624397278,169104
36.506489753723145,169104
36.509265184402466,169104
36.51204872131348,169104
36.514824867248535,169104
36.517585039138794,169104
36.52035999298096,169104
36.523152112960815,169104
36.52592945098877,169104
36.52869510650635,169104
36.53146767616272,169104
36.53424572944641,169104
36.53701829910278,169104
36.53979825973511,169104
36.542577266693115,169104
36.545347452163696,169104
36.54812407493591,169104
36.55091571807861,169104
36.55368757247925,169104
36.55646514892578,169104
36.55924391746521,169104
36.56203031539917,169104
36.56480383872986,169104
36.56757688522339,169104
36.570345401763916,169104
36.57313132286072,169104
36.575905561447144,169104
36.57866883277893,169104
36.58144927024841,169104
36.584230184555054,169104
36.587003231048584,169104
36.58978748321533,169104
36.59256458282471,169104
36.59532856941223,169104
36.5981011390686,169104
36.60088896751404,169104
36.603662967681885,169104
36.60643982887268,169104
36.60921621322632,169104
36.61200928688049,169104
36.61477971076965,169104
36.6175422668457,169104
36.62031269073486,169104
36.6231005191803,169104
36.62587237358093,169104
36.628639221191406,169104
36.6314160823822,169104
36.63419818878174,169104
36.63697600364685,169104
36.63975787162781,169104
36.64254093170166,169104
36.64530682563782,169104
36.64807939529419,169104
36.65086913108826,169104
36.653645515441895,169104
36.65641260147095,169104
36.65918970108032,169104
36.66197633743286,169104
36.664753675460815,169104
36.66751027107239,169104
36.6702766418457,169104
36.67307257652283,169104
36.67585515975952,169104
36.678619384765625,169104
36.68140125274658,169104
36.6841766834259,169104
36.68694853782654,169104
36.689712047576904,169104
36.69247841835022,169104
36.69525098800659,169104
36.69802212715149,169104
36.700806856155396,169104
36.703572034835815,169104
36.70635151863098,169104
36.709126234054565,169104
36.71190667152405,169104
36.71466541290283,169104
36.7174391746521,169104
36.72021245956421,169104
36.72299814224243,169104
36.725773334503174,169104
36.72853350639343,169104
36.73131561279297,169104
36.73409175872803,169104
36.73686599731445,169104
36.73963904380798,169104
36.74241638183594,169104
36.74518609046936,169104
36.74795460700989,169104
36.75072193145752,169104
36.75349473953247,169104
36.75626277923584,169104
36.75903677940369,169104
36.761817932128906,169104
36.764588594436646,169104
36.767359495162964,169104
36.77014136314392,169104
36.772927045822144,169104
36.7757043838501,169104
36.77847218513489,169104
36.78125286102295,169104
36.7840359210968,169104
36.786808252334595,169104
36.789562940597534,169104
36.792349100112915,169104
36.795121908187866,169104
36.797889709472656,169104
36.80066132545471,169104
36.80343556404114,169104
36.80620861053467,169104
36.808979749679565,169104
36.811758279800415,169104
36.81451916694641,169104
36.817293643951416,169104
36.820064067840576,169104
36.82285523414612,169104
36.82562446594238,169104
36.828391790390015,169104
36.831172704696655,169104
36.833956480026245,169104
36.83672499656677,169104
36.8394935131073,169104
36.84228229522705,169104
36.84506034851074,169104
36.847841024398804,169104
36.85060906410217,169104
36.85339021682739,169104
36.85616183280945,169104
36.85893964767456,169104
36.86171364784241,169104
36.864485025405884,169104
36.86726450920105,169104
36.87003946304321,169104
36.87282729148865,169104
36.87559270858765,169104
36.878360748291016,169104
36.881142139434814,169104
36.88392090797424,169104
36.88669300079346,169104
36.889469623565674,169104
36.89225459098816,169104
36.89502429962158,169104
36.89780044555664,169104
36.90056586265564,169104
36.90335130691528,169104
36.906123638153076,169104
36.90892672538757,169104
36.91170263290405,169104
36.91446924209595,169104
36.91724681854248,169104
36.920024394989014,169104
36.922818422317505,169104
36.925589084625244,169104
36.92835569381714,169104
36.93113899230957,169104
36.93391442298889,169104
36.93668580055237,169104
36.93946099281311,169104
36.94224715232849,169104
36.945019483566284,169104
36.94780135154724,169104
36.950570821762085,169104
36.95335578918457,169104
36.95614004135132,169104
36.9589159488678,169104
36.96168851852417,169104
36.96446180343628,169104
36.967238664627075,169104
36.97001075744629,169104
36.972798109054565,169104
36.97556519508362,169104
36.9783353805542,169104
36.98111605644226,169104
36.983891010284424,169104
36.98665690422058,169104
36.98942732810974,169104
36.992212772369385,169104
36.99498152732849,169104
36.997748613357544,169104
37.0005145072937,169104
37.003299951553345,169104
37.006078481674194,169104
37.008843421936035,169104
37.011613607406616,169104
37.01437830924988,169104
37.01715111732483,169104
37.019919872283936,169104
37.022698163986206,169104
37.025468587875366,169104
37.028244495391846,169104
37.03102946281433,169104
37.03381681442261,169104
37.036582469940186,169104
37.03934955596924,169104
37.04212927818298,169104
37.04490303993225,169104
37.047664642333984,169104
37.050437688827515,169104
37.05322337150574,169104
37.05599927902222,169104
37.05876922607422,169104
37.061540842056274,169104
37.0643048286438,169104
37.067089796066284,169104
37.06985831260681,169104
37.07264709472656,169104
37.0754120349884,169104
37.07818841934204,169104
37.080965757369995,169104
37.08374309539795,169104
37.086507081985474,169104
37.089290618896484,169104
37.0920729637146,169104
37.094847440719604,169104
37.09761142730713,169104
37.10038471221924,169104
37.10316824913025,169104
37.10595369338989,169104
37.10871887207031,169104
37.111499309539795,169104
37.11427307128906,169104
37.11704969406128,169104
37.119823694229126,169104
37.122607707977295,169104
37.12537503242493,169104
37.12814974784851,169104
37.130929470062256,169104
37.13370180130005,169104
37.136470794677734,169104
37.13924551010132,169104
37.14203429222107,169104
37.144806146621704,169104
37.147562742233276,169104
37.150338888168335,169104
37.15312910079956,169104
37.1559054851532,169104
37.158671617507935,169104
37.16145658493042,169104
37.16423201560974,169104
37.167011737823486,169104
37.16978597640991,169104
37.17255401611328,169104
37.175318002700806,169104
37.17808127403259,169104
37.1808648109436,169104
37.18363809585571,169104
37.18640756607056,169104
37.189188718795776,169104
37.19196677207947,169104
37.1947238445282,169104
37.19748497009277,169104
37.20025634765625,169104
37.203038930892944,169104
37.20581817626953,169104
37.208582162857056,169104
37.21135902404785,169104
37.21412992477417,169104
37.21690392494202,169104
37.21966910362244,169104
37.222456216812134,169104
37.22523021697998,169104
37.228004455566406,169104
37.230790853500366,169104
37.23356056213379,169104
37.236328125,169104
37.239105224609375,169104
37.2418851852417,169104
37.244651794433594,169104
37.24741768836975,169104
37.250194787979126,169104
37.25298523902893,169104
37.255759954452515,169104
37.2585175037384,169104
37.261292457580566,169104
37.264068841934204,169104
37.26684856414795,169104
37.269615173339844,169104
37.27240180969238,169104
37.27517533302307,169104
37.27794647216797,169104
37.280707597732544,169104
37.28349280357361,169104
37.28626084327698,169104
37.2890419960022,169104
37.291828870773315,169104
37.29460334777832,169104
37.29737424850464,169104
37.3001503944397,169104
37.30294442176819,169104
37.305713415145874,169104
37.30847787857056,169104
37.311257123947144,169104
37.31403350830078,169104
37.316810846328735,169104
37.31957674026489,169104
37.32235908508301,169104
37.32513427734375,169104
37.32791185379028,169104
37.33068084716797,169104
37.33345603942871,169104
37.33623266220093,169104
37.3390052318573,169104
37.341789960861206,169104
37.344549894332886,169104
37.347318172454834,169104
37.350096225738525,169104
37.35289001464844,169104
37.355658769607544,169104
37.358420610427856,169104
37.361205101013184,169104
37.36397624015808,169104
37.366759061813354,169104
37.36952257156372,169104
37.37231397628784,169104
37.37508940696716,169104
37.37786555290222,169104
37.380624532699585,169104
37.383402824401855,169104
37.386170625686646,169104
37.3889422416687,169104
37.39173674583435,169104
37.394495725631714,169104
37.39726638793945,169104
37.4000449180603,169104
37.40283417701721,169104
37.40559506416321,169104
37.408364057540894,169104
37.41114854812622,169104
37.41392731666565,169104
37.416699171066284,169104
37.41945934295654,169104
37.42224740982056,169104
37.42502737045288,169104
37.42779588699341,169104
37.43055701255798,169104
37.43333697319031,169104
37.436116456985474,169104
37.43889808654785,169104
37.44168281555176,169104
37.44445085525513,169104
37.44722080230713,169104
37.450000047683716,169104
37.45278024673462,169104
37.4555459022522,169104
37.458317041397095,169104
37.4610960483551,169104
37.46386909484863,169104
37.46663975715637,169104
37.46940493583679,169104
37.47219681739807,169104
37.474979877471924,169104
37.477755308151245,169104
37.48051881790161,169104
37.483306646347046,169104
37.48608684539795,169104
37.4888699054718,169104
37.49164390563965,169104
37.494415521621704,169104
37.49717855453491,169104
37.49995827674866,169104
37.502742528915405,169104
37.5055046081543,169104
37.50827360153198,169104
37.5110547542572,169104
37.51383876800537,169104
37.5166072845459,169104
37.51937937736511,169104
37.522165060043335,169104
37.52494263648987,169104
37.52770519256592,169104
37.530476570129395,169104
37.53326869010925,169104
37.53604054450989,169104
37.53882074356079,169104
37.54159379005432,169104
37.544366121292114,169104
37.54713797569275,169104
37.54991626739502,169104
37.552698612213135,169104
37.555471658706665,169104
37.55824851989746,169104
37.56103539466858,169104
37.56381154060364,169104
37.56658387184143,169104
37.56935667991638,169104
37.572147369384766,169104
37.574928760528564,169104
37.577696084976196,169104
37.58047127723694,169104
37.583253383636475,169104
37.586028814315796,169104
37.58880090713501,169104
37.591580629348755,169104
37.5943558216095,169104
37.59712886810303,169104
37.59990429878235,169104
37.602681159973145,169104
37.60545825958252,169104
37.6082398891449,169104
37.61102890968323,169104
37.61380171775818,169104
37.616568088531494,169104
37.619340658187866,169104
37.622127532958984,169104
37.62490463256836,169104
37.62767696380615,169104
37.6304452419281,169104
37.633238315582275,169104
37.6360125541687,169104
37.638792753219604,169104
37.64155864715576,169104
37.6443293094635,169104
37.64710521697998,169104
37.64988422393799,169104
37.65266537666321,169104
37.65543270111084,169104
37.65820908546448,169104
37.66099166870117,169104
37.66376280784607,169104
37.66652750968933,169104
37.66930031776428,169104
37.672080278396606,169104
37.67485189437866,169104
37.67762112617493,169104
37.68040728569031,169104
37.68319129943848,169104
37.68604254722595,169104
37.688820600509644,169104
37.69158697128296,169104
37.694356203079224,169104
37.69712781906128,169104
37.69990134239197,169104
37.70267152786255,169104
37.705440044403076,169104
37.708208322525024,169104
37.71099352836609,169104
37.7137668132782,169104
37.716525077819824,169104
37.71929717063904,169104
37.7221302986145,169104
37.72490167617798,169104
37.72767448425293,169104
37.73045229911804,169104
37.73323917388916,169104
37.73601031303406,169104
37.738786697387695,169104
37.74155902862549,169104
37.74433159828186,169104
37.74709939956665,169104
37.74986791610718,169104
37.75264072418213,169104
37.75541615486145,169104
37.75818085670471,169104
37.76096773147583,169104
37.76374673843384,169104
37.76650857925415,169104
37.76927423477173,169104
37.77206587791443,169104
37.774850368499756,169104
37.77762031555176,169104
37.78038930892944,169104
37.78317904472351,169104
37.78595280647278,169104
37.78871297836304,169104
37.791491985321045,169104
37.794273138046265,169104
37.79704833030701,169104
37.79982662200928,169104
37.802597522735596,169104
37.80537176132202,169104
37.80813980102539,169104
37.81092548370361,169104
37.81369662284851,169104
37.81646394729614,169104
37.819236755371094,169104
37.82203006744385,169104
37.82479786872864,169104
37.827556133270264,169104
37.83032202720642,169104
37.83310055732727,169104
37.83586764335632,169104
37.83862924575806,169104
37.84140753746033,169104
37.844184160232544,169104
37.84695553779602,169104
37.849722385406494,169104
37.852498292922974,169104
37.85527157783508,169104
37.85804581642151,169104
37.86083173751831,169104
37.86359930038452,169104
37.86636781692505,169104
37.86913585662842,169104
37.87191891670227,169104
37.87468504905701,169104
37.877461194992065,169104
37.88023567199707,169104
37.88302278518677,169104
37.885799407958984,169104
37.888559103012085,169104
37.89133310317993,169104
37.89410924911499,169104
37.89688491821289,169104
37.89965033531189,169104
37.902427196502686,169104
37.90520477294922,169104
37.90797019004822,169104
37.9107506275177,169104
37.913514375686646,169104
37.916274070739746,169104
37.919047832489014,169104
37.921838998794556,169104
37.92459058761597,169104
37.92735934257507,169104
37.93013143539429,169104
37.93291401863098,169104
37.93567752838135,169104
37.93844652175903,169104
37.94122052192688,169104
37.94400072097778,169104
37.946765422821045,169104
37.94952607154846,169104
37.952308177948,169104
37.95508146286011,169104
37.95784783363342,169104
37.960613489151,169104
37.96338391304016,169104
37.96615719795227,169104
37.96893763542175,169104
37.97172427177429,169104
37.97448992729187,169104
37.97725296020508,169104
37.98003101348877,169104
37.98281240463257,169104
37.985575437545776,169104
37.98834180831909,169104
37.99112057685852,169104
37.99390149116516,169104
37.996665716171265,169104
37.9994330406189,169104
38.00221347808838,169104
38.00499391555786,169104
38.00776267051697,169104
38.010520458221436,169104
38.01329731941223,169104
38.016072273254395,169104
38.01884913444519,169104
38.021626710891724,169104
38.02438044548035,169104
38.02715039253235,169104
38.02992272377014,169104
38.03269720077515,169104
38.03546357154846,169104
38.03823137283325,169104
38.041016817092896,169104
38.04378962516785,169104
38.04654550552368,169104
38.04931902885437,169104
38.05211091041565,169104
38.05488419532776,169104
38.05764865875244,169104
38.060415744781494,169104
38.06319618225098,169104
38.06596612930298,169104
38.0687358379364,169104
38.071516275405884,169104
38.07428002357483,169104
38.07705903053284,169104
38.079838514328,169104
38.0826210975647,169104
38.085391998291016,169104
38.08817529678345,169104
38.09095859527588,169104
38.09374117851257,169104
38.09650754928589,169104
38.09928822517395,169104
38.10207724571228,169104
38.104854106903076,169104
38.107622146606445,169104
38.110398292541504,169104
38.113187074661255,169104
38.115954637527466,169104
38.11872339248657,169104
38.121506690979004,169104
38.12426996231079,169104
38.127044439315796,169104
38.12982201576233,169104
38.1326003074646,169104
38.13536763191223,169104
38.138142585754395,169104
38.14092707633972,169104
38.143696308135986,169104
38.14646005630493,169104
38.14923143386841,169104
38.15202832221985,169104
38.15480852127075,169104
38.15757203102112,169104
38.16033744812012,169104
38.163124084472656,169104
38.16589546203613,169104
38.168675661087036,169104
38.17145323753357,169104
38.17423701286316,169104
38.17702388763428,169104
38.17979955673218,169104
38.18257021903992,169104
38.18534851074219,169104
38.18812084197998,169104
38.192827224731445,169104
38.19811224937439,169104
38.20322799682617,169104
38.20855450630188,169104
38.21358132362366,169104
38.218950033187866,169104
38.22385621070862,169104
38.229127407073975,169104
38.23394751548767,169104
38.239044427871704,169104
38.243874311447144,169104
38.249003171920776,169104
38.253925800323486,169104
38.258965492248535,169104
38.2639594078064,169104
38.26890850067139,169104
38.274009466171265,169104
38.278921604156494,169104
38.28411841392517,169104
38.28906512260437,169104
38.29433012008667,169104
38.299349546432495,169104
38.30466818809509,169104
38.30974888801575,169104
38.31506824493408,169104
38.3202109336853,169104
38.325504302978516,169104
38.330644369125366,169104
38.33593273162842,169104
38.341065645217896,169104
38.34636116027832,169104
38.35149383544922,169104
38.35683059692383,169104
38.36196780204773,169104
38.367265462875366,169104
38.372334718704224,169104
38.37762141227722,169104
38.38254523277283,169104
38.38783931732178,169104
38.392662525177,169104
38.397854804992676,169104
38.40267515182495,169104
38.407792806625366,169104
38.41268467903137,169104
38.417752265930176,169104
38.42271542549133,169104
38.42765188217163,169104
38.43277072906494,169104
38.437649965286255,169104
38.4428551197052,169104
38.44780516624451,169104
38.4530816078186,169104
38.4581036567688,169104
38.463449001312256,169104
38.4685115814209,169104
38.47385859489441,169104
38.47900629043579,169104
38.48434042930603,169104
38.48948574066162,169104
38.49477815628052,169104
38.49990963935852,169104
38.505210161209106,169104
38.510324001312256,169104
38.51562285423279,169104
38.520761251449585,169104
38.52604556083679,169104
38.531087160110474,169104
38.536377906799316,169104
38.54127359390259,169104
38.5465202331543,169104
38.55130219459534,169104
38.55640888214111,169104
38.56124401092529,169104
38.566367626190186,169104
38.571288108825684,169104
38.57634258270264,169104
38.58132863044739,169104
38.586241722106934,169104
38.59136509895325,169104
38.59628915786743,169104
38.60145950317383,169104
38.60643482208252,169104
38.61174917221069,169104
38.61680316925049,169104
38.622167348861694,169104
38.62725877761841,169104
38.63258385658264,169104
38.63772439956665,169104
38.643040895462036,169104
38.648191690444946,169104
38.65350413322449,169104
38.658623933792114,169104
38.663914918899536,169104
38.66905093193054,169104
38.67435145378113,169104
38.67945837974548,169104
38.68477249145508,169104
38.68977332115173,169104
38.695146322250366,169104
38.700056076049805,169104
38.70534920692444,169104
38.71012830734253,169104
38.715235471725464,169104
38.72006916999817,169104
38.72518062591553,169104
38.730116844177246,169104
38.73516607284546,169104
38.74015998840332,169104
38.74510097503662,169104
38.75023174285889,169104
38.75516748428345,169104
38.760347843170166,169104
38.765323877334595,169104
38.77061200141907,169104
38.77568197250366,169104
38.78103756904602,169104
38.78614664077759,169104
38.79145669937134,169104
38.79659914970398,169104
38.80193471908569,169104
38.80708312988281,169104
38.81240153312683,169104
38.81752800941467,169104
38.82286286354065,169104
38.82799482345581,169104
38.83325982093811,169104
38.838385820388794,169104
38.843682289123535,169104
38.848679065704346,169104
38.85402750968933,169104
38.858943939208984,169104
38.86424994468689,169104
38.86902976036072,169104
38.87423276901245,169104
38.879058599472046,169104
38.88419055938721,169104
38.889103174209595,169104
38.894174575805664,169104
38.89916253089905,169104
38.904125690460205,169104
38.90920972824097,169104
38.914143800735474,169104
38.91930675506592,169104
38.92426323890686,169104
38.92953562736511,169104
38.93456244468689,169104
38.93988490104675,169104
38.94496750831604,169104
38.950281381607056,169104
38.95543646812439,169104
38.96076536178589,169104
38.965914487838745,169104
38.97122645378113,169104
38.976365089416504,169104
38.98163843154907,169104
38.986780881881714,169104
38.99210000038147,169104
38.99722599983215,169104
39.00252938270569,169104
39.007619857788086,169104
39.01292371749878,169104
39.01788330078125,169104
39.023221492767334,169104
39.028087854385376,169104
39.03329348564148,169104
39.03806471824646,169104
39.04320049285889,169104
39.0480580329895,169104
39.05311870574951,169104
39.058107137680054,169104
39.063109159469604,169104
39.068156719207764,169104
39.073065757751465,169104
39.07824206352234,169104
39.08318471908569,169104
39.088417530059814,169104
39.09343409538269,169104
39.09874510765076,169104
39.103811264038086,169104
39.109130859375,169104
39.1142795085907,169104
39.119593381881714,169104
39.124746322631836,169104
39.13006114959717,169104
39.13520884513855,169104
39.14049243927002,169104
39.14562773704529,169104
39.15099883079529,169104
39.15612483024597,169104
39.1614043712616,169104
39.16649270057678,169104
39.171826124191284,169104
39.176799297332764,169104
39.18213438987732,169104
39.18701672554016,169104
39.19227409362793,169104
39.197041034698486,169104
39.20219302177429,169104
39.20704388618469,169104
39.21216130256653,169104
39.21711468696594,169104
39.22213268280029,169104
39.227149963378906,169104
39.2320659160614,169104
39.237229347229004,169104
39.24215269088745,169104
39.24736952781677,169104
39.25236654281616,169104
39.25765776634216,169104
39.26274061203003,169104
39.26808786392212,169104
39.27319002151489,169104
39.278499603271484,169104
39.28364586830139,169104
39.2889564037323,169104
39.29411172866821,169104
39.29942440986633,169104
39.30455732345581,169104
39.309885025024414,169104
39.31502175331116,169104
39.320329427719116,169104
39.325443744659424,169104
39.330787658691406,169104
39.33578634262085,169104
39.341147899627686,169104
39.34605097770691,169104
39.351304054260254,169104
39.35608744621277,169104
39.36126136779785,169104
39.36611366271973,169104
39.37123894691467,169104
39.376163721084595,169104
39.38119459152222,169104
39.38617181777954,169104
39.39110803604126,169104
39.39622616767883,169104
39.401148557662964,169104
39.40634751319885,169104
39.411336183547974,169104
39.416611194610596,169104
39.42165160179138,169104
39.426973819732666,169104
39.4320707321167,169104
39.437387466430664,169104
39.44253993034363,169104
39.44785284996033,169104
39.45298910140991,169104
39.45830583572388,169104
39.46343994140625,169104
39.46875262260437,169104
39.47389817237854,169104
39.479241609573364,169104
39.48437309265137,169104
39.489673137664795,169104
39.494788646698,169104
39.50010967254639,169104
39.50511574745178,169104
39.51046895980835,169104
39.515376329422,169104
39.520628690719604,169104
39.525400161743164,169104
39.53050398826599,169104
39.53535032272339,169104
39.540467262268066,169104
39.545416831970215,169104
39.550442934036255,169104
39.55543875694275,169104
39.560354232788086,169104
39.56548595428467,169104
39.57039666175842,169104
39.575602293014526,169104
39.58060169219971,169104
39.58603549003601,169104
39.59106516838074,169104
39.5963499546051,169104
39.601404905319214,169104
39.60672402381897,169104
39.611881494522095,169104
39.617194414138794,169104
39.622342348098755,169104
39.627657413482666,169104
39.63280487060547,169104
39.638073205947876,169104
39.64321255683899,169104
39.64851522445679,169104
39.65363812446594,169104
39.658955335617065,169104
39.664069175720215,169104
39.66938138008118,169104
39.67441010475159,169104
39.67974925041199,169104
39.68465185165405,169104
39.68989038467407,169104
39.69466757774353,169104
39.69983434677124,169104
39.7046685218811,169104
39.709794759750366,169104
39.71472382545471,169104
39.7197687625885,169104
39.72474551200867,169104
39.72965741157532,169104
39.73479914665222,169104
39.739704847335815,169104
39.744908809661865,169104
39.74987602233887,169104
39.75517201423645,169104
39.76018571853638,169104
39.7655234336853,169104
39.77060651779175,169104
39.775935649871826,169104
39.781097173690796,169104
39.78641653060913,169104
39.79155468940735,169104
39.79687571525574,169104
39.80201721191406,169104
39.807318449020386,169104
39.812445878982544,169104
39.81776309013367,169104
39.822898626327515,169104
39.82821464538574,169104
39.83328032493591,169104
39.83860754966736,169104
39.84355592727661,169104
39.84884190559387,169104
39.85367703437805,169104
39.85886597633362,169104
39.8636577129364,169104
39.86876916885376,169104
39.87364602088928,169104
39.878735303878784,169104
39.88368082046509,169104
39.88863205909729,169104
39.89370608329773,169104
39.89862418174744,169104
39.903807640075684,169104
39.90874767303467,169104
39.9140100479126,169104
39.91902232170105,169104
39.92432904243469,169104
39.92939615249634,169104
39.93474745750427,169104
39.939881801605225,169104
39.945210695266724,169104
39.95034050941467,169104
39.955641746520996,169104
39.9607892036438,169104
39.96607422828674,169104
39.97122097015381,169104
39.97653818130493,169104
39.98167967796326,169104
39.98698663711548,169104
39.992074966430664,169104
39.997390270233154,169104
40.00237822532654,169104
40.00772261619568,169104
40.012638568878174,169104
40.01790380477905,169104
40.02268314361572,169104
40.02781319618225,169104
40.032657861709595,169104
40.03779411315918,169104
40.04273843765259,169104
40.047746658325195,169104
40.05273747444153,169104
40.05765891075134,169104
40.0627806186676,169104
40.06766390800476,169104
40.07288455963135,169104
40.077863931655884,169104
40.08314394950867,169104
40.08820366859436,169104
40.093530893325806,169104
40.09860968589783,169104
40.10394048690796,169104
40.10908794403076,169104
40.11441445350647,169104
40.11953854560852,169104
40.124871015548706,169104
40.13000464439392,169104
40.13531255722046,169104
40.1404230594635,169104
40.145732402801514,169104
40.15088224411011,169104
40.15619778633118,169104
40.16121578216553,169104
40.16655707359314,169104
40.17145872116089,169104
40.17675304412842,169104
40.18155217170715,169104
40.18670654296875,169104
40.191529512405396,169104
40.196624517440796,169104
40.20155930519104,169104
40.20659255981445,169104
40.21156620979309,169104
40.216519832611084,169104
40.2215633392334,169104
40.22646689414978,169104
40.231669187545776,169104
40.23665261268616,169104
40.241944789886475,169104
40.24699354171753,169104
40.25233268737793,169104
40.25743079185486,169104
40.262747049331665,169104
40.267881870269775,169104
40.273184061050415,169104
40.27831959724426,169104
40.28362679481506,169104
40.288761615753174,169104
40.29407072067261,169104
40.29918646812439,169104
40.304434299468994,169104
40.30955982208252,169104
40.31489539146423,169104
40.319907426834106,169104
40.325265645980835,169104
40.330161333084106,169104
40.33545112609863,169104
40.34025049209595,169104
40.34538221359253,169104
40.35023808479309,169104
40.355376958847046,169104
40.360294342041016,169104
40.365326166152954,169104
40.370309829711914,169104
40.37526535987854,169104
40.38038969039917,169104
40.38530373573303,169104
40.39049768447876,169104
40.39545226097107,169104
40.40071749687195,169104
40.4057559967041,169104
40.411081314086914,169104
40.41614866256714,169104
40.42146587371826,169104
40.42661666870117,169104
40.431952476501465,169104
40.43709325790405,169104
40.44241189956665,169104
40.447521448135376,169104
40.45283770561218,169104
40.45796012878418,169104
40.46325612068176,169104
40.46837306022644,169104
40.473705530166626,169104
40.47871780395508,169104
40.4840612411499,169104
40.48896622657776,169104
40.49424767494202,169104
40.499024629592896,169104
40.50417184829712,169104
40.508994817733765,169104
40.514092206954956,169104
40.51901817321777,169104
40.52407264709473,169104
40.52903914451599,169104
40.533960580825806,169104
40.539052963256836,169104
40.5439715385437,169104
40.54914832115173,169104
40.554139137268066,169104
40.559404134750366,169104
40.56446075439453,169104
40.569769859313965,169104
40.574851512908936,169104
40.58017182350159,169104
40.58532929420471,169104
40.59064030647278,169104
40.59579300880432,169104
40.601096630096436,169104
40.60625171661377,169104
40.61155819892883,169104
40.61668539047241,169104
40.621986389160156,169104
40.6270809173584,169104
40.6324098110199,169104
40.63738656044006,169104
40.64273476600647,169104
40.6476194858551,169104
40.65287709236145,169104
40.657642126083374,169104
40.66276836395264,169104
40.66760325431824,169104
40.672722578048706,169104
40.67766571044922,169104
40.68268132209778,169104
40.68769335746765,169104
40.69260287284851,169104
40.69777536392212,169104
40.702693939208984,169104
40.707913637161255,169104
40.71289777755737,169104
40.71818661689758,169104
40.72326040267944,169104
40.728599071502686,169104
40.73369884490967,169104
40.739012241363525,169104
40.74416518211365,169104
40.74947214126587,169104
40.75460863113403,169104
40.759925842285156,169104
40.76507520675659,169104
40.77037286758423,169104
40.77550649642944,169104
40.78081393241882,169104
40.785922050476074,169104
40.79124045372009,169104
40.79625105857849,169104
40.80161952972412,169104
40.80650806427002,169104
40.811805963516235,169104
40.816598892211914,169104
40.8217511177063,169104
40.826581716537476,169104
40.8317232131958,169104
40.836647510528564,169104
40.84170460700989,169104
40.84667706489563,169104
40.85163187980652,169104
40.85673451423645,169104
40.861634969711304,169104
40.86682891845703,169104
40.87180256843567,169104
40.87707471847534,169104
40.88214135169983,169104
40.887447357177734,169104
40.892523527145386,169104
40.897836446762085,169104
40.90298271179199,169104
40.90828824043274,169104
40.913434982299805,169104
40.918753147125244,169104
40.923885345458984,169104
40.92917513847351,169104
40.934314250946045,169104
40.93959617614746,169104
40.944722175598145,169104
40.95004343986511,169104
40.955087661743164,169104
40.96042561531067,169104
40.96535038948059,169104
40.970625162124634,169104
40.97543978691101,169104
40.98056101799011,169104
40.985387325286865,169104
40.990487575531006,169104
40.995423793792725,169104
41.000452756881714,169104
41.00544190406799,169104
41.01037883758545,169104
41.0155029296875,169104
41.02040243148804,169104
41.025601625442505,169104
41.030590534210205,169104
41.035873889923096,169104
41.04089832305908,169104
41.04619002342224,169104
41.05129957199097,169104
41.05659222602844,169104
41.061761140823364,169104
41.067084550857544,169104
41.072230100631714,169104
41.077526330947876,169104
41.08265924453735,169104
41.087902545928955,169104
41.09302377700806,169104
41.098318576812744,169104
41.10340619087219,169104
41.108715534210205,169104
41.113691568374634,169104
41.11902570724487,169104
41.123913526535034,169104
41.129151582717896,169104
41.13391041755676,169104
41.13904881477356,169104
41.14391016960144,169104
41.149019956588745,169104
41.153993368148804,169104
41.15900778770447,169104
41.16404581069946,169104
41.16897892951965,169104
41.17414927482605,169104
41.17906212806702,169104
41.18427801132202,169104
41.18927359580994,169104
41.19455051422119,169104
41.19961881637573,169104
41.20497512817383,169104
41.21005916595459,169104
41.21536993980408,169104
41.22050356864929,169104
41.22580862045288,169104
41.23095655441284,169104
41.2362596988678,169104
41.24141836166382,169104
41.24671936035156,169104
41.25186514854431,169104
41.257158279418945,169104
41.262279987335205,169104
41.2675998210907,169104
41.272620677948,169104
41.27796673774719,169104
41.28288173675537,169104
41.28816771507263,169104
41.292983055114746,169104
41.298120737075806,169104
41.30296754837036,169104
41.308098554611206,169104
41.31302547454834,169104
41.3180730342865,169104
41.32306885719299,169104
41.328020095825195,169104
41.33309292793274,169104
41.33796811103821,169104
41.34316396713257,169104
41.34813737869263,169104
41.3533992767334,169104
41.358444929122925,169104
41.363760232925415,169104
41.36882448196411,169104
41.37415266036987,169104
41.37929677963257,169104
41.38462543487549,169104
41.38976263999939,169104
41.39507007598877,169104
41.400206089019775,169104
41.405441999435425,169104
41.41055154800415,169104
41.4158501625061,169104
41.42096781730652,169104
41.4262855052948,169104
41.43128323554993,169104
41.43658804893494,169104
41.44148826599121,169104
41.44676923751831,169104
41.45153522491455,169104
41.456700563430786,169104
41.46154856681824,169104
41.46667551994324,169104
41.471606731414795,169104
41.476643562316895,169104
41.48163914680481,169104
41.486571073532104,169104
41.49169111251831,169104
41.496588945388794,169104
41.50179481506348,169104
41.50678467750549,169104
41.512072801589966,169104
41.517101764678955,169104
41.522417306900024,169104
41.52749228477478,169104
41.5328164100647,169104
41.537962436676025,169104
41.54327154159546,169104
41.54841327667236,169104
41.5537166595459,169104
41.55885314941406,169104
41.56416654586792,169104
41.56930661201477,169104
41.574594259262085,169104
41.579718351364136,169104
41.58507037162781,169104
41.59008240699768,169104
41.59543061256409,169104
41.60034203529358,169104
41.60562252998352,169104
41.610429525375366,169104
41.61557197570801,169104
41.62039661407471,169104
41.62553024291992,169104
41.630441427230835,169104
41.63549256324768,169104
41.64046788215637,169104
41.64540958404541,169104
41.650514364242554,169104
41.655407428741455,169104
41.66059923171997,169104
41.66557216644287,169104
41.67086958885193,169104
41.675928354263306,169104
41.681267738342285,169104
41.68634629249573,169104
41.69164037704468,169104
41.69679307937622,169104
41.7021164894104,169104
41.707260847091675,169104
41.71258330345154,169104
41.717702865600586,169104
41.723034620285034,169104
41.72817325592041,169104
41.733518838882446,169104
41.73864126205444,169104
41.74397134780884,169104
41.74906659126282,169104
41.754393100738525,169104
41.75937104225159,169104
41.76471924781799,169104
41.76960849761963,169104
41.77490448951721,169104
41.779658794403076,169104
41.784820318222046,169104
41.78963780403137,169104
41.79478645324707,169104
41.7997145652771,169104
41.80474591255188,169104
41.809736251831055,169104
41.814643144607544,169104
41.81976914405823,169104
41.8246796131134,169104
41.82989192008972,169104
41.834882497787476,169104
41.84014868736267,169104
41.84521126747131,169104
41.850550413131714,169104
41.85564732551575,169104
41.8609516620636,169104
41.866089820861816,169104
41.87141132354736,169104
41.8765389919281,169104
41.88186573982239,169104
41.8869891166687,169104
41.89233589172363,169104
41.89744758605957,169104
41.90276908874512,169104
41.90784549713135,169104
41.9131760597229,169104
41.9181489944458,169104
41.923460721969604,169104
41.92830038070679,169104
41.933396339416504,169104
41.93817400932312,169104
41.94322085380554,169104
41.94810366630554,169104
41.95319366455078,169104
41.958157777786255,169104
41.96314811706543,169104
41.968202352523804,169104
41.9731125831604,169104
41.97828817367554,169104
41.98324489593506,169104
41.98847508430481,169104
41.99349880218506,169104
41.998807430267334,169104
42.00387668609619,169104
42.009196043014526,169104
42.0143404006958,169104
42.01964235305786,169104
42.02478766441345,169104
42.03008532524109,169104
42.03523111343384,169104
42.04049515724182,169104
42.045632123947144,169104
42.05094647407532,169104
42.05607461929321,169104
42.06138849258423,169104
42.06643295288086,169104
42.071775913238525,169104
42.07669734954834,169104
42.08201503753662,169104
42.086841106414795,169104
42.09206032752991,169104
42.096861362457275,169104
42.101982831954956,169104
42.10685849189758,169104
42.111937284469604,169104
42.116896867752075,169104
42.12188649177551,169104
42.12693643569946,169104
42.131842613220215,169104
42.13700866699219,169104
42.1419620513916,169104
42.14720582962036,169104
42.15223550796509,169104
42.15753531455994,169104
42.16262340545654,169104
42.167932987213135,169104
42.17307710647583,169104
42.17838740348816,169104
42.1835298538208,169104
42.1888427734375,169104
42.1939914226532,169104
42.19924592971802,169104
42.20435690879822,169104
42.209508419036865,169104
42.21444344520569,169104
42.21964883804321,169104
42.22466254234314,169104
42.22995400428772,169104
42.235020875930786,169104
42.24032402038574,169104
42.24545121192932,169104
42.250813245773315,169104
42.255932569503784,169104
42.26123547554016,169104
42.266348361968994,169104
42.27165222167969,169104
42.276753187179565,169104
42.28205919265747,169104
42.28706955909729,169104
42.292444705963135,169104
42.297324419021606,169104
42.30258369445801,169104
42.30733609199524,169104
42.31245160102844,169104
42.31728982925415,169104
42.32240581512451,169104
42.32736039161682,169104
42.332457542419434,169104
42.33750009536743,169104
42.3423912525177,169104
42.34756851196289,169104
42.35249400138855,169104
42.3577721118927,169104
42.36278200149536,169104
42.36812424659729,169104
42.37321186065674,169104
42.378511905670166,169104
42.383641719818115,169104
42.388930797576904,169104
42.394038677215576,169104
42.399330854415894,169104
42.40442895889282,169104
42.40976333618164,169104
42.41477084159851,169104
42.42013621330261,169104
42.42502188682556,169104
42.43028688430786,169104
42.43505096435547,169104
42.4401433467865,169104
42.44498014450073,169104
42.45014309883118,169104
42.455087661743164,169104
42.46016454696655,169104
42.465172290802,169104
42.47009348869324,169104
42.47523093223572,169104
42.48015093803406,169104
42.4853618144989,169104
42.4903302192688,169104
42.49561858177185,169104
42.500648021698,169104
42.50592660903931,169104
42.51104950904846,169104
42.51636219024658,169104
42.52148699760437,169104
42.52675795555115,169104
42.53186750411987,169104
42.537155866622925,169104
42.542236328125,169104
42.54756832122803,169104
42.552536964416504,169104
42.55786323547363,169104
42.56274676322937,169104
42.56794452667236,169104
42.57270002365112,169104
42.577818393707275,169104
42.582667112350464,169104
42.5878221988678,169104
42.592777252197266,169104
42.59778046607971,169104
42.60286355018616,169104
42.60777711868286,169104
42.61296629905701,169104
42.61793041229248,169104
42.6231791973114,169104
42.62820816040039,169104
42.63350772857666,169104
42.6386137008667,169104
42.64392399787903,169104
42.649022817611694,169104
42.65434718132019,169104
42.65944170951843,169104
42.66476607322693,169104
42.6698534488678,169104
42.67520594596863,169104
42.68017315864563,169104
42.68549370765686,169104
42.69033765792847,169104
42.6955771446228,169104
42.7003173828125,169104
42.70543575286865,169104
42.71029758453369,169104
42.715423583984375,169104
42.7203631401062,169104
42.72535419464111,169104
42.73041844367981,169104
42.73533058166504,169104
42.74048900604248,169104
42.74545764923096,169104
42.750688314437866,169104
42.7557110786438,169104
42.76105546951294,169104
42.766119956970215,169104
42.771374464035034,169104
42.776480197906494,169104
42.78178548812866,169104
42.78689956665039,169104
42.792232513427734,169104
42.797324657440186,169104
42.80268049240112,169104
42.80769371986389,169104
42.81304383277893,169104
42.81792879104614,169104
42.82320261001587,169104
42.82794809341431,169104
42.83306813240051,169104
42.83790135383606,169104
42.843071699142456,169104
42.84801959991455,169104
42.85307836532593,169104
42.858075857162476,169104
42.862993478775024,169104
42.868165016174316,169104
42.87307357788086,169104
42.87831425666809,169104
42.88330078125,169104
42.88860583305359,169104
42.893646240234375,169104
42.898948192596436,169104
42.90407681465149,169104
42.909377098083496,169104
42.91448187828064,169104
42.919788122177124,169104
42.92489409446716,169104
42.9302659034729,169104
42.93535804748535,169104
42.940648794174194,169104
42.94566249847412,169104
42.951024770736694,169104
42.95589089393616,169104
42.961185693740845,169104
42.965951442718506,169104
42.971155405044556,169104
42.97597789764404,169104
42.981119871139526,169104
42.98605799674988,169104
42.991113901138306,169104
42.99611258506775,169104
43.00104904174805,169104
43.00618314743042,169104
43.01110816001892,169104
43.01630449295044,169104
43.02130150794983,169104
43.02659487724304,169104
43.03164100646973,169104
43.03696632385254,169104
43.042088747024536,169104
43.04737043380737,169104
43.052486181259155,169104
43.05781435966492,169104
43.06292366981506,169104
43.06821417808533,169104
43.07330799102783,169104
43.078614473342896,169104
43.083619832992554,169104
43.08897852897644,169104
43.09387445449829,169104
43.09917879104614,169104
43.10394358634949,169104
43.109076261520386,169104
43.113919734954834,169104
43.119027614593506,169104
43.123976707458496,169104
43.12899446487427,169104
43.134015798568726,169104
43.13893389701843,169104
43.144129276275635,169104
43.1490273475647,169104
43.15429210662842,169104
43.15928506851196,169104
43.16460132598877,169104
43.16962814331055,169104
43.17492175102234,169104
43.180046796798706,169104
43.18536424636841,169104
43.19046425819397,169104
43.195794105529785,169104
43.20089864730835,169104
43.2061812877655,169104
43.211261510849,169104
43.21654772758484,169104
43.221498012542725,169104
43.226890325546265,169104
43.231743812561035,169104
43.23696780204773,169104
43.2417106628418,169104
43.2468204498291,169104
43.25167751312256,169104
43.2567982673645,169104
43.26175594329834,169104
43.26678395271301,169104
43.27185010910034,169104
43.27675914764404,169104
43.28194260597229,169104
43.28686833381653,169104
43.292147397994995,169104
43.29717779159546,169104
43.30250883102417,169104
43.307563066482544,169104
43.312854528427124,169104
43.317988872528076,169104
43.32327914237976,169104
43.32838559150696,169104
43.3336968421936,169104
43.33878803253174,169104
43.34408783912659,169104
43.349114179611206,169104
43.354474782943726,169104
43.35938310623169,169104
43.364688873291016,169104
43.36948013305664,169104
43.37462306022644,169104
43.379441261291504,169104
43.38460326194763,169104
43.389519929885864,169104
43.39461922645569,169104
43.39958953857422,169104
43.40450644493103,169104
43.409634828567505,169104
43.4145405292511,169104
43.419780015945435,169104
43.42475914955139,169104
43.430063247680664,169104
43.4351224899292,169104
43.44040012359619,169104
43.44552230834961,169104
43.45083975791931,169104
43.45594096183777,169104
43.46123433113098,169104
43.46632099151611,169104
43.471630334854126,169104
43.47669768333435,169104
43.48205018043518,169104
43.48697638511658,169104
43.49230408668518,169104
43.49709367752075,169104
43.502249002456665,169104
43.50705432891846,169104
43.51220631599426,169104
43.517112493515015,169104
43.52219915390015,169104
43.527175426483154,169104
43.532134771347046,169104
43.537229776382446,169104
43.54214549064636,169104
43.54733109474182,169104
43.55230498313904,169104
43.5575909614563,169104
43.562628984451294,169104
43.567925691604614,169104
43.57304096221924,169104
43.57835292816162,169104
43.58347034454346,169104
43.58878135681152,169104
43.59388613700867,169104
43.59919881820679,169104
43.60430335998535,169104
43.60965037345886,169104
43.6146514415741,169104
43.62000346183777,169104
43.62489080429077,169104
43.63013958930969,169104
43.63489890098572,169104
43.64004588127136,169104
43.64489984512329,169104
43.65006470680237,169104
43.6550178527832,169104
43.660064697265625,169104
43.665095806121826,169104
43.66999912261963,169104
43.675188302993774,169104
43.68010926246643,169104
43.68540000915527,169104
43.69041919708252,169104
43.69578814506531,169104
43.70085263252258,169104
43.70614528656006,169104
43.711262464523315,169104
43.71656775474548,169104
43.7216591835022,169104
43.72694802284241,169104
43.732051372528076,169104
43.7373788356781,169104
43.742408990859985,169104
43.74773979187012,169104
43.75263071060181,169104
43.757935762405396,169104
43.76270055770874,169104
43.76785063743591,169104
43.7726674079895,169104
43.777846336364746,169104
43.78277277946472,169104
43.78779983520508,169104
43.79281520843506,169104
43.797746419906616,169104
43.80294322967529,169104
43.807902097702026,169104
43.813183069229126,169104
43.81821322441101,169104
43.82351994514465,169104
43.82859015464783,169104
43.83391070365906,169104
43.839031457901,169104
43.84433603286743,169104
43.849437952041626,169104
43.854700803756714,169104
43.85979771614075,169104
43.8651328086853,169104
43.87020254135132,169104
43.87551164627075,169104
43.88044714927673,169104
43.88576817512512,169104
43.8905930519104,169104
43.89578366279602,169104
43.90056395530701,169104
43.90568733215332,169104
43.91057085990906,169104
43.91565203666687,169104
43.920605421066284,169104
43.92555022239685,169104
43.93063807487488,169104
43.935542821884155,169104
43.94075870513916,169104
43.945720911026,169104
43.95103359222412,169104
43.95606827735901,169104
43.961349964141846,169104
43.96644854545593,169104
43.97175407409668,169104
43.97686696052551,169104
43.98217844963074,169104
43.987271785736084,169104
43.99261403083801,169104
43.99768877029419,169104
44.00301170349121,169104
44.00794839859009,169104
44.0132794380188,169104
44.018097162246704,169104
44.02328634262085,169104
44.02805185317993,169104
44.033212423324585,169104
44.038105964660645,169104
44.04318451881409,169104
44.04815077781677,169104
44.05310273170471,169104
44.0582070350647,169104
44.06310248374939,169104
44.0683012008667,169104
44.07327651977539,169104
44.07856035232544,169104
44.08360457420349,169104
44.088881492614746,169104
44.094011545181274,169104
44.09931659698486,169104
44.1044237613678,169104
44.10970139503479,169104
44.11481237411499,169104
44.12014126777649,169104
44.12522554397583,169104
44.13053274154663,169104
44.13548135757446,169104
44.14081358909607,169104
44.145620822906494,169104
44.15082311630249,169104
44.15559363365173,169104
44.160715103149414,169104
44.165610790252686,169104
44.17068123817444,169104
44.1756432056427,169104
44.18058133125305,169104
44.18568992614746,169104
44.19059634208679,169104
44.19581317901611,169104
44.20079326629639,169104
44.20607018470764,169104
44.21112036705017,169104
44.21640682220459,169104
44.22151756286621,169104
44.22681975364685,169104
44.23193383216858,169104
44.23724389076233,169104
44.24234318733215,169104
44.24765729904175,169104
44.252750396728516,169104
44.25803279876709,169104
44.26298260688782,169104
44.26828646659851,169104
44.27310132980347,169104
44.27827048301697,169104
44.28307342529297,169104
44.28824806213379,169104
44.293142795562744,169104
44.298200368881226,169104
44.30317306518555,169104
44.3081214427948,169104
44.31323432922363,169104
44.318154096603394,169104
44.323322057724,169104
44.328287839889526,169104
44.333574295043945,169104
44.33860802650452,169104
44.343915700912476,169104
44.349029541015625,169104
44.35434174537659,169104
44.35948657989502,169104
44.36477994918823,169104
44.369885206222534,169104
44.37523627281189,169104
44.380326986312866,169104
44.38565182685852,169104
44.39065456390381,169104
44.396007776260376,169104
44.40090489387512,169104
44.40616846084595,169104
44.41095423698425,169104
44.4161102771759,169104
44.4209566116333,169104
44.426111698150635,169104
44.43105983734131,169104
44.4360716342926,169104
44.44107985496521,169104
44.445982217788696,169104
44.45112705230713,169104
44.45605397224426,169104
44.46127247810364,169104
44.466283559799194,169104
44.47161555290222,169104
44.4766571521759,169104
44.481955766677856,169104
44.48707842826843,169104
44.492387771606445,169104
44.49748730659485,169104
44.50284743309021,169104
44.50794529914856,169104
44.51325464248657,169104
44.51832962036133,169104
44.523659467697144,169104
44.52859377861023,169104
44.533915281295776,169104
44.5387179851532,169104
44.5439977645874,169104
44.54879355430603,169104
44.55390787124634,169104
44.558777809143066,169104
44.56386137008667,169104
44.5688157081604,169104
44.573787450790405,169104
44.57887411117554,169104
44.58380174636841,169104
44.58899474143982,169104
44.59395098686218,169104
44.59923267364502,169104
44.60426926612854,169104
44.60958647727966,169104
44.61470437049866,169104
44.619993925094604,169104
44.625121116638184,169104
44.630422592163086,169104
44.635528564453125,169104
44.64086937904358,169104
44.64597797393799,169104
44.65130829811096,169104
44.65632200241089,169104
44.66166162490845,169104
44.666526079177856,169104
44.671791315078735,169104
44.67653036117554,169104
44.68167448043823,169104
44.68651509284973,169104
44.69160985946655,169104
44.696568727493286,169104
44.701600790023804,169104
44.70663356781006,169104
44.7115478515625,169104
44.716734409332275,169104
44.7216591835022,169104
44.726916790008545,169104
44.73193860054016,169104
44.737287759780884,169104
44.742366313934326,169104
44.747650384902954,169104
44.75278925895691,169104
44.758105516433716,169104
44.76321744918823,169104
44.768529176712036,169104
44.7736291885376,169104
44.778945446014404,169104
44.78400683403015,169104
44.78933906555176,169104
44.79422426223755,169104
44.799551248550415,169104
44.80432629585266,169104
44.8094744682312,169104
44.814300537109375,169104
44.819419145584106,169104
44.8243510723114,169104
44.82937455177307,169104
44.83437776565552,169104
44.83928442001343,169104
44.844451665878296,169104
44.849369287490845,169104
44.85460019111633,169104
44.85959601402283,169104
44.86494040489197,169104
44.869993686676025,169104
44.87529373168945,169104
44.88041687011719,169104
44.885716676712036,169104
44.890833616256714,169104
44.896140575408936,169104
44.901252031326294,169104
44.90656924247742,169104
44.91167068481445,169104
44.9170081615448,169104
44.92201542854309,169104
44.927377223968506,169104
44.9322612285614,169104
44.93751311302185,169104
44.94227075576782,169104
44.947362661361694,169104
44.952210664749146,169104
44.95736837387085,169104
44.962329626083374,169104
44.96736145019531,169104
44.97239351272583,169104
44.97729182243347,169104
44.98249006271362,169104
44.98739051818848,169104
44.99265265464783,169104
44.997642517089844,169104
45.00297141075134,169104
45.008015632629395,169104
45.013291120529175,169104
45.01841926574707,169104
45.023744106292725,169104
45.028844356536865,169104
45.034133195877075,169104
45.03922486305237,169104
45.04454326629639,169104
45.049582719802856,169104
45.054925203323364,169104
45.05980920791626,169104
45.06511092185974,169104
45.06987810134888,169104
45.075042724609375,169104
45.0799720287323,169104
45.08511519432068,169104
45.09000635147095,169104
45.09512805938721,169104
45.100088119506836,169104
45.10503387451172,169104
45.110124588012695,169104
45.11504340171814,169104
45.12024736404419,169104
45.12523317337036,169104
45.13051199913025,169104
45.13556170463562,169104
45.140910625457764,169104
45.14602613449097,169104
45.15134048461914,169104
45.156458377838135,169104
45.16170954704285,169104
45.16683006286621,169104
45.17216897010803,169104
45.17725491523743,169104
45.18258500099182,169104
45.18758153915405,169104
45.192939043045044,169104
45.19782042503357,169104
45.20307517051697,169104
45.207834005355835,169104
45.21299409866333,169104
45.21783089637756,169104
45.22308373451233,169104
45.22801923751831,169104
45.23308205604553,169104
45.23807692527771,169104
45.243001222610474,169104
45.248133182525635,169104
45.25304293632507,169104
45.258270502090454,169104
45.26327204704285,169104
45.268563985824585,169104
45.273605823516846,169104
45.27888512611389,169104
45.28401970863342,169104
45.28933620452881,169104
45.2944610118866,169104
45.29978036880493,169104
45.304884910583496,169104
45.310243368148804,169104
45.31534552574158,169104
45.3206672668457,169104
45.325687646865845,169104
45.33102083206177,169104
45.33589768409729,169104
45.34116768836975,169104
45.34592413902283,169104
45.3510901927948,169104
45.3559250831604,169104
45.36105799674988,169104
45.366002798080444,169104
45.371057748794556,169104
45.37605381011963,169104
45.380982637405396,169104
45.386147260665894,169104
45.39106321334839,169104
45.39628791809082,169104
45.40130662918091,169104
45.40659213066101,169104
45.41165494918823,169104
45.41696238517761,169104
45.4220917224884,169104
45.4273784160614,169104
45.43248891830444,169104
45.43779253959656,169104
45.442901611328125,169104
45.4482262134552,169104
45.45331382751465,169104
45.45860481262207,169104
45.4635534286499,169104
45.46887278556824,169104
45.473708629608154,169104
45.47897219657898,169104
45.483765602111816,169104
45.48893761634827,169104
45.49385213851929,169104
45.498921394348145,169104
45.50389766693115,169104
45.5088210105896,169104
45.513920307159424,169104
45.51882743835449,169104
45.524054288864136,169104
45.52901840209961,169104
45.5343279838562,169104
45.53934907913208,169104
45.54462647438049,169104
45.54973864555359,169104
45.55504393577576,169104
45.56014704704285,169104
45.56546473503113,169104
45.57054567337036,169104
45.5758752822876,169104
45.58095383644104,169104
45.58625602722168,169104
45.59118151664734,169104
45.596503019332886,169104
45.601316690444946,169104
45.60655903816223,169104
45.61135196685791,169104
45.616485357284546,169104
45.62138605117798,169104
45.62650942802429,169104
45.631476402282715,169104
45.6364266872406,169104
45.64153027534485,169104
45.6464409828186,169104
45.651631355285645,169104
45.65660095214844,169104
45.66190528869629,169104
45.666932106018066,169104
45.67227339744568,169104
45.677377700805664,169104
45.682687520980835,169104
45.68779540061951,169104
45.69305372238159,169104
45.698158979415894,169104
45.703489542007446,169104
45.708600997924805,169104
45.71392226219177,169104
45.718963623046875,169104
45.72427821159363,169104
45.729151487350464,169104
45.73446226119995,169104
45.73922777175903,169104
45.74435591697693,169104
45.749192237854004,169104
45.75434589385986,169104
45.75927400588989,169104
45.76428699493408,169104
45.769293546676636,169104
45.77422118186951,169104
45.779383182525635,169104
45.784305810928345,169104
45.78953671455383,169104
45.79452657699585,169104
45.79984474182129,169104
45.804951906204224,169104
45.810266971588135,169104
45.81538128852844,169104
45.82071375846863,169104
45.82583451271057,169104
45.83115911483765,169104
45.836233615875244,169104
45.84153079986572,169104
45.84649658203125,169104
45.85183787345886,169104
45.85664367675781,169104
45.86191701889038,169104
45.86666297912598,169104
45.87174081802368,169104
45.87660074234009,169104
45.88169741630554,169104
45.886640787124634,169104
45.89160466194153,169104
45.89668560028076,169104
45.90162134170532,169104
45.90682554244995,169104
45.9117956161499,169104
45.917075395584106,169104
45.92211699485779,169104
45.927420139312744,169104
45.93254542350769,169104
45.937833309173584,169104
45.94295573234558,169104
45.94823598861694,169104
45.95336580276489,169104
45.95866870880127,169104
45.963773250579834,169104
45.96908378601074,169104
45.974124908447266,169104
45.97945284843445,169104
45.98433780670166,169104
45.989667892456055,169104
45.994455099105835,169104
45.99959397315979,169104
46.0044310092926,169104
46.009583950042725,169104
46.01452708244324,169104
46.0195734500885,169104
46.02455806732178,169104
46.029468297958374,169104
46.03460383415222,169104
46.039485692977905,169104
46.04472088813782,169104
46.04970932006836,169104
46.05503463745117,169104
46.06006574630737,169104
46.065366983413696,169104
46.07049560546875,169104
46.07581377029419,169104
46.0809326171875,169104
46.08623385429382,169104
46.09133458137512,169104
46.09662103652954,169104
46.10171437263489,169104
46.107014894485474,169104
46.11195468902588,169104
46.11731958389282,169104
46.12214112281799,169104
46.12727642059326,169104
46.132068157196045,169104
46.13722205162048,169104
46.142136573791504,169104
46.14720320701599,169104
46.15197515487671,169104
46.1547634601593,169104
46.15753507614136,169104
46.16031789779663,169104
46.16310167312622,169104
46.165892124176025,169104
46.168657064437866,169104
46.17143201828003,169104
46.174198627471924,169104
46.1769962310791,169104
46.1797821521759,169104
46.182562589645386,169104
46.18658232688904,169104
46.1918523311615,169104
46.196627616882324,169104
46.20178031921387,169104
46.20694875717163,169104
46.211979150772095,169104
46.21691346168518,169104
46.22210216522217,169104
46.227041482925415,169104
46.23228573799133,169104
46.23732233047485,169104
46.242674827575684,169104
46.2477822303772,169104
46.253105878829956,169104
46.25823187828064,169104
46.26350212097168,169104
46.26862168312073,169104
46.27397871017456,169104
46.27910542488098,169104
46.28444218635559,169104
46.289496660232544,169104
46.29487061500549,169104
46.29978680610657,169104
46.30515098571777,169104
46.309924840927124,169104
46.31598782539368,169104
46.321057081222534,169104
46.32640337944031,169104
46.33129525184631,169104
46.33667302131653,169104
46.3414671421051,169104
46.3466317653656,169104
46.351465940475464,169104
46.35668134689331,169104
46.36164140701294,169104
46.366700172424316,169104
46.371742725372314,169104
46.376646757125854,169104
46.381850481033325,169104
46.38675308227539,169104
46.392019271850586,169104
46.39703035354614,169104
46.4023859500885,169104
46.407450437545776,169104
46.412760496139526,169104
46.41788649559021,169104
46.42319703102112,169104
46.42829656600952,169104
46.433642625808716,169104
46.43873572349548,169104
46.44404578208923,169104
46.4490327835083,169104
46.45441198348999,169104
46.459299087524414,169104
46.464505672454834,169104
46.46925163269043,169104
46.47439503669739,169104
46.47925925254822,169104
46.484381437301636,169104
46.4893639087677,169104
46.494513750076294,169104
46.499584436416626,169104
46.50450110435486,169104
46.509687662124634,169104
46.51461482048035,169104
46.51987981796265,169104
46.524892807006836,169104
46.53020429611206,169104
46.53532576560974,169104
46.54059028625488,169104
46.5456907749176,169104
46.55103802680969,169104
46.55613112449646,169104
46.56144642829895,169104
46.5664541721344,169104
46.57180190086365,169104
46.576664209365845,169104
46.581963777542114,169104
46.586694955825806,169104
46.59186553955078,169104
46.59671354293823,169104
46.60186314582825,169104
46.606831789016724,169104
46.611833810806274,169104
46.61690425872803,169104
46.62181520462036,169104
46.62699842453003,169104
46.631945848464966,169104
46.63724136352539,169104
46.6422860622406,169104
46.64759373664856,169104
46.65270709991455,169104
46.65803265571594,169104
46.663153648376465,169104
46.6684467792511,169104
46.67353916168213,169104
46.67884922027588,169104
46.68387842178345,169104
46.68920969963074,169104
46.69410419464111,169104
46.6994264125824,169104
46.7042510509491,169104
46.70942163467407,169104
46.714255809783936,169104
46.719411849975586,169104
46.72436857223511,169104
46.729435443878174,169104
46.73446536064148,169104
46.73936319351196,169104
46.74457406997681,169104
46.749462366104126,169104
46.7546648979187,169104
46.75966119766235,169104
46.76500725746155,169104
46.77007293701172,169104
46.77540349960327,169104
46.78051424026489,169104
46.78577184677124,169104
46.7908673286438,169104
46.79622721672058,169104
46.80132842063904,169104
46.80669450759888,169104
46.811702728271484,169104
46.817065715789795,169104
46.82195782661438,169104
46.82721018791199,169104
46.83196544647217,169104
46.83712148666382,169104
46.841976165771484,169104
46.8471143245697,169104
46.85211682319641,169104
46.85715460777283,169104
46.86221361160278,169104
46.867127895355225,169104
46.87231683731079,169104
46.87725305557251,169104
46.88255000114441,169104
46.887571811676025,169104
46.892863512039185,169104
46.89796733856201,169104
46.90328001976013,169104
46.90838980674744,169104
46.9137020111084,169104
46.918784856796265,169104
46.92411494255066,169104
46.92912793159485,169104
46.934484243392944,169104
46.939361810684204,169104
46.944660902023315,169104
46.94942283630371,169104
46.95464015007019,169104
46.959460496902466,169104
46.96463131904602,169104
46.96959376335144,169104
46.974597454071045,169104
46.979636430740356,169104
46.984535694122314,169104
46.98972034454346,169104
46.994648456573486,169104
46.99993705749512,169104
47.00495529174805,169104
47.01028227806091,169104
47.01540565490723,169104
47.02072072029114,169104
47.02582907676697,169104
47.03117537498474,169104
47.036269426345825,169104
47.04156494140625,169104
47.04662203788757,169104
47.051945209503174,169104
47.056859254837036,169104
47.062187910079956,169104
47.06698536872864,169104
47.07218074798584,169104
47.0769989490509,169104
47.08214235305786,169104
47.08706331253052,169104
47.09213376045227,169104
47.097150802612305,169104
47.102092266082764,169104
47.10723900794983,169104
47.112133741378784,169104
47.117387533187866,169104
47.122397899627686,169104
47.12774300575256,169104
47.13281798362732,169104
47.13811993598938,169104
47.143232345581055,169104
47.148475885391235,169104
47.153571128845215,169104
47.15890097618103,169104
47.16398549079895,169104
47.16932153701782,169104
47.17426562309265,169104
47.17963671684265,169104
47.18447160720825,169104
47.18966007232666,169104
47.19448256492615,169104
47.19959092140198,169104
47.20451593399048,169104
47.20955276489258,169104
47.214550256729126,169104
47.21945071220398,169104
47.224645376205444,169104
47.22954487800598,169104
47.23480272293091,169104
47.23979902267456,169104
47.24513125419617,169104
47.250200510025024,169104
47.255515813827515,169104
47.26061296463013,169104
47.26592683792114,169104
47.271013021469116,169104
47.276325941085815,169104
47.281409740448,169104
47.2867476940155,169104
47.291701316833496,169104
47.2970495223999,169104
47.301904916763306,169104
47.30712175369263,169104
47.311909675598145,169104
47.31703495979309,169104
47.32192850112915,169104
47.32703161239624,169104
47.332003355026245,169104
47.33694291114807,169104
47.34208655357361,169104
47.34697461128235,169104
47.35216188430786,169104
47.35713219642639,169104
47.36243033409119,169104
47.36747455596924,169104
47.37278866767883,169104
47.37790632247925,169104
47.38317012786865,169104
47.388278007507324,169104
47.39362382888794,169104
47.398714542388916,169104
47.404080390930176,169104
47.409037828445435,169104
47.414387226104736,169104
47.41923189163208,169104
47.42446041107178,169104
47.4292414188385,169104
47.43437695503235,169104
47.43926382064819,169104
47.44436049461365,169104
47.44933271408081,169104
47.454293966293335,169104
47.459404945373535,169104
47.46431350708008,169104
47.469526529312134,169104
47.4745032787323,169104
47.47981858253479,169104
47.48485732078552,169104
47.490187644958496,169104
47.49532651901245,169104
47.50062441825867,169104
47.505714893341064,169104
47.51106548309326,169104
47.51615905761719,169104
47.52147054672241,169104
47.52648138999939,169104
47.531848192214966,169104
47.53671050071716,169104
47.54201102256775,169104
47.54679298400879,169104
47.5520281791687,169104
47.55685591697693,169104
47.5620174407959,169104
47.56696534156799,169104
47.57202744483948,169104
47.577049255371094,169104
47.5819673538208,169104
47.58715629577637,169104
47.592063426971436,169104
47.59731078147888,169104
47.60231590270996,169104
47.6076455116272,169104
47.61271357536316,169104
47.618022441864014,169104
47.62314033508301,169104
47.628453969955444,169104
47.633564710617065,169104
47.638903856277466,169104
47.6440155506134,169104
47.649332761764526,169104
47.654335498809814,169104
47.659695863723755,169104
47.6645884513855,169104
47.66981291770935,169104
47.67457151412964,169104
47.679717779159546,169104
47.68457865715027,169104
47.68972110748291,169104
47.694711446762085,169104
47.699719190597534,169104
47.70481491088867,169104
47.70968723297119,169104
47.71489357948303,169104
47.7198121547699,169104
47.725080728530884,169104
47.73010873794556,169104
47.735373735427856,169104
47.740490674972534,169104
47.74580264091492,169104
47.750896692276,169104
47.756245136260986,169104
47.76133942604065,169104
47.76666188240051,169104
47.77167987823486,169104
47.777098655700684,169104
47.7819983959198,169104
47.78727316856384,169104
47.79203820228577,169104
47.797179222106934,169104
47.802032709121704,169104
47.807146310806274,169104
47.81213426589966,169104
47.81715440750122,169104
47.822203159332275,169104
47.82709217071533,169104
47.83228778839111,169104
47.83722448348999,169104
47.84247636795044,169104
47.84749174118042,169104
47.852803468704224,169104
47.857903480529785,169104
47.86319947242737,169104
47.86829090118408,169104
47.873615980148315,169104
47.87870812416077,169104
47.8840389251709,169104
47.88904523849487,169104
47.89438080787659,169104
47.89927577972412,169104
47.90451097488403,169104
47.90926647186279,169104
47.91441988945007,169104
47.91925930976868,169104
47.9244225025177,169104
47.929409980773926,169104
47.934428691864014,169104
47.939496755599976,169104
47.94440507888794,169104
47.94959759712219,169104
47.954559326171875,169104
47.95984387397766,169104
47.96485948562622,169104
47.97017979621887,169104
47.975274324417114,169104
47.980560541152954,169104
47.98566031455994,169104
47.99101281166077,169104
47.996110916137695,169104
48.00144410133362,169104
48.006481409072876,169104
48.011836767196655,169104
48.01672053337097,169104
48.0219943523407,169104
48.026782274246216,169104
48.03198766708374,169104
48.03683400154114,169104
48.04200100898743,169104
48.04694604873657,169104
48.05202841758728,169104
48.05703115463257,169104
48.0619375705719,169104
48.067134380340576,169104
48.07204532623291,169104
48.077266693115234,169104
48.08228325843811,169104
48.087597131729126,169104
48.09268760681152,169104
48.09800910949707,169104
48.103123903274536,169104
48.10838031768799,169104
48.11348342895508,169104
48.118812799453735,169104
48.12388825416565,169104
48.12920045852661,169104
48.13413453102112,169104
48.1394522190094,169104
48.1442813873291,169104
48.14954233169556,169104
48.15434384346008,169104
48.1594672203064,169104
48.164406538009644,169104
48.169411182403564,169104
48.1744327545166,169104
48.179314374923706,169104
48.18450617790222,169104
48.18943166732788,169104
48.194716930389404,169104
48.1997230052948,169104
48.205074310302734,169104
48.21017599105835,169104
48.215466022491455,169104
48.220553159713745,169104
48.22591853141785,169104
48.231027364730835,169104
48.236361503601074,169104
48.24141240119934,169104
48.24675536155701,169104
48.25163984298706,169104
48.25694012641907,169104
48.26172661781311,169104
48.26691150665283,169104
48.271761655807495,169104
48.27691864967346,169104
48.281861782073975,169104
48.28689360618591,169104
48.29192876815796,169104
48.29686403274536,169104
48.30206084251404,169104
48.30695390701294,169104
48.31219029426575,169104
48.31719493865967,169104
48.32250452041626,169104
48.32756328582764,169104
48.3328595161438,169104
48.337985038757324,169104
48.343287229537964,169104
48.348392724990845,169104
48.35370755195618,169104
48.35879611968994,169104
48.36411643028259,169104
48.36911702156067,169104
48.37454295158386,169104
48.379436016082764,169104
48.384663581848145,169104
48.38942551612854,169104
48.394593715667725,169104
48.39944076538086,169104
48.404542207717896,169104
48.40950059890747,169104
48.41453433036804,169104
48.41961860656738,169104
48.424511432647705,169104
48.42971730232239,169104
48.43468523025513,169104
48.439988136291504,169104
48.44502353668213,169104
48.45034956932068,169104
48.45547366142273,169104
48.4608108997345,169104
48.465904712677,169104
48.471211194992065,169104
48.476304054260254,169104
48.48161339759827,169104
48.48662042617798,169104
48.49198770523071,169104
48.496875286102295,169104
48.50215721130371,169104
48.50691103935242,169104
48.51208710670471,169104
48.51693868637085,169104
48.522177934646606,169104
48.527153730392456,169104
48.53220748901367,169104
48.537232637405396,169104
48.54214787483215,169104
48.54732799530029,169104
48.552263498306274,169104
48.55748105049133,169104
48.56248617172241,169104
48.56780815124512,169104
48.57291650772095,169104
48.578232765197754,169104
48.583343267440796,169104
48.58864426612854,169104
48.59375190734863,169104
48.59909462928772,169104
48.6041624546051,169104
48.609498739242554,169104
48.6144323348999,169104
48.6197144985199,169104
48.62454104423523,169104
48.62973499298096,169104
48.63455295562744,169104
48.639686584472656,169104
48.644628047943115,169104
48.649662733078,169104
48.65467691421509,169104
48.65958571434021,169104
48.66478872299194,169104
48.66967582702637,169104
48.67495059967041,169104
48.679943323135376,169104
48.6852970123291,169104
48.69035220146179,169104
48.69568848609924,169104
48.70081901550293,169104
48.70611572265625,169104
48.711227893829346,169104
48.71655297279358,169104
48.72165513038635,169104
48.72697567939758,169104
48.731969594955444,169104
48.737305641174316,169104
48.74216175079346,169104
48.74745011329651,169104
48.75222587585449,169104
48.75735664367676,169104
48.762229681015015,169104
48.76730561256409,169104
48.772276878356934,169104
48.77724814414978,169104
48.78235936164856,169104
48.787253856658936,169104
48.79245901107788,169104
48.79741358757019,169104
48.802703857421875,169104
48.807751178741455,169104
48.81305193901062,169104
48.818164587020874,169104
48.823447465896606,169104
48.828531980514526,169104
48.83390522003174,169104
48.838998317718506,169104
48.84432935714722,169104
48.84931421279907,169104
48.854676246643066,169104
48.85955739021301,169104
48.864819049835205,169104
48.86957502365112,169104
48.874756813049316,169104
48.87961006164551,169104
48.88478469848633,169104
48.8897705078125,169104
48.89481449127197,169104
48.8998966217041,169104
48.9048228263855,169104
48.91000294685364,169104
48.91495227813721,169104
48.920246839523315,169104
48.92528939247131,169104
48.93056607246399,169104
48.935681104660034,169104
48.94101428985596,169104
48.946105003356934,169104
48.95143461227417,169104
48.95651602745056,169104
48.96184158325195,169104
48.96685433387756,169104
48.97227168083191,169104
48.97713923454285,169104
48.98239588737488,169104
48.987157583236694,169104
48.9923210144043,169104
48.99716305732727,169104
49.00227952003479,169104
49.00724124908447,169104
49.01228857040405,169104
49.017292737960815,169104
49.02220392227173,169104
49.0273802280426,169104
49.03231477737427,169104
49.037580490112305,169104
49.042587995529175,169104
49.04793667793274,169104
49.05304765701294,169104
49.05836629867554,169104
49.06347584724426,169104
49.06876063346863,169104
49.07387113571167,169104
49.079182386398315,169104
49.084256410598755,169104
49.089590072631836,169104
49.09453344345093,169104
49.09985423088074,169104
49.1046724319458,169104
49.10988163948059,169104
49.114691972732544,169104
49.119872093200684,169104
49.124807596206665,169104
49.12983179092407,169104
49.13484168052673,169104
49.13976263999939,169104
49.14488625526428,169104
49.149781942367554,169104
49.15503978729248,169104
49.160033226013184,169104
49.165366888046265,169104
49.170416831970215,169104
49.175750732421875,169104
49.180886030197144,169104
49.18620300292969,169104
49.19131278991699,169104
49.196656465530396,169104
49.20176577568054,169104
49.20706558227539,169104
49.212079763412476,169104
49.21742272377014,169104
49.22230529785156,169104
49.22757387161255,169104
49.23232984542847,169104
49.23748183250427,169104
49.24232506752014,169104
49.24745464324951,169104
49.25245261192322,169104
49.25745701789856,169104
49.26251530647278,169104
49.26741337776184,169104
49.27253484725952,169104
49.277461528778076,169104
49.282742738723755,169104
49.2877516746521,169104
49.29307699203491,169104
49.29818034172058,169104
49.30344891548157,169104
49.30854105949402,169104
49.31386375427246,169104
49.3189263343811,169104
49.32395625114441,169104
49.32886838912964,169104
49.33404994010925,169104
49.338967084884644,169104
49.34417939186096,169104
49.34917974472046,169104
49.35447025299072,169104
49.35952639579773,169104
49.36482644081116,169104
49.36994457244873,169104
49.37527537345886,169104
49.38038206100464,169104
49.385714530944824,169104
49.39083290100098,169104
49.39612579345703,169104
49.40121507644653,169104
49.40652275085449,169104
49.41147780418396,169104
49.416823625564575,169104
49.421658515930176,169104
49.426857709884644,169104
49.431621074676514,169104
49.436710834503174,169104
49.4415864944458,169104
49.446648597717285,169104
49.451605558395386,169104
49.45660138130188,169104
49.461697578430176,169104
49.46660566329956,169104
49.471821308135986,169104
49.476767778396606,169104
49.4820499420166,169104
49.48706817626953,169104
49.49240684509277,169104
49.49750113487244,169104
49.50280165672302,169104
49.507895708084106,169104
49.51319193840027,169104
49.51828050613403,169104
49.52357292175293,169104
49.528661012649536,169104
49.533976554870605,169104
49.538942098617554,169104
49.54431962966919,169104
49.54916453361511,169104
49.55439257621765,169104
49.559128522872925,169104
49.56421256065369,169104
49.56906795501709,169104
49.574190616607666,169104
49.57913160324097,169104
49.58413553237915,169104
49.58919429779053,169104
49.594111919403076,169104
49.59929871559143,169104
49.604257583618164,169104
49.60949397087097,169104
49.614524364471436,169104
49.619874000549316,169104
49.62495183944702,169104
49.63026666641235,169104
49.63540983200073,169104
49.6407151222229,169104
49.645831823349,169104
49.6511287689209,169104
49.65622329711914,169104
49.661537647247314,169104
49.66658115386963,169104
49.67196035385132,169104
49.67687106132507,169104
49.682183265686035,169104
49.68697190284729,169104
49.69216728210449,169104
49.69697380065918,169104
49.702096700668335,169104
49.706998109817505,169104
49.71205687522888,169104
49.71701717376709,169104
49.72199058532715,169104
49.72710204124451,169104
49.73202586174011,169104
49.73723244667053,169104
49.74220395088196,169104
49.74746823310852,169104
49.752488136291504,169104
49.75777316093445,169104
49.76288199424744,169104
49.76816773414612,169104
49.773273229599,169104
49.77857208251953,169104
49.78367376327515,169104
49.78899526596069,169104
49.794060707092285,169104
49.79939556121826,169104
49.80432987213135,169104
49.809646129608154,169104
49.814465284347534,169104
49.81961703300476,169104
49.82442021369934,169104
49.829519510269165,169104
49.83442497253418,169104
49.83955001831055,169104
49.84452176094055,169104
49.84946346282959,169104
49.8545663356781,169104
49.8594765663147,169104
49.86467480659485,169104
49.86964154243469,169104
49.87493109703064,169104
49.87995982170105,169104
49.885308027267456,169104
49.89039182662964,169104
49.895713090896606,169104
49.9008412361145,169104
49.90614128112793,169104
49.91124677658081,169104
49.91651725769043,169104
49.92161822319031,169104
49.92696022987366,169104
49.93200421333313,169104
49.93730664253235,169104
49.942185163497925,169104
49.947468280792236,169104
49.952239751815796,169104
49.95737671852112,169104
49.962220907211304,169104
49.96741437911987,169104
49.97233462333679,169104
49.97734713554382,169104
49.98234820365906,169104
49.98724031448364,169104
49.992403984069824,169104
49.997318267822266,169104
50.00254774093628,169104
50.00751876831055,169104
50.01284074783325,169104
50.01788353919983,169104
50.023195028305054,169104
50.02831840515137,169104
50.03364086151123,169104
50.038745164871216,169104
50.044060468673706,169104
50.04915523529053,169104
50.054439544677734,169104
50.05951809883118,169104
50.06485176086426,169104
50.069828748703,169104
50.07518148422241,169104
50.080052614212036,169104
50.08531165122986,169104
50.09004855155945,169104
50.09521269798279,169104
50.10003399848938,169104
50.10516333580017,169104
50.11013102531433,169104
50.115118741989136,169104
50.12016582489014,169104
50.12509202957153,169104
50.130258560180664,169104
50.13520312309265,169104
50.14042615890503,169104
50.14543271064758,169104
50.15079665184021,169104
50.15589427947998,169104
50.16120386123657,169104
50.16631245613098,169104
50.17158389091492,169104
50.17667889595032,169104
50.182055950164795,169104
50.18715190887451,169104
50.19246315956116,169104
50.197474241256714,169104
50.20280575752258,169104
50.20767569541931,169104
50.21295881271362,169104
50.2177255153656,169104
50.22289419174194,169104
50.227723121643066,169104
50.23290514945984,169104
50.237826108932495,169104
50.24285125732422,169104
50.24785041809082,169104
50.25277280807495,169104
50.257946252822876,169104
50.262874126434326,169104
50.26810026168823,169104
50.27310585975647,169104
50.27840757369995,169104
50.28344917297363,169104
50.28872585296631,169104
50.293867349624634,169104
50.29917287826538,169104
50.30428910255432,169104
50.30959677696228,169104
50.31468844413757,169104
50.319973945617676,169104
50.32503700256348,169104
50.33035969734192,169104
50.33527588844299,169104
50.34057950973511,169104
50.345377683639526,169104
50.35057997703552,169104
50.35538625717163,169104
50.36050319671631,169104
50.365405559539795,169104
50.37045693397522,169104
50.37543296813965,169104
50.380351305007935,169104
50.38546824455261,169104
50.390507221221924,169104
50.395697355270386,169104
50.40065813064575,169104
50.405933141708374,169104
50.41094970703125,169104
50.416295766830444,169104
50.421382665634155,169104
50.42664361000061,169104
50.431766510009766,169104
50.43707752227783,169104
50.44219899177551,169104
50.447516679763794,169104
50.45261764526367,169104
50.457947731018066,169104
50.462955713272095,169104
50.468257904052734,169104
50.47313666343689,169104
50.47844386100769,169104
50.48320269584656,169104
50.48827314376831,169104
50.493112325668335,169104
50.49821901321411,169104
50.503180265426636,169104
50.508240699768066,169104
50.513263463974,169104
50.51817584037781,169104
50.5233690738678,169104
50.52828645706177,169104
50.53350758552551,169104
50.53848671913147,169104
50.54383444786072,169104
50.54891920089722,169104
50.55424356460571,169104
50.559365034103394,169104
50.56466627120972,169104
50.56977725028992,169104
50.575098752975464,169104
50.58019208908081,169104
50.58550548553467,169104
50.59057426452637,169104
50.59589123725891,169104
50.60083293914795,169104
50.60619616508484,169104
50.611019134521484,169104
50.61617970466614,169104
50.62097883224487,169104
50.626118659973145,169104
50.63101387023926,169104
50.636093616485596,169104
50.64105415344238,169104
50.64599680900574,169104
50.65109896659851,169104
50.65601420402527,169104
50.6612024307251,169104
50.66616106033325,169104
50.6714346408844,169104
50.67646932601929,169104
50.681809186935425,169104
50.6869261264801,169104
50.6922492980957,169104
50.69734454154968,169104
50.702614307403564,169104
50.707712173461914,169104
50.71304249763489,169104
50.71813178062439,169104
50.7234148979187,169104
50.72841477394104,169104
50.73378014564514,169104
50.738641023635864,169104
50.743903160095215,169104
50.74866461753845,169104
50.75381946563721,169104
50.75863194465637,169104
50.763792514801025,169104
50.76871085166931,169104
50.773751974105835,169104
50.778756856918335,169104
50.78367567062378,169104
50.78888463973999,169104
50.793797969818115,169104
50.79902696609497,169104
50.804041147232056,169104
50.809321880340576,169104
50.81436061859131,169104
50.81963062286377,169104
50.8247504234314,169104
50.83004546165466,169104
50.83515501022339,169104
50.840463399887085,169104
50.845561504364014,169104
50.85088348388672,169104
50.85595488548279,169104
50.86129713058472,169104
50.86622881889343,169104
50.87156295776367,169104
50.87638211250305,169104
50.881568908691406,169104
50.886335134506226,169104
50.891443967819214,169104
50.8963303565979,169104
50.901493549346924,169104
50.90644407272339,169104
50.911401987075806,169104
50.91648817062378,169104
50.92140173912048,169104
50.926589250564575,169104
50.93156170845032,169104
50.936848878860474,169104
50.94188618659973,169104
50.947195291519165,169104
50.952308654785156,169104
50.957579135894775,169104
50.962695598602295,169104
50.96799182891846,169104
50.97309851646423,169104
50.97840619087219,169104
50.98349928855896,169104
50.988839864730835,169104
50.993829011917114,169104
50.99915528297424,169104
51.00404596328735,169104
51.009299516677856,169104
51.014063119888306,169104
51.01921248435974,169104
51.02405524253845,169104
51.029245138168335,169104
51.03419613838196,169104
51.039247274398804,169104
51.04423499107361,169104
51.04915714263916,169104
51.0543475151062,169104
51.05926513671875,169104
51.06447744369507,169104
51.069461822509766,169104
51.07477283477783,169104
51.07982110977173,169104
51.0851411819458,169104
51.09025835990906,169104
51.09556031227112,169104
51.10065960884094,169104
51.10595464706421,169104
51.11105680465698,169104
51.11637735366821,169104
51.12147521972656,169104
51.1268105506897,169104
51.131810903549194,169104
51.137122631073,169104
51.142024517059326,169104
51.147289991378784,169104
51.15205383300781,169104
51.15724015235901,169104
51.16208577156067,169104
51.16722822189331,169104
51.17216229438782,169104
51.177196741104126,169104
51.18219304084778,169104
51.187092304229736,169104
51.19225573539734,169104
51.197187662124634,169104
51.20240378379822,169104
51.20741081237793,169104
51.21271228790283,169104
51.217753171920776,169104
51.222984075546265,169104
51.22811532020569,169104
51.23340368270874,169104
51.23850059509277,169104
51.24382424354553,169104
51.248918533325195,169104
51.25422787666321,169104
51.259299755096436,169104
51.26459097862244,169104
51.26952075958252,169104
51.274852991104126,169104
51.2796733379364,169104
51.28486919403076,169104
51.28963923454285,169104
51.294785022735596,169104
51.29966354370117,169104
51.304770708084106,169104
51.30970120429993,169104
51.31469750404358,169104
51.31980013847351,169104
51.3247344493866,169104
51.329931020736694,169104
51.334903717041016,169104
51.34019231796265,169104
51.345224142074585,169104
51.350555419921875,169104
51.35564064979553,169104
51.36093521118164,169104
51.36605978012085,169104
51.37139558792114,169104
51.376492738723755,169104
51.38179278373718,169104
51.38688945770264,169104
51.39220571517944,169104
51.397244930267334,169104
51.402576208114624,169104
51.40747404098511,169104
51.41281771659851,169104
51.417614698410034,169104
51.42272639274597,169104
51.427534103393555,169104
51.43268704414368,169104
51.43759274482727,169104
51.44265675544739,169104
51.447632789611816,169104
51.452558517456055,169104
51.45771646499634,169104
51.462626218795776,169104
51.46785354614258,169104
51.472859382629395,169104
51.47816753387451,169104
51.48321223258972,169104
51.488473653793335,169104
51.49360251426697,169104
51.498881816864014,169104
51.50398874282837,169104
51.509305238723755,169104
51.51440238952637,169104
51.51970887184143,169104
51.52476239204407,169104
51.53006625175476,169104
51.534948110580444,169104
51.540239572525024,169104
51.54499173164368,169104
51.55010366439819,169104
51.55495285987854,169104
51.560112953186035,169104
51.5650897026062,169104
51.57013726234436,169104
51.575161933898926,169104
51.58008813858032,169104
51.585275173187256,169104
51.59017539024353,169104
51.595409870147705,169104
51.60039663314819,169104
51.60574913024902,169104
51.61085605621338,169104
51.616135358810425,169104
51.62126421928406,169104
51.62655544281006,169104
51.63166856765747,169104
51.63700294494629,169104
51.6421172618866,169104
51.64742112159729,169104
51.652421951293945,169104
51.65777802467346,169104
51.66264986991882,169104
51.66796112060547,169104
51.6727089881897,169104
51.67784023284912,169104
51.68266534805298,169104
51.68779277801514,169104
51.69275212287903,169104
51.697757720947266,169104
51.70280647277832,169104
51.70770883560181,169104
51.712910413742065,169104
51.71784424781799,169104
51.723095655441284,169104
51.72810983657837,169104
51.7334508895874,169104
51.738548278808594,169104
51.74386119842529,169104
51.748985290527344,169104
51.754236936569214,169104
51.75933575630188,169104
51.764628887176514,169104
51.76973628997803,169104
51.7750518321991,169104
51.78004336357117,169104
51.785375356674194,169104
51.79024910926819,169104
51.79553985595703,169104
51.800265073776245,169104
51.805386543273926,169104
51.8102171421051,169104
51.81533622741699,169104
51.82030391693115,169104
51.82532334327698,169104
51.83036398887634,169104
51.83528757095337,169104
51.840468883514404,169104
51.84542274475098,169104
51.8506920337677,169104
51.85571050643921,169104
51.861045598983765,169104
51.8661367893219,169104
51.87144994735718,169104
51.87655973434448,169104
51.88189387321472,169104
51.887001037597656,169104
51.892329454422,169104
51.897420167922974,169104
51.90274667739868,169104
51.90771460533142,169104
51.913081645965576,169104
51.91796255111694,169104
51.92326307296753,169104
51.927995443344116,169104
51.93313550949097,169104
51.93796491622925,169104
51.943076848983765,169104
51.94804048538208,169104
51.95299959182739,169104
51.958054065704346,169104
51.96298813819885,169104
51.96818470954895,169104
51.97314214706421,169104
51.97841191291809,169104
51.98342823982239,169104
51.98876333236694,169104
51.993876934051514,169104
51.999157667160034,169104
52.004300117492676,169104
52.00956130027771,169104
52.01466679573059,169104
52.019965171813965,169104
52.02504539489746,169104
52.030332803726196,169104
52.03526449203491,169104
52.04058218002319,169104
52.04539442062378,169104
52.05065131187439,169104
52.055442094802856,169104
52.06055974960327,169104
52.065457344055176,169104
52.07048225402832,169104
52.07546329498291,169104
52.08036255836487,169104
52.08548545837402,169104
52.09039855003357,169104
52.09563159942627,169104
52.10062122344971,169104
52.10594916343689,169104
52.11102294921875,169104
52.11628460884094,169104
52.12143015861511,169104
52.12669658660889,169104
52.13181495666504,169104
52.13716793060303,169104
52.1422905921936,169104
52.14758658409119,169104
52.152639627456665,169104
52.157946825027466,169104
52.162858963012695,169104
52.168163537979126,169104
52.17297053337097,169104
52.178165435791016,169104
52.18298077583313,169104
52.188109159469604,169104
52.19302535057068,169104
52.19809079170227,169104
52.20306348800659,169104
52.20797681808472,169104
52.213106870651245,169104
52.218013048172,169104
52.223246335983276,169104
52.2282350063324,169104
52.23354768753052,169104
52.23861217498779,169104
52.24389982223511,169104
52.249016761779785,169104
52.254335165023804,169104
52.2594358921051,169104
52.26473784446716,169104
52.269842863082886,169104
52.27516150474548,169104
52.28019738197327,169104
52.285486459732056,169104
52.290364265441895,169104
52.2956223487854,169104
52.30039119720459,169104
52.30556321144104,169104
52.3103814125061,169104
52.31551694869995,169104
52.32046604156494,169104
52.325523853302,169104
52.33052062988281,169104
52.33543157577515,169104
52.34058499336243,169104
52.34551024436951,169104
52.350770235061646,169104
52.35578775405884,169104
52.361156940460205,169104
52.36623764038086,169104
52.371511697769165,169104
52.376622676849365,169104
52.38193440437317,169104
52.38702940940857,169104
52.39232397079468,169104
52.3974072933197,169104
52.40269994735718,169104
52.40765166282654,169104
52.413002014160156,169104
52.41784334182739,169104
52.423052072525024,169104
52.427807569503784,169104
52.432945251464844,169104
52.43781876564026,169104
52.4429087638855,169104
52.44786334037781,169104
52.45285511016846,169104
52.45793437957764,169104
52.46284198760986,169104
52.468040227890015,169104
52.47304606437683,169104
52.478328227996826,169104
52.48336982727051,169104
52.4886839389801,169104
52.493813037872314,169104
52.49911689758301,169104
52.50423264503479,169104
52.50949263572693,169104
52.51459622383118,169104
52.51994276046753,169104
52.525012254714966,169104
52.530295848846436,169104
52.53520631790161,169104
52.54050874710083,169104
52.545289754867554,169104
52.55044341087341,169104
52.5552716255188,169104
52.560441970825195,169104
52.56537842750549,169104
52.57040452957153,169104
52.57540154457092,169104
52.58031105995178,169104
52.58547878265381,169104
52.590378761291504,169104
52.595629930496216,169104
52.600630044937134,169104
52.60595989227295,169104
52.611037254333496,169104
52.61634683609009,169104
52.62148189544678,169104
52.626779556274414,169104
52.63189482688904,169104
52.63718342781067,169104
52.64228582382202,169104
52.64763021469116,169104
52.652682065963745,169104
52.65797543525696,169104
52.662861824035645,169104
52.66814708709717,169104
52.672914028167725,169104
52.67805767059326,169104
52.68289875984192,169104
52.68806838989258,169104
52.6930205821991,169104
52.698068141937256,169104
52.70307660102844,169104
52.70798063278198,169104
52.71317720413208,169104
52.7180871963501,169104
52.72331190109253,169104
52.728328466415405,169104
52.7336630821228,169104
52.73873949050903,169104
52.744025230407715,169104
52.74915647506714,169104
52.7544481754303,169104
52.75955820083618,169104
52.764875173568726,169104
52.76996564865112,169104
52.77529048919678,169104
52.780253648757935,169104
52.78560280799866,169104
52.79047989845276,169104
52.795735359191895,169104
52.800464153289795,169104
52.80557036399841,169104
52.8104190826416,169104
52.81553101539612,169104
52.82047891616821,169104
52.825445890426636,169104
52.83048415184021,169104
52.835386753082275,169104
52.84059762954712,169104
52.84559726715088,169104
52.85090112686157,169104
52.85594344139099,169104
52.86126446723938,169104
52.86636734008789,169104
52.87165713310242,169104
52.87675881385803,169104
52.88199973106384,169104
52.88709306716919,169104
52.892401933670044,169104
52.89739727973938,169104
52.90277290344238,169104
52.90762972831726,169104
52.91287589073181,169104
52.91761755943298,169104
52.922739028930664,169104
52.927570819854736,169104
52.93263125419617,169104
52.93756866455078,169104
52.94257974624634,169104
52.94765877723694,169104
52.95256519317627,169104
52.95777249336243,169104
52.96273469924927,169104
52.96801233291626,169104
52.97305607795715,169104
52.978352546691895,169104
52.98347520828247,169104
52.98879909515381,169104
52.99391794204712,169104
52.99918842315674,169104
53.00430154800415,169104
53.009591579437256,169104
53.014649629592896,169104
53.019981145858765,169104
53.02491903305054,169104
53.030277252197266,169104
53.03509998321533,169104
53.04023814201355,169104
53.04504108428955,169104
53.05013847351074,169104
53.055052042007446,169104
53.060117959976196,169104
53.065093755722046,169104
53.07001543045044,169104
53.07516598701477,169104
53.080066442489624,169104
53.085307598114014,169104
53.09028935432434,169104
53.09561562538147,169104
53.10067844390869,169104
53.10600972175598,169104
53.11114692687988,169104
53.116448640823364,169104
53.121556997299194,169104
53.126877784729004,169104
53.13198637962341,169104
53.137261152267456,169104
53.14226484298706,169104
53.14759635925293,169104
53.15246868133545,169104
53.15777826309204,169104
53.162522315979004,169104
53.167649269104004,169104
53.172484397888184,169104
53.177618741989136,169104
53.182579040527344,169104
53.1875901222229,169104
53.19263577461243,169104
53.19756007194519,169104
53.20273494720459,169104
53.20765709877014,169104
53.21294593811035,169104
53.21795439720154,169104
53.22326350212097,169104
53.22836494445801,169104
53.233670234680176,169104
53.23878788948059,169104
53.24414134025574,169104
53.24923610687256,169104
53.25451350212097,169104
53.25959491729736,169104
53.26494359970093,169104
53.26988887786865,169104
53.275224447250366,169104
53.28005576133728,169104
53.28533983230591,169104
53.290098428726196,169104
53.29521679878235,169104
53.30007457733154,169104
53.30514717102051,169104
53.310086250305176,169104
53.31504797935486,169104
53.32014608383179,169104
53.32506084442139,169104
53.330257177352905,169104
53.3352472782135,169104
53.340537548065186,169104
53.34556818008423,169104
53.35087180137634,169104
53.35600543022156,169104
53.361308097839355,169104
53.366432428359985,169104
53.371766090393066,169104
53.37687015533447,169104
53.38219738006592,169104
53.38727903366089,169104
53.392595529556274,169104
53.39755988121033,169104
53.4029107093811,169104
53.40777230262756,169104
53.413071632385254,169104
53.417809009552,169104
53.42293429374695,169104
53.42776656150818,169104
53.43287634849548,169104
53.43783092498779,169104
53.4428186416626,169104
53.44789981842041,169104
53.4528124332428,169104
53.45799541473389,169104
53.46294903755188,169104
53.46823835372925,169104
53.47326302528381,169104
53.47854042053223,169104
53.4836802482605,169104
53.48898386955261,169104
53.49410653114319,169104
53.49936056137085,169104
53.504472494125366,169104
53.509788513183594,169104
53.51482939720154,169104
53.52014231681824,169104
53.52501583099365,169104
53.53027105331421,169104
53.53501772880554,169104
53.54018545150757,169104
53.54502773284912,169104
53.55015826225281,169104
53.55512523651123,169104
53.560155630111694,169104
53.56517720222473,169104
53.57006049156189,169104
53.575210094451904,169104
53.580151319503784,169104
53.585395097732544,169104
53.59040403366089,169104
53.5957555770874,169104
53.600839614868164,169104
53.60612940788269,169104
53.61126470565796,169104
53.616576194763184,169104
53.62168765068054,169104
53.627047300338745,169104
53.63215374946594,169104
53.637444496154785,169104
53.642454862594604,169104
53.647778034210205,169104
53.652642488479614,169104
53.65788459777832,169104
53.66261339187622,169104
53.667794704437256,169104
53.672640800476074,169104
53.67773914337158,169104
53.68269467353821,169104
53.687679052352905,169104
53.69275975227356,169104
53.69765377044678,169104
53.702845096588135,169104
53.707815408706665,169104
53.71309208869934,169104
53.71812343597412,169104
53.72341179847717,169104
53.728503465652466,169104
53.733805418014526,169104
53.73890924453735,169104
53.74420714378357,169104
53.749313831329346,169104
53.75463271141052,169104
53.75970482826233,169104
53.76503038406372,169104
53.76996302604675,169104
53.775256872177124,169104
53.78006076812744,169104
53.7852303981781,169104
53.79003047943115,169104
53.79522132873535,169104
53.80011296272278,169104
53.80519199371338,169104
53.810158252716064,169104
53.815088748931885,169104
53.82021379470825,169104
53.82526421546936,169104
53.83041262626648,169104
53.8353807926178,169104
53.84065222740173,169104
53.84567475318909,169104
53.85099649429321,169104
53.85610270500183,169104
53.861417293548584,169104
53.86651968955994,169104
53.8718159198761,169104
53.87690877914429,169104
53.88223838806152,169104
53.88731336593628,169104
53.8926043510437,169104
53.89755702018738,169104
53.90289831161499,169104
53.907721519470215,169104
53.912957429885864,169104
53.91770267486572,169104
53.92277932167053,169104
53.92764067649841,169104
53.93270230293274,169104
53.93766736984253,169104
53.94261407852173,169104
53.947702169418335,169104
53.95261740684509,169104
53.957839012145996,169104
53.96283435821533,169104
53.968146324157715,169104
53.97321557998657,169104
53.97848343849182,169104
53.983619689941406,169104
53.988901138305664,169104
53.99401593208313,169104
53.9992938041687,169104
54.00439476966858,169104
54.009666204452515,169104
54.01467037200928,169104
54.020002365112305,169104
54.02490496635437,169104
54.03016376495361,169104
54.034913301467896,169104
54.04002785682678,169104
54.044867515563965,169104
54.04998016357422,169104
54.05494713783264,169104
54.05995583534241,169104
54.06501817703247,169104
54.06990909576416,169104
54.07509136199951,169104
54.08002209663391,169104
54.08529710769653,169104
54.09029960632324,169104
54.095625162124634,169104
54.10069298744202,169104
54.10600566864014,169104
54.11113882064819,169104
54.11641836166382,169104
54.12152338027954,169104
54.12684345245361,169104
54.1319465637207,169104
54.13728213310242,169104
54.14225888252258,169104
54.14760231971741,169104
54.15246558189392,169104
54.15768527984619,169104
54.162426233291626,169104
54.16753315925598,169104
54.17238974571228,169104
54.177512645721436,169104
54.18244981765747,169104
54.18738770484924,169104
54.19250130653381,169104
54.197383403778076,169104
54.20249652862549,169104
54.207762479782104,169104
54.212515354156494,169104
54.21763896942139,169104
54.2224702835083,169104
54.22757959365845,169104
54.2325382232666,169104
54.23752784729004,169104
54.242531061172485,169104
54.247424364089966,169104
54.25258708000183,169104
54.25752925872803,169104
54.26277136802673,169104
54.26777911186218,169104
54.27307486534119,169104
54.27812218666077,169104
54.28343081474304,169104
54.28856897354126,169104
54.29388236999512,169104
54.29902672767639,169104
54.30432677268982,169104
54.30945897102356,169104
54.31477618217468,169104
54.31990027427673,169104
54.32520151138306,169104
54.33031868934631,169104
54.33562684059143,169104
54.34064269065857,169104
54.34600257873535,169104
54.35090970993042,169104
54.356147050857544,169104
54.360933780670166,169104
54.366069078445435,169104
54.370901584625244,169104
54.37598013877869,169104
54.38091039657593,169104
54.38595199584961,169104
54.39092516899109,169104
54.39584541320801,169104
54.400975942611694,169104
54.405877113342285,169104
54.411081075668335,169104
54.41606283187866,169104
54.42133140563965,169104
54.42639636993408,169104
54.431734561920166,169104
54.43682360649109,169104
54.44213128089905,169104
54.44727039337158,169104
54.45257925987244,169104
54.45769810676575,169104
54.46301484107971,169104
54.46814823150635,169104
54.473479986190796,169104
54.47859072685242,169104
54.48391628265381,169104
54.48903203010559,169104
54.49433350563049,169104
54.49937415122986,169104
54.504714488983154,169104
54.50962781906128,169104
54.51493453979492,169104
54.519747495651245,169104
54.524924993515015,169104
54.52971053123474,169104
54.53480052947998,169104
54.53968167304993,169104
54.54470682144165,169104
54.54966950416565,169104
54.55462574958801,169104
54.55971050262451,169104
54.56462121009827,169104
54.569809436798096,169104
54.574804067611694,169104
54.580078125,169104
54.58512616157532,169104
54.59044599533081,169104
54.595539808273315,169104
54.60084390640259,169104
54.60598659515381,169104
54.61130094528198,169104
54.61643433570862,169104
54.62168025970459,169104
54.626819133758545,169104
54.63211369514465,169104
54.63725399971008,169104
54.642542123794556,169104
54.647645473480225,169104
54.65294599533081,169104
54.65795040130615,169104
54.6633083820343,169104
54.66820526123047,169104
54.67345643043518,169104
54.67820858955383,169104
54.683330059051514,169104
54.688148975372314,169104
54.693244218826294,169104
54.698201417922974,169104
54.703222036361694,169104
54.70823526382446,169104
54.713146686553955,169104
54.7183096408844,169104
54.723241090774536,169104
54.728445291519165,169104
54.73344373703003,169104
54.738738775253296,169104
54.74380946159363,169104
54.749151945114136,169104
54.75426769256592,169104
54.759562730789185,169104
54.764705657958984,169104
54.77002739906311,169104
54.77518010139465,169104
54.78046131134033,169104
54.78559708595276,169104
54.790913105010986,169104
54.796034812927246,169104
54.80132174491882,169104
54.80642366409302,169104
54.81176424026489,169104
54.81677508354187,169104
54.822123765945435,169104
54.82700753211975,169104
54.83228421211243,169104
54.83705139160156,169104
54.842167377471924,169104
54.84699892997742,169104
54.85211181640625,169104
54.85704708099365,169104
54.862075328826904,169104
54.8670768737793,169104
54.871994972229004,169104
54.87716197967529,169104
54.882091760635376,169104
54.88728713989258,169104
54.89230704307556,169104
54.8975875377655,169104
54.902647972106934,169104
54.90793752670288,169104
54.91309714317322,169104
54.91840744018555,169104
54.923548221588135,169104
54.92884826660156,169104
54.933990478515625,169104
54.93923020362854,169104
54.944374084472656,169104
54.94967722892761,169104
54.95482063293457,169104
54.96012544631958,169104
54.96519589424133,169104
54.97052073478699,169104
54.97545003890991,169104
54.980775117874146,169104
54.98559880256653,169104
54.99082064628601,169104
54.995604276657104,169104
55.00070023536682,169104
55.005582332611084,169104
55.01061725616455,169104
55.01557445526123,169104
55.020514249801636,169104
55.02559947967529,169104
55.03048253059387,169104
55.035672426223755,169104
55.040642976760864,169104
55.045917987823486,169104
55.05096960067749,169104
55.05628180503845,169104
55.061354637145996,169104
55.066659927368164,169104
55.07182693481445,169104
55.077142000198364,169104
55.082295656204224,169104
55.08759665489197,169104
55.0927357673645,169104
55.09802794456482,169104
55.10316276550293,169104
55.108455419540405,169104
55.11357665061951,169104
55.11888122558594,169104
55.12394380569458,169104
55.129265785217285,169104
55.134214639663696,169104
55.13952422142029,169104
55.14436602592468,169104
55.14957046508789,169104
55.154343366622925,169104
55.15944790840149,169104
55.164331912994385,169104
55.169389963150024,169104
55.174355268478394,169104
55.179301500320435,169104
55.18438529968262,169104
55.189271688461304,169104
55.19440984725952,169104
55.199357986450195,169104
55.20463728904724,169104
55.209688901901245,169104
55.21501183509827,169104
55.22008967399597,169104
55.22540235519409,169104
55.23053503036499,169104
55.23583245277405,169104
55.24097919464111,169104
55.24624037742615,169104
55.25137543678284,169104
55.25667214393616,169104
55.26180291175842,169104
55.26710844039917,169104
55.272207736968994,169104
55.27749156951904,169104
55.282464265823364,169104
55.28777575492859,169104
55.292627811431885,169104
55.29784917831421,169104
55.30260705947876,169104
55.307682514190674,169104
55.3125433921814,169104
55.317615270614624,169104
55.32258725166321,169104
55.32757639884949,169104
55.33262920379639,169104
55.337531328201294,169104
55.34271216392517,169104
55.34765934944153,169104
55.35292887687683,169104
55.357948541641235,169104
55.363280296325684,169104
55.36835265159607,169104
55.37363648414612,169104
55.37877011299133,169104
55.3840754032135,169104
55.389219999313354,169104
55.394535541534424,169104
55.39966082572937,169104
55.40496754646301,169104
55.410099029541016,169104
55.41542410850525,169104
55.42054295539856,169104
55.425870418548584,169104
55.430959939956665,169104
55.436275005340576,169104
55.44124484062195,169104
55.446558475494385,169104
55.45141267776489,169104
55.45660638809204,169104
55.46137261390686,169104
55.46647810935974,169104
55.471338510513306,169104
55.47641730308533,169104
55.48137807846069,169104
55.486345291137695,169104
55.49140691757202,169104
55.496299505233765,169104
55.50146985054016,169104
55.50641441345215,169104
55.51167035102844,169104
55.51667404174805,169104
55.521995067596436,169104
55.527063608169556,169104
55.53255248069763,169104
55.53765344619751,169104
55.54296922683716,169104
55.54810929298401,169104
55.5534245967865,169104
55.55856776237488,169104
55.563865423202515,169104
55.56899929046631,169104
55.57427930831909,169104
55.57941508293152,169104
55.58470153808594,169104
55.589829206466675,169104
55.59513974189758,169104
55.600231409072876,169104
55.60556244850159,169104
55.61053991317749,169104
55.615882873535156,169104
55.62076020240784,169104
55.62601923942566,169104
55.63077521324158,169104
55.63588762283325,169104
55.64074444770813,169104
55.6458044052124,169104
55.65077233314514,169104
55.65576481819153,169104
55.66078519821167,169104
55.66568565368652,169104
55.670875549316406,169104
55.675788164138794,169104
55.680996894836426,169104
55.685994148254395,169104
55.69128680229187,169104
55.69634294509888,169104
55.70169281959534,169104
55.706801414489746,169104
55.712122201919556,169104
55.71727395057678,169104
55.7225866317749,169104
55.727718353271484,169104
55.73302173614502,169104
55.738154888153076,169104
55.74345922470093,169104
55.748579025268555,169104
55.75387167930603,169104
55.758989334106445,169104
55.76429986953735,169104
55.7693030834198,169104
55.774625301361084,169104
55.779512882232666,169104
55.78478288650513,169104
55.78953313827515,169104
55.79467821121216,169104
55.79953193664551,169104
55.804611682891846,169104
55.80956554412842,169104
55.814553022384644,169104
55.81960487365723,169104
55.82451510429382,169104
55.82967948913574,169104
55.83463191986084,169104
55.83988308906555,169104
55.844903230667114,169104
55.85016345977783,169104
55.85524559020996,169104
55.860557079315186,169104
55.865699768066406,169104
55.87102031707764,169104
55.87617325782776,169104
55.8814799785614,169104
55.88659644126892,169104
55.8918890953064,169104
55.89702224731445,169104
55.90231704711914,169104
55.90742254257202,169104
55.9127140045166,169104
55.91770958900452,169104
55.92304277420044,169104
55.92793536186218,169104
55.93317484855652,169104
55.93793869018555,169104
55.943060636520386,169104
55.94789361953735,169104
55.95300006866455,169104
55.957926988601685,169104
55.96295666694641,169104
55.96795463562012,169104
55.97286796569824,169104
55.97804141044617,169104
55.98297691345215,169104
55.98818755149841,169104
55.99318242073059,169104
55.99843883514404,169104
56.00350642204285,169104
56.00886154174805,169104
56.013978719711304,169104
56.0192666053772,169104
56.02442026138306,169104
56.02967953681946,169104
56.034812450408936,169104
56.040096044540405,169104
56.045238733291626,169104
56.05054020881653,169104
56.05566120147705,169104
56.06098771095276,169104
56.066089153289795,169104
56.071396350860596,169104
56.07636332511902,169104
56.081687211990356,169104
56.08656907081604,169104
56.0918333530426,169104
56.09658670425415,169104
56.101685523986816,169104
56.1065239906311,169104
56.11162757873535,169104
56.116578102111816,169104
56.12159705162048,169104
56.126609325408936,169104
56.13150238990784,169104
56.13666749000549,169104
56.14159798622131,169104
56.146796226501465,169104
56.15180516242981,169104
56.15709853172302,169104
56.16216063499451,169104
56.167458295822144,169104
56.17259168624878,169104
56.17790746688843,169104
56.183063983917236,169104
56.18836522102356,169104
56.19350504875183,169104
56.19878554344177,169104
56.20392084121704,169104
56.20917320251465,169104
56.21430253982544,169104
56.219611406326294,169104
56.224700927734375,169104
56.230019330978394,169104
56.2349796295166,169104
56.240299701690674,169104
56.245134592056274,169104
56.250346422195435,169104
56.25512433052063,169104
56.2602059841156,169104
56.265087604522705,169104
56.270166635513306,169104
56.27512836456299,169104
56.28008008003235,169104
56.28515672683716,169104
56.290053844451904,169104
56.29523754119873,169104
56.30018615722656,169104
56.305431842803955,169104
56.31043338775635,169104
56.31575894355774,169104
56.32085299491882,169104
56.32614779472351,169104
56.33130478858948,169104
56.33659887313843,169104
56.34174418449402,169104
56.347036600112915,169104
56.352179765701294,169104
56.357475996017456,169104
56.36261320114136,169104
56.36791706085205,169104
56.37303876876831,169104
56.37833857536316,169104
56.383384704589844,169104
56.38870596885681,169104
56.3936185836792,169104
56.398884773254395,169104
56.40369486808777,169104
56.408841609954834,169104
56.41365838050842,169104
56.41878604888916,169104
56.42370319366455,169104
56.428696393966675,169104
56.43369197845459,169104
56.43862223625183,169104
56.44375228881836,169104
56.448671102523804,169104
56.45387554168701,169104
56.45886206626892,169104
56.46413469314575,169104
56.46915006637573,169104
56.474464893341064,169104
56.47952747344971,169104
56.48483085632324,169104
56.48995852470398,169104
56.495267152786255,169104
56.50039887428284,169104
56.50571012496948,169104
56.510865926742554,169104
56.51614999771118,169104
56.52127504348755,169104
56.5265736579895,169104
56.53170156478882,169104
56.537009477615356,169104
56.54205346107483,169104
56.54737639427185,169104
56.5522780418396,169104
56.557570934295654,169104
56.56238555908203,169104
56.56750822067261,169104
56.5723352432251,169104
56.57744908332825,169104
56.58237147331238,169104
56.5873966217041,169104
56.592363119125366,169104
56.59730052947998,169104
56.602410078048706,169104
56.6073157787323,169104
56.612508058547974,169104
56.617504596710205,169104
56.62279009819031,169104
56.627843141555786,169104
56.633185386657715,169104
56.63828372955322,169104
56.64359927177429,169104
56.648741245269775,169104
56.65405225753784,169104
56.65919017791748,169104
56.66449522972107,169104
56.669615268707275,169104
56.67492461204529,169104
56.68005084991455,169104
56.68534588813782,169104
56.69044852256775,169104
56.695746421813965,169104
56.70074200630188,169104
56.706066608428955,169104
56.710965394973755,169104
56.71623086929321,169104
56.72100377082825,169104
56.726123332977295,169104
56.730982303619385,169104
56.73608183860779,169104
56.74101185798645,169104
56.74604940414429,169104
56.75103402137756,169104
56.75593090057373,169104
56.76107931137085,169104
56.765990018844604,169104
56.771199464797974,169104
56.776190757751465,169104
56.78145360946655,169104
56.786492109298706,169104
56.791815757751465,169104
56.79694843292236,169104
56.80227255821228,169104
56.80742073059082,169104
56.81270694732666,169104
56.81785011291504,169104
56.823161363601685,169104
56.828295946121216,169104
56.83363056182861,169104
56.83874297142029,169104
56.84406638145447,169104
56.84916162490845,169104
56.85446119308472,169104
56.85944652557373,169104
56.86480903625488,169104
56.869715452194214,169104
56.875009059906006,169104
56.87977862358093,169104
56.884923219680786,169104
56.88975667953491,169104
56.894890785217285,169104
56.899808168411255,169104
56.904826402664185,169104
56.909817934036255,169104
56.914732456207275,169104
56.919867753982544,169104
56.924795150756836,169104
56.930012226104736,169104
56.93499803543091,169104
56.94027304649353,169104
56.94532871246338,169104
56.95068049430847,169104
56.95578908920288,169104
56.961100578308105,169104
56.96624517440796,169104
56.971556425094604,169104
56.976685762405396,169104
56.981985092163086,169104
56.98711109161377,169104
56.99241542816162,169104
56.99751901626587,169104
57.00283885002136,169104
57.007925033569336,169104
57.013225078582764,169104
57.018192768096924,169104
57.023536920547485,169104
57.02842330932617,169104
57.03365778923035,169104
57.03840160369873,169104
57.04354739189148,169104
57.0483922958374,169104
57.05348801612854,169104
57.05844235420227,169104
57.06345224380493,169104
57.068461894989014,169104
57.07337284088135,169104
57.07854747772217,169104
57.0834846496582,169104
57.088704347610474,169104
57.09371042251587,169104
57.09899616241455,169104
57.104063987731934,169104
57.10940194129944,169104
57.11450386047363,169104
57.119826555252075,169104
57.12499117851257,169104
57.130290031433105,169104
57.135430574417114,169104
57.14074110984802,169104
57.14586567878723,169104
57.15114784240723,169104
57.15627145767212,169104
57.161566734313965,169104
57.16667556762695,169104
57.171990156173706,169104
57.17699122428894,169104
57.18233323097229,169104
57.1872456073761,169104
57.19253134727478,169104
57.19729971885681,169104
57.20237588882446,169104
57.207207441329956,169104
57.21234369277954,169104
57.21724891662598,169104
57.222280502319336,169104
57.22724747657776,169104
57.232160329818726,169104
57.23729991912842,169104
57.24223494529724,169104
57.24742817878723,169104
57.25243043899536,169104
57.25769925117493,169104
57.262768507003784,169104
57.26809501647949,169104
57.273175954818726,169104
57.27839231491089,169104
57.28353571891785,169104
57.288837909698486,169104
57.29397678375244,169104
57.29925799369812,169104
57.30439043045044,169104
57.30968761444092,169104
57.31481909751892,169104
57.32010865211487,169104
57.32523965835571,169104
57.33053994178772,169104
57.33552575111389,169104
57.340874671936035,169104
57.34576416015625,169104
57.35100722312927,169104
57.355751514434814,169104
57.3608717918396,169104
57.36571526527405,169104
57.37081527709961,169104
57.375760555267334,169104
57.38077688217163,169104
57.38579344749451,169104
57.39069747924805,169104
57.39587426185608,169104
57.40081000328064,169104
57.405991554260254,169104
57.410985708236694,169104
57.416266441345215,169104
57.42133378982544,169104
57.426684856414795,169104
57.43180775642395,169104
57.43709945678711,169104
57.44224715232849,169104
57.44755721092224,169104
57.45270538330078,169104
57.45799207687378,169104
57.46312928199768,169104
57.46841907501221,169104
57.47355079650879,169104
57.47884750366211,169104
57.48398184776306,169104
57.489277839660645,169104
57.4943528175354,169104
57.499671459198,169104
57.50464129447937,169104
57.509965896606445,169104
57.51484441757202,169104
57.52007532119751,169104
57.52483344078064,169104
57.52995729446411,169104
57.53481197357178,169104
57.5398907661438,169104
57.5448579788208,169104
57.54984140396118,169104
57.554898262023926,169104
57.5598042011261,169104
57.564979791641235,169104
57.56991672515869,169104
57.57518410682678,169104
57.58020091056824,169104
57.5855028629303,169104
57.590550661087036,169104
57.59586310386658,169104
57.6010160446167,169104
57.60633063316345,169104
57.61147737503052,169104
57.6167688369751,169104
57.62191462516785,169104
57.627203702926636,169104
57.63233828544617,169104
57.637606382369995,169104
57.64274311065674,169104
57.648051261901855,169104
57.65311861038208,169104
57.65844225883484,169104
57.66339325904846,169104
57.66869568824768,169104
57.673545122146606,169104
57.678701639175415,169104
57.683494329452515,169104
57.6885941028595,169104
57.6934871673584,169104
57.69852685928345,169104
57.70349049568176,169104
57.70843958854675,169104
57.71352434158325,169104
57.71843981742859,169104
57.723634481430054,169104
57.7285840511322,169104
57.73385691642761,169104
57.73887515068054,169104
57.74422073364258,169104
57.74930024147034,169104
57.754624128341675,169104
57.75976800918579,169104
57.76507639884949,169104
57.77020978927612,169104
57.77549457550049,169104
57.780616998672485,169104
57.78592801094055,169104
57.79105877876282,169104
57.796353340148926,169104
57.80136799812317,169104
57.80671525001526,169104
57.81161856651306,169104
57.816892862319946,169104
57.82168889045715,169104
57.82681488990784,169104
57.83165097236633,169104
57.83679533004761,169104
57.84170937538147,169104
57.846755027770996,169104
57.851733922958374,169104
57.856648683547974,169104
57.861785650253296,169104
57.86669063568115,169104
57.87189698219299,169104
57.87685298919678,169104
57.88214111328125,169104
57.88719058036804,169104
57.89249897003174,169104
57.89756894111633,169104
57.902899742126465,169104
57.908050298690796,169104
57.913368940353394,169104
57.91849327087402,169104
57.92380237579346,169104
57.92893028259277,169104
57.934250593185425,169104
57.939372062683105,169104
57.94466543197632,169104
57.94978857040405,169104
57.955100297927856,169104
57.96010494232178,169104
57.965421199798584,169104
57.970311880111694,169104
57.97559213638306,169104
57.98037147521973,169104
57.98549032211304,169104
57.99030900001526,169104
57.99541163444519,169104
58.00034952163696,169104
58.005393266677856,169104
58.01036763191223,169104
58.01530623435974,169104
58.0204381942749,169104
58.0253791809082,169104
58.03060007095337,169104
58.03560662269592,169104
58.04091548919678,169104
58.04595112800598,169104
58.051302909851074,169104
58.05638146400452,169104
58.06170582771301,169104
58.06685924530029,169104
58.072182416915894,169104
58.07731914520264,169104
58.08258938789368,169104
58.08770537376404,169104
58.09302353858948,169104
58.098135471343994,169104
58.10344195365906,169104
58.1085045337677,169104
58.11384606361389,169104
58.118813037872314,169104
58.124149560928345,169104
58.12901759147644,169104
58.1342453956604,169104
58.13900399208069,169104
58.14413237571716,169104
58.14898061752319,169104
58.15408182144165,169104
58.1590621471405,169104
58.16405892372131,169104
58.169095039367676,169104
58.17399287223816,169104
58.179028272628784,169104
58.183916330337524,169104
58.189024686813354,169104
58.193994760513306,169104
58.19894552230835,169104
58.20250606536865,169104
58.20527195930481,169104
58.208043575286865,169104
58.21082329750061,169104
58.21359348297119,169104
58.216365575790405,169104
58.219139099121094,169104
58.22192120552063,169104
58.224695682525635,169104
58.22746706008911,169104
58.23023772239685,169104
58.23302674293518,169104
58.2358021736145,169104
58.23856520652771,169104
58.24135088920593,169104
58.24412441253662,169104
58.24689435958862,169104
58.24965834617615,169104
58.252429723739624,169104
58.25520038604736,169104
58.25797891616821,169104
58.26075220108032,169104
58.2635235786438,169104
58.26629614830017,169104
58.269063234329224,169104
58.27184319496155,169104
58.27461314201355,169104
58.2773756980896,169104
58.28014850616455,169104
58.28293490409851,169104
58.285701513290405,169104
58.28847002983093,169104
58.29124712944031,169104
58.294020652770996,169104
58.296804904937744,169104
58.29957437515259,169104
58.302350997924805,169104
58.3051278591156,169104
58.30790853500366,169104
58.31067681312561,169104
58.313459157943726,169104
58.316229581832886,169104
58.31900358200073,169104
58.32179355621338,169104
58.324556827545166,169104
58.32732653617859,169104
58.33010387420654,169104
58.332890033721924,169104
58.33565545082092,169104
58.338422536849976,169104
58.34120798110962,169104
58.34397864341736,169104
58.34675359725952,169104
58.34951972961426,169104
58.3523006439209,169104
58.3550705909729,169104
58.35783839225769,169104
58.36059832572937,169104
58.36337614059448,169104
58.36615514755249,169104
58.36892342567444,169104
58.371697187423706,169104
58.37446403503418,169104
58.37723445892334,169104
58.38000750541687,169104
58.38278675079346,169104
58.38554906845093,169104
58.38831424713135,169104
58.39109706878662,169104
58.393871784210205,169104
58.39663887023926,169104
58.39940357208252,169104
58.40218663215637,169104
58.40496516227722,169104
58.40774440765381,169104
58.41050601005554,169104
58.41328549385071,169104
58.41605567932129,169104
58.41882944107056,169104
58.42160701751709,169104
58.424373626708984,169104
58.427154541015625,169104
58.42992973327637,169104
58.432713747024536,169104
58.435474157333374,169104
58.43824100494385,169104
58.44102740287781,169104
58.44380164146423,169104
58.44656205177307,169104
58.44932818412781,169104
58.45210838317871,169104
58.454874992370605,169104
58.45764350891113,169104
58.460407733917236,169104
58.46319365501404,169104
58.46596384048462,169104
58.46873140335083,169104
58.47150373458862,169104
58.474276542663574,169104
58.477054834365845,169104
58.47983145713806,169104
58.48260974884033,169104
58.4853732585907,169104
58.488147497177124,169104
58.490925550460815,169104
58.49368762969971,169104
58.496455669403076,169104
58.499228715896606,169104
58.50201344490051,169104
58.50478744506836,169104
58.50755071640015,169104
58.51032090187073,169104
58.51310729980469,169104
58.51587963104248,169104
58.51864171028137,169104
58.521424531936646,169104
58.52419877052307,169104
58.526975870132446,169104
58.52974009513855,169104
58.532506704330444,169104
58.53527355194092,169104
58.53804421424866,169104
58.54082465171814,169104
58.543588638305664,169104
58.54636263847351,169104
58.54913091659546,169104
58.55191445350647,169104
58.554675817489624,169104
58.55744481086731,169104
58.56022071838379,169104
58.56300473213196,169104
58.5657753944397,169104
58.56853532791138,169104
58.57130527496338,169104
58.574076652526855,169104
58.57685160636902,169104
58.579620361328125,169104
58.58239984512329,169104
58.58517575263977,169104
58.587939739227295,169104
58.59070158004761,169104
58.59347748756409,169104
58.596253871917725,169104
58.59902858734131,169104
58.60180640220642,169104
58.604570150375366,169104
58.607335329055786,169104
58.61010694503784,169104
58.612890005111694,169104
58.615649461746216,169104
58.61841106414795,169104
58.621187686920166,169104
58.623960971832275,169104
58.62673330307007,169104
58.62949275970459,169104
58.63227558135986,169104
58.63505172729492,169104
58.637819051742554,169104
58.64057636260986,169104
58.64335250854492,169104
58.64612865447998,169104
58.64889311790466,169104
58.65166902542114,169104
58.6544406414032,169104
58.657206296920776,169104
58.659979820251465,169104
58.662769079208374,169104
58.66552996635437,169104
58.66829466819763,169104
58.671074867248535,169104
58.6738440990448,169104
58.676602602005005,169104
58.679362773895264,169104
58.682135581970215,169104
58.68491315841675,169104
58.68768072128296,169104
58.69044852256775,169104
58.6932327747345,169104
58.69600462913513,169104
58.69877362251282,169104
58.701542377471924,169104
58.70430374145508,169104
58.70707583427429,169104
58.709848403930664,169104
58.71262311935425,169104
58.71538281440735,169104
58.71814775466919,169104
58.72092533111572,169104
58.723689556121826,169104
58.726454973220825,169104
58.729223012924194,169104
58.7319974899292,169104
58.734774351119995,169104
58.737534284591675,169104
58.740299701690674,169104
58.74307823181152,169104
58.745845794677734,169104
58.748605489730835,169104
58.75137448310852,169104
58.754141092300415,169104
58.7569100856781,169104
58.75967597961426,169104
58.76245665550232,169104
58.76522779464722,169104
58.76799654960632,169104
58.7707793712616,169104
58.77354407310486,169104
58.77630949020386,169104
58.779088497161865,169104
58.781872034072876,169104
58.784642696380615,169104
58.78741002082825,169104
58.79018497467041,169104
58.792973041534424,169104
58.79575300216675,169104
58.79851293563843,169104
58.80129885673523,169104
58.804081439971924,169104
58.80685830116272,169104
58.80962896347046,169104
58.812405824661255,169104
58.815171241760254,169104
58.81794476509094,169104
58.82071661949158,169104
58.8234965801239,169104
58.826268672943115,169104
58.82904601097107,169104
58.83183026313782,169104
58.83459496498108,169104
58.83736515045166,169104
58.84013247489929,169104
58.8429229259491,169104
58.84568548202515,169104
58.84845495223999,169104
58.85123872756958,169104
58.85400581359863,169104
58.85678005218506,169104
58.85953736305237,169104
58.86232399940491,169104
58.8651008605957,169104
58.86787509918213,169104
58.87064504623413,169104
58.87341499328613,169104
58.876184701919556,169104
58.87896013259888,169104
58.88174653053284,169104
58.884509325027466,169104
58.88727593421936,169104
58.89005088806152,169104
58.89283800125122,169104
58.8956036567688,169104
58.89837050437927,169104
58.90115404129028,169104
58.90392804145813,169104
58.90669870376587,169104
58.90948486328125,169104
58.91226768493652,169104
58.915042877197266,169104
58.91781210899353,169104
58.920581102371216,169104
58.923359394073486,169104
58.92612361907959,169104
58.92889380455017,169104
58.931668281555176,169104
58.93443489074707,169104
58.93719959259033,169104
58.93997550010681,169104
58.9427604675293,169104
58.94552564620972,169104
58.94829440116882,169104
58.95108437538147,169104
58.953863859176636,169104
58.95662784576416,169104
58.95939660072327,169104
58.96218228340149,169104
58.9649498462677,169104
58.967711210250854,169104
58.970473289489746,169104
58.973254680633545,169104
58.9760308265686,169104
58.97879695892334,169104
58.981568574905396,169104
58.984333753585815,169104
58.98710083961487,169104
58.98987150192261,169104
58.99264717102051,169104
58.99540829658508,169104
58.99817252159119,169104
59.000956535339355,169104
59.00372123718262,169104
59.006481647491455,169104
59.009251832962036,169104
59.012033224105835,169104
59.01480770111084,169104
59.017569065093994,169104
59.02033615112305,169104
59.02311682701111,169104
59.02588224411011,169104
59.02863836288452,169104
59.031405210494995,169104
59.03417158126831,169104
59.036935806274414,169104
59.03969955444336,169104
59.042479276657104,169104
59.04524779319763,169104
59.04802322387695,169104
59.05080580711365,169104
59.05356216430664,169104
59.056326389312744,169104
59.059104681015015,169104
59.0618839263916,169104
59.06464123725891,169104
59.067402839660645,169104
59.07016682624817,169104
59.07294750213623,169104
59.07571029663086,169104
59.078476428985596,169104
59.0812509059906,169104
59.08402681350708,169104
59.08680057525635,169104
59.08955526351929,169104
59.092334508895874,169104
59.095107316970825,169104
59.09787368774414,169104
59.10063147544861,169104
59.10339903831482,169104
59.10616707801819,169104
59.10893893241882,169104
59.1117103099823,169104
59.11447501182556,169104
59.11724138259888,169104
59.12000894546509,169104
59.12278699874878,169104
59.12554597854614,169104
59.12829804420471,169104
59.13107371330261,169104
59.133838415145874,169104
59.13660478591919,169104
59.139368295669556,169104
59.142149209976196,169104
59.14492869377136,169104
59.147682189941406,169104
59.15044069290161,169104
59.15321969985962,169104
59.155986070632935,169104
59.15875720977783,169104
59.16152811050415,169104
59.164289236068726,169104
59.16705822944641,169104
59.169827461242676,169104
59.17259621620178,169104
59.17536163330078,169104
59.178128719329834,169104
59.180907011032104,169104
59.1836793422699,169104
59.18644571304321,169104
59.189207553863525,169104
59.191996812820435,169104
59.194767236709595,169104
59.197524309158325,169104
59.2002968788147,169104
59.203078508377075,169104
59.20585107803345,169104
59.208606481552124,169104
59.21138834953308,169104
59.2141592502594,169104
59.21693277359009,169104
59.21969413757324,169104
59.22246837615967,169104
59.22524356842041,169104
59.22800612449646,169104
59.23078799247742,169104
59.233550786972046,169104
59.236302852630615,169104
59.23907399177551,169104
59.24185299873352,169104
59.24461627006531,169104
59.247379302978516,169104
59.25014686584473,169104
59.25291872024536,169104
59.255675315856934,169104
59.25843906402588,169104
59.26122188568115,169104
59.263994455337524,169104
59.26677083969116,169104
59.26952385902405,169104
59.27230453491211,169104
59.27507948875427,169104
59.27784991264343,169104
59.280619382858276,169104
59.28339338302612,169104
59.28616261482239,169104
59.28893280029297,169104
59.29170489311218,169104
59.29446792602539,169104
59.297234773635864,169104
59.300007343292236,169104
59.30278563499451,169104
59.30554509162903,169104
59.30830502510071,169104
59.311086654663086,169104
59.31385779380798,169104
59.31661915779114,169104
59.319382429122925,169104
59.32216143608093,169104
59.3249249458313,169104
59.327691316604614,169104
59.33046817779541,169104
59.33324933052063,169104
59.336024045944214,169104
59.33879351615906,169104
59.34156274795532,169104
59.34433150291443,169104
59.3471040725708,169104
59.3498752117157,169104
59.35264348983765,169104
59.35541081428528,169104
59.35817551612854,169104
59.360957622528076,169104
59.363715171813965,169104
59.366477966308594,169104
59.369248151779175,169104
59.372024059295654,169104
59.37479615211487,169104
59.37756133079529,169104
59.38032102584839,169104
59.383100748062134,169104
59.385865926742554,169104
59.38862705230713,169104
59.39139986038208,169104
59.39417123794556,169104
59.396934509277344,169104
59.39969563484192,169104
59.402466773986816,169104
59.405235290527344,169104
59.40801000595093,169104
59.41079568862915,169104
59.41355895996094,169104
59.416319847106934,169104
59.41908311843872,169104
59.42186164855957,169104
59.42462730407715,169104
59.42738127708435,169104
59.430147886276245,169104
59.43293333053589,169104
59.43569540977478,169104
59.43846011161804,169104
59.44123435020447,169104
59.44400644302368,169104
59.44677972793579,169104
59.44953751564026,169104
59.45231509208679,169104
59.45508408546448,169104
59.4578537940979,169104
59.460613489151,169104
59.46339154243469,169104
59.4661602973938,169104
59.468923807144165,169104
59.47170543670654,169104
59.47446918487549,169104
59.47724366188049,169104
59.48001575469971,169104
59.4827995300293,169104
59.48556041717529,169104
59.48832321166992,169104
59.49109888076782,169104
59.49386644363403,169104
59.49662804603577,169104
59.49939322471619,169104
59.502169370651245,169104
59.504937410354614,169104
59.507699728012085,169104
59.51046276092529,169104
59.51324248313904,169104
59.516013860702515,169104
59.51878523826599,169104
59.52155303955078,169104
59.52431297302246,169104
59.52708339691162,169104
59.52985191345215,169104
59.53262948989868,169104
59.53539562225342,169104
59.538161277770996,169104
59.54094123840332,169104
59.54370594024658,169104
59.5464723110199,169104
59.54924559593201,169104
59.552030086517334,169104
59.554810762405396,169104
59.55757713317871,169104
59.56034278869629,169104
59.56312417984009,169104
59.56588625907898,169104
59.568641901016235,169104
59.571414947509766,169104
59.57418346405029,169104
59.576953411102295,169104
59.57971787452698,169104
59.58249354362488,169104
59.58526825904846,169104
59.58804130554199,169104
59.590821504592896,169104
59.59358596801758,169104
59.59634852409363,169104
59.599122285842896,169104
59.60189962387085,169104
59.604668855667114,169104
59.60742926597595,169104
59.610196590423584,169104
59.61298179626465,169104
59.61574864387512,169104
59.618505001068115,169104
59.62128210067749,169104
59.62405252456665,169104
59.62682223320007,169104
59.6295862197876,169104
59.63236403465271,169104
59.63513207435608,169104
59.63790726661682,169104
59.640669107437134,169104
59.643450021743774,169104
59.64621591567993,169104
59.64898133277893,169104
59.65175771713257,169104
59.65452218055725,169104
59.65728712081909,169104
59.66005873680115,169104
59.66283559799194,169104
59.66559457778931,169104
59.66835975646973,169104
59.671138763427734,169104
59.67390418052673,169104
59.67667269706726,169104
59.679441928863525,169104
59.6822190284729,169104
59.68498635292053,169104
59.6877601146698,169104
59.69051694869995,169104
59.69329309463501,169104
59.696062326431274,169104
59.698837995529175,169104
59.701611042022705,169104
59.70438098907471,169104
59.707149505615234,169104
59.709917068481445,169104
59.7126944065094,169104
59.715468645095825,169104
59.71823525428772,169104
59.721023082733154,169104
59.72379779815674,169104
59.72655749320984,169104
59.72932147979736,169104
59.732105016708374,169104
59.73487567901611,169104
59.73764133453369,169104
59.74040627479553,169104
59.74318027496338,169104
59.74594593048096,169104
59.74870586395264,169104
59.75148391723633,169104
59.754252910614014,169104
59.757023334503174,169104
59.759793758392334,169104
59.762574195861816,169104
59.76533651351929,169104
59.768105030059814,169104
59.770883321762085,169104
59.77365446090698,169104
59.776421546936035,169104
59.77919101715088,169104
59.78198003768921,169104
59.78474974632263,169104
59.787513256073,169104
59.79040598869324,169104
59.79317665100098,169104
59.79594802856445,169104
59.79871153831482,169104
59.801480293273926,169104
59.80425143241882,169104
59.807024002075195,169104
59.8097927570343,169104
59.81256365776062,169104
59.8153281211853,169104
59.818097829818726,169104
59.82088017463684,169104
59.82364630699158,169104
59.826409578323364,169104
59.82917928695679,169104
59.831963777542114,169104
59.83473467826843,169104
59.837491273880005,169104
59.840264320373535,169104
59.8430449962616,169104
59.84582495689392,169104
59.8485894203186,169104
59.85136342048645,169104
59.85413360595703,169104
59.85689854621887,169104
59.85966348648071,169104
59.862438440322876,169104
59.86519908905029,169104
59.86796188354492,169104
59.870723247528076,169104
59.87350153923035,169104
59.876264572143555,169104
59.87903428077698,169104
59.88182210922241,169104
59.884586334228516,169104
59.88735318183899,169104
59.89012289047241,169104
59.89290404319763,169104
59.89567160606384,169104
59.89843225479126,169104
59.90120530128479,169104
59.90397930145264,169104
59.90674901008606,169104
59.9095094203949,169104
59.91229057312012,169104
59.91506290435791,169104
59.91782879829407,169104
59.9205904006958,169104
59.92336320877075,169104
59.926130533218384,169104
59.92889475822449,169104
59.93166756629944,169104
59.93444013595581,169104
59.93720817565918,169104
59.9399790763855,169104
59.94275617599487,169104
59.94552564620972,169104
59.948293924331665,169104
59.951069831848145,169104
59.953840255737305,169104
59.95660853385925,169104
59.959373235702515,169104
59.96214747428894,169104
59.964911222457886,169104
59.96766948699951,169104
59.970436811447144,169104
59.97322392463684,169104
59.9759955406189,169104
59.97876238822937,169104
59.981528759002686,169104
59.984293937683105,169104
59.98706865310669,169104
59.989848136901855,169104
59.99262261390686,169104
59.9953875541687,169104
59.99816370010376,169104
60.00093960762024,169104
60.003706216812134,169104
60.0064697265625,169104
60.00925350189209,169104
60.01203489303589,169104
60.014808654785156,169104
60.01756286621094,169104
60.020339250564575,169104
60.02312731742859,169104
60.02590203285217,169104
60.02866792678833,169104
60.03144097328186,169104
60.03421068191528,169104
60.03698372840881,169104
60.03976082801819,169104
60.04253149032593,169104
60.04530119895935,169104
60.04806852340698,169104
60.05084753036499,169104
60.05361747741699,169104
60.05638766288757,169104
60.05915403366089,169104
60.061935901641846,169104
60.06470251083374,169104
60.067466735839844,169104
60.07024168968201,169104
60.07302474975586,169104
60.075798988342285,169104
60.078553676605225,169104
60.0813353061676,169104
60.08410716056824,169104
60.086880683898926,169104
60.089643716812134,169104
60.09241843223572,169104
60.095192432403564,169104
60.097968339920044,169104
60.100745677948,169104
60.10351204872131,169104
60.10628056526184,169104
60.10905194282532,169104
60.11183404922485,169104
60.114601135253906,169104
60.11736273765564,169104
60.120134592056274,169104
60.122923612594604,169104
60.12569713592529,169104
60.128456115722656,169104
60.13123679161072,169104
60.13400626182556,169104
60.13678455352783,169104
60.13953924179077,169104
60.142319440841675,169104
60.145100593566895,169104
60.147881507873535,169104
60.15064859390259,169104
60.15342116355896,169104
60.15618920326233,169104
60.15896439552307,169104
60.16174936294556,169104
60.16451358795166,169104
60.16727089881897,169104
60.17004084587097,169104
60.17282176017761,169104
60.17558765411377,169104
60.1783549785614,169104
60.18113827705383,169104
60.183913707733154,169104
60.18668341636658,169104
60.18945336341858,169104
60.19223952293396,169104
60.195014238357544,169104
60.197786808013916,169104
60.200544595718384,169104
60.203319787979126,169104
60.20609498023987,169104
60.20887064933777,169104
60.21165347099304,169104
60.21441888809204,169104
60.21718120574951,169104
60.21995759010315,169104
60.22273397445679,169104
60.225494146347046,169104
60.22826099395752,169104
60.23104763031006,169104
60.233826875686646,169104
60.23658990859985,169104
60.239351987838745,169104
60.24213933944702,169104
60.24492168426514,169104
60.24768948554993,169104
60.2504620552063,169104
60.25324535369873,169104
60.25601387023926,169104
60.2587890625,169104
60.26155924797058,169104
60.264328956604004,169104
60.267104148864746,169104
60.26987409591675,169104
60.27264976501465,169104
60.27541947364807,169104
60.27818751335144,169104
60.28097057342529,169104
60.28374171257019,169104
60.286508560180664,169104
60.28927993774414,169104
60.29206871986389,169104
60.294835805892944,169104
60.297600507736206,169104
60.30036926269531,169104
60.30315041542053,169104
60.30592632293701,169104
60.30869150161743,169104
60.31146240234375,169104
60.314234018325806,169104
60.31700301170349,169104
60.31977581977844,169104
60.3225462436676,169104
60.32531809806824,169104
60.32808303833008,169104
60.33086562156677,169104
60.33363103866577,169104
60.33640003204346,169104
60.33916521072388,169104
60.34194564819336,169104
60.34470844268799,169104
60.34746694564819,169104
60.350234031677246,169104
60.353023052215576,169104
60.355801582336426,169104
60.35857105255127,169104
60.361347675323486,169104
60.36412239074707,169104
60.36689233779907,169104
60.36965250968933,169104
60.372427463531494,169104
60.37519884109497,169104
60.377968311309814,169104
60.38074517250061,169104
60.38351249694824,169104
60.386279821395874,169104
60.38905477523804,169104
60.39183783531189,169104
60.394601583480835,169104
60.39737319946289,169104
60.40013933181763,169104
60.4029221534729,169104
60.405685901641846,169104
60.408456802368164,169104
60.41124200820923,169104
60.41401147842407,169104
60.41677689552307,169104
60.41953778266907,169104
60.42232012748718,169104
60.42509198188782,169104
60.42786264419556,169104
60.43063044548035,169104
60.43340301513672,169104
60.436182260513306,169104
60.43895673751831,169104
60.44172477722168,169104
60.444488286972046,169104
60.44725489616394,169104
60.45002102851868,169104
60.45280408859253,169104
60.455565452575684,169104
60.458335638046265,169104
60.46111989021301,169104
60.463895320892334,169104
60.46665716171265,169104
60.469417333602905,169104
60.47219443321228,169104
60.47496819496155,169104
60.47772455215454,169104
60.48049068450928,169104
60.483262062072754,169104
60.48603391647339,169104
60.488805055618286,169104
60.491581201553345,169104
60.494340658187866,169104
60.497111797332764,169104
60.499879121780396,169104
60.50265097618103,169104
60.50541830062866,169104
60.50818705558777,169104
60.51096987724304,169104
60.513747215270996,169104
60.516501665115356,169104
60.519264698028564,169104
60.52204632759094,169104
60.52482461929321,169104
60.52757668495178,169104
60.530346632003784,169104
60.53312134742737,169104
60.53588819503784,169104
60.53865170478821,169104
60.54142355918884,169104
60.54419469833374,169104
60.54697060585022,169104
60.54974031448364,169104
60.55251097679138,169104
60.55527639389038,169104
60.55805587768555,169104
60.56083846092224,169104
60.56360673904419,169104
60.56637644767761,169104
60.56914949417114,169104
60.57193160057068,169104
60.57469987869263,169104
60.577467918395996,169104
60.580239057540894,169104
60.58302164077759,169104
60.585790157318115,169104
60.588555574417114,169104
60.59133863449097,169104
60.594107151031494,169104
60.596877336502075,169104
60.59963941574097,169104
60.60241413116455,169104
60.60518741607666,169104
60.60796117782593,169104
60.61074233055115,169104
60.61350607872009,169104
60.61627173423767,169104
60.6190505027771,169104
60.62183713912964,169104
60.62460398674011,169104
60.62737226486206,169104
60.63014006614685,169104
60.632914543151855,169104
60.63568639755249,169104
60.638452768325806,169104
60.641236305236816,169104
60.64400005340576,169104
60.646770000457764,169104
60.64953422546387,169104
60.65231394767761,169104
60.65508031845093,169104
60.657851696014404,169104
60.660611391067505,169104
60.66338515281677,169104
60.66615319252014,169104
60.668925762176514,169104
60.67170000076294,169104
60.67447233200073,169104
60.677233934402466,169104
60.680007457733154,169104
60.68278884887695,169104
60.685547828674316,169104
60.688313007354736,169104
60.69110321998596,169104
60.693875312805176,169104
60.696635007858276,169104
60.69938898086548,169104
60.70217299461365,169104
60.70494771003723,169104
60.70770573616028,169104
60.710474252700806,169104
60.713257789611816,169104
60.71603226661682,169104
60.71880865097046,169104
60.72157835960388,169104
60.72435474395752,169104
60.7271249294281,169104
60.729899883270264,169104
60.73267698287964,169104
60.73544120788574,169104
60.73821711540222,169104
60.741002559661865,169104
60.74377655982971,169104
60.74653625488281,169104
60.74929904937744,169104
60.75207829475403,169104
60.754852294921875,169104
60.75762176513672,169104
60.76038980484009,169104
60.76317834854126,169104
60.76594829559326,169104
60.76871633529663,169104
60.77149248123169,169104
60.774269819259644,169104
60.777039527893066,169104
60.7798216342926,169104
60.78258204460144,169104
60.78535223007202,169104
60.78812575340271,169104
60.790910720825195,169104
60.79367542266846,169104
60.79644703865051,169104
60.79921317100525,169104
60.801997661590576,169104
60.80476713180542,169104
60.80752873420715,169104
60.81029391288757,169104
60.81307244300842,169104
60.81584620475769,169104
60.81861209869385,169104
60.82138991355896,169104
60.82417058944702,169104
60.8269419670105,169104
60.82970690727234,169104
60.83248591423035,169104
60.83525586128235,169104
60.83802366256714,169104
60.840800762176514,169104
60.84356927871704,169104
60.846338987350464,169104
60.84910273551941,169104
60.8518853187561,169104
60.85465335845947,169104
60.85741686820984,169104
60.86018466949463,169104
60.86297106742859,169104
60.865744829177856,169104
60.86850714683533,169104
60.87127947807312,169104
60.87405347824097,169104
60.876821994781494,169104
60.87958836555481,169104
60.88236999511719,169104
60.88514447212219,169104
60.88791346549988,169104
60.89068007469177,169104
60.89346170425415,169104
60.896231174468994,169104
60.89900588989258,169104
60.90178108215332,169104
60.904542207717896,169104
60.90731120109558,169104
60.910083532333374,169104
60.91286516189575,169104
60.91562557220459,169104
60.91838574409485,169104
60.92116403579712,169104
60.923930406570435,169104
60.92670130729675,169104
60.92947602272034,169104
60.93225908279419,169104
60.93503713607788,169104
60.937811613082886,169104
60.940584897994995,169104
60.94336128234863,169104
60.946138858795166,169104
60.9489049911499,169104
60.95168209075928,169104
60.95444679260254,169104
60.95721507072449,169104
60.95999002456665,169104
60.962767601013184,169104
60.9655179977417,169104
60.96828055381775,169104
60.971062898635864,169104
60.973915576934814,169104
60.9766800403595,169104
60.979445695877075,169104
60.982229709625244,169104
60.98500347137451,169104
60.98776960372925,169104
60.9905321598053,169104
60.99331545829773,169104
60.99608302116394,169104
60.998844623565674,169104
61.001612186431885,169104
61.00438380241394,169104
61.00714707374573,169104
61.009926080703735,169104
61.01269173622131,169104
61.0154550075531,169104
61.018224000930786,169104
61.021008253097534,169104
61.02378726005554,169104
61.026546239852905,169104
61.029319047927856,169104
61.032100439071655,169104
61.034868478775024,169104
61.03763961791992,169104
61.04041028022766,169104
61.04319429397583,169104
61.045968770980835,169104
61.04873538017273,169104
61.05150318145752,169104
61.0542688369751,169104
61.05703592300415,169104
61.0598030090332,169104
61.06257224082947,169104
61.06534004211426,169104
61.06810808181763,169104
61.07088899612427,169104
61.07365536689758,169104
61.07642078399658,169104
61.079193115234375,169104
61.08197093009949,169104
61.08474135398865,169104
61.087496519088745,169104
61.09025716781616,169104
61.09303832054138,169104
61.09581398963928,169104
61.098572969436646,169104
61.10135793685913,169104
61.104122161865234,169104
61.10689115524292,169104
61.1096613407135,169104
61.11242651939392,169104
61.11518931388855,169104
61.11795949935913,169104
61.120742082595825,169104
61.123501777648926,169104
61.126272201538086,169104
61.12904143333435,169104
61.13182330131531,169104
61.13458752632141,169104
61.137351989746094,169104
61.14012432098389,169104
61.14291191101074,169104
61.14567041397095,169104
61.14842891693115,169104
61.15120458602905,169104
61.153974533081055,169104
61.15674138069153,169104
61.15950298309326,169104
61.16227889060974,169104
61.16505432128906,169104
61.16781663894653,169104
61.17057156562805,169104
61.173349142074585,169104
61.17611885070801,169104
61.17889356613159,169104
61.181671380996704,169104
61.184441328048706,169104
61.18721652030945,169104
61.18999004364014,169104
61.19277763366699,169104
61.19554400444031,169104
61.19830679893494,169104
61.20108938217163,169104
61.203861951828,169104
61.20661926269531,169104
61.2093870639801,169104
61.2121684551239,169104
61.214942932128906,169104
61.2177152633667,169104
61.22048020362854,169104
61.22325539588928,169104
61.226035594940186,169104
61.228814363479614,169104
61.231590270996094,169104
61.234357595443726,169104
61.23712348937988,169104
61.23989486694336,169104
61.2426655292511,169104
61.24543213844299,169104
61.24820375442505,169104
61.25099587440491,169104
61.25377011299133,169104
61.256529092788696,169104
61.25929880142212,169104
61.26208424568176,169104
61.26485323905945,169104
61.267627477645874,169104
61.27039670944214,169104
61.27317953109741,169104
61.27594804763794,169104
61.2787127494812,169104
61.281492471694946,169104
61.284262895584106,169104
61.28703570365906,169104
61.289807081222534,169104
61.29258131980896,169104
61.29535150527954,169104
61.29811882972717,169104
61.300912618637085,169104
61.30367398262024,169104
61.306442737579346,169104
61.309211015701294,169104
61.311986684799194,169104
61.31475257873535,169104
61.317514181137085,169104
61.32028245925903,169104
61.32305955886841,169104
61.325831174850464,169104
61.32859659194946,169104
61.331372022628784,169104
61.334152936935425,169104
61.336928606033325,169104
61.33969688415527,169104
61.34248161315918,169104
61.345253229141235,169104
61.34802579879761,169104
61.3508083820343,169104
61.3535737991333,169104
61.35634255409241,169104
61.35920691490173,169104
61.361982583999634,169104
61.36475706100464,169104
61.3675172328949,169104
61.37027835845947,169104
61.37306261062622,169104
61.375832319259644,169104
61.378599405288696,169104
61.381383180618286,169104
61.38415455818176,169104
61.38693118095398,169104
61.38969922065735,169104
61.39248085021973,169104
61.395262241363525,169104
61.3980348110199,169104
61.40082001686096,169104
61.403584003448486,169104
61.40634870529175,169104
61.40912437438965,169104
61.411906003952026,169104
61.41467308998108,169104
61.41744112968445,169104
61.42021369934082,169104
61.423001527786255,169104
61.42577147483826,169104
61.4285364151001,169104
61.43131470680237,169104
61.43408727645874,169104
61.43686270713806,169104
61.43963265419006,169104
61.44240212440491,169104
61.44517803192139,169104
61.44795632362366,169104
61.45072627067566,169104
61.453510761260986,169104
61.45627164840698,169104
61.459044218063354,169104
61.46182894706726,169104
61.4645893573761,169104
61.46736526489258,169104
61.47014236450195,169104
61.47292995452881,169104
61.475690841674805,169104
61.47846007347107,169104
61.48123908042908,169104
61.48401165008545,169104
61.48678159713745,169104
61.4895498752594,169104
61.492329597473145,169104
61.49510455131531,169104
61.49787759780884,169104
61.50064134597778,169104
61.50341844558716,169104
61.50618767738342,169104
61.50895380973816,169104
61.511735677719116,169104
61.51449632644653,169104
61.51726293563843,169104
61.52003455162048,169104
61.522817611694336,169104
61.525580167770386,169104
61.52834987640381,169104
61.53112864494324,169104
61.533896684646606,169104
61.536662340164185,169104
61.539433002471924,169104
61.54220628738403,169104
61.54498529434204,169104
61.547757625579834,169104
61.55052065849304,169104
61.55329966545105,169104
61.55607223510742,169104
61.55883979797363,169104
61.561607122421265,169104
61.5643789768219,169104
61.567147731781006,169104
61.56991481781006,169104
61.572691440582275,169104
61.57545185089111,169104
61.57822299003601,169104
61.58100414276123,169104
61.5837721824646,169104
61.58653497695923,169104
61.58930945396423,169104
61.592092752456665,169104
61.5948760509491,169104
61.59763526916504,169104
61.60040760040283,169104
61.60318899154663,169104
61.605963945388794,169104
61.608734130859375,169104
61.61150240898132,169104
61.61426615715027,169104
61.61703872680664,169104
61.61980891227722,169104
61.62258052825928,169104
61.62534236907959,169104
61.628108978271484,169104
61.63088631629944,169104
61.63365435600281,169104
61.63642644882202,169104
61.63920259475708,169104
61.6419882774353,169104
61.64476823806763,169104
61.6475305557251,169104
61.65030837059021,169104
61.653087854385376,169104
61.65585994720459,169104
61.65861964225769,169104
61.661399602890015,169104
61.66417050361633,169104
61.666945457458496,169104
61.66971707344055,169104
61.67249131202698,169104
61.675265073776245,169104
61.67803597450256,169104
61.68081760406494,169104
61.68358826637268,169104
61.686360359191895,169104
61.689130544662476,169104
61.69191360473633,169104
61.694690227508545,169104
61.69746017456055,169104
61.700236558914185,169104
61.70302367210388,169104
61.705795764923096,169104
61.70856165885925,169104
61.711341857910156,169104
61.714112758636475,169104
61.7168915271759,169104
61.71965527534485,169104
61.722429275512695,169104
61.72519874572754,169104
61.727980613708496,169104
61.7307665348053,169104
61.733521699905396,169104
61.736292123794556,169104
61.73906588554382,169104
61.74184513092041,169104
61.74462032318115,169104
61.7473886013031,169104
61.75017261505127,169104
61.75295114517212,169104
61.75572180747986,169104
61.758487701416016,169104
61.76127219200134,169104
61.76404619216919,169104
61.7668251991272,169104
61.76959252357483,169104
61.77237915992737,169104
61.775147676467896,169104
61.77792763710022,169104
61.780689001083374,169104
61.78347182273865,169104
61.78624510765076,169104
61.78902244567871,169104
61.791805267333984,169104
61.79457068443298,169104
61.79733371734619,169104
61.800102949142456,169104
61.80288505554199,169104
61.80565881729126,169104
61.80842304229736,169104
61.811206340789795,169104
61.81397747993469,169104
61.81674122810364,169104
61.81949496269226,169104
61.822264432907104,169104
61.825031042099,169104
61.82780480384827,169104
61.83056020736694,169104
61.833329916000366,169104
61.836097717285156,169104
61.83886957168579,169104
61.84163689613342,169104
61.84440040588379,169104
61.847169637680054,169104
61.849936723709106,169104
61.85271716117859,169104
61.855480670928955,169104
61.8582501411438,169104
61.86103868484497,169104
61.86381697654724,169104
61.86657905578613,169104
61.86935114860535,169104
61.87213397026062,169104
61.8748996257782,169104
61.87766766548157,169104
61.88043570518494,169104
61.88321375846863,169104
61.88598275184631,169104
61.88875150680542,169104
61.89151406288147,169104
61.89427995681763,169104
61.89705204963684,169104
61.89981961250305,169104
61.902586221694946,169104
61.90535020828247,169104
61.90812039375305,169104
61.91090226173401,169104
61.913663148880005,169104
61.91642665863037,169104
61.919191122055054,169104
61.921971797943115,169104
61.924737215042114,169104
61.9274959564209,169104
61.930261850357056,169104
61.93304491043091,169104
61.93581748008728,169104
61.93858003616333,169104
61.941357374191284,169104
61.94413757324219,169104
61.94690990447998,169104
61.94967436790466,169104
61.952452421188354,169104
61.95521569252014,169104
61.9579758644104,169104
61.96075177192688,169104
61.96351671218872,169104
61.966288805007935,169104
61.96905755996704,169104
61.97183299064636,169104
61.9745888710022,169104
61.97735929489136,169104
61.98012852668762,169104
61.98291730880737,169104
61.98568677902222,169104
61.9884512424469,169104
61.99122714996338,169104
61.99400329589844,169104
61.996779680252075,169104
61.999544620513916,169104
62.00232195854187,169104
62.00508666038513,169104
62.00785517692566,169104
62.010621786117554,169104
62.01339769363403,169104
62.01616644859314,169104
62.01893639564514,169104
62.021713972091675,169104
62.024476051330566,169104
62.027249813079834,169104
62.030025005340576,169104
62.032809019088745,169104
62.03557515144348,169104
62.03834319114685,169104
62.0411159992218,169104
62.04388999938965,169104
62.04664993286133,169104
62.04942011833191,169104
62.05219769477844,169104
62.05496883392334,169104
62.05773115158081,169104
62.06049418449402,169104
62.06326913833618,169104
62.066030740737915,169104
62.06880068778992,169104
62.07156419754028,169104
62.07432723045349,169104
62.0770959854126,169104
62.07986497879028,169104
62.0826358795166,169104
62.08539319038391,169104
62.088159799575806,169104
62.090932846069336,169104
62.09370446205139,169104
62.09646821022034,169104
62.09924006462097,169104
62.10201573371887,169104
62.1047899723053,169104
62.107553005218506,169104
62.110321283340454,169104
62.11310267448425,169104
62.11587715148926,169104
62.11863160133362,169104
62.121410608291626,169104
62.12418031692505,169104
62.126957654953,169104
62.12971353530884,169104
62.13249468803406,169104
62.13526487350464,169104
62.138033390045166,169104
62.142590045928955,169104
62.14756369590759,169104
62.15248513221741,169104
62.15761876106262,169104
62.16253042221069,169104
62.167757511138916,169104
62.17276406288147,169104
62.178096294403076,169104
62.183188915252686,169104
62.18846416473389,169104
62.19358491897583,169104
62.19887185096741,169104
62.202455282211304,169104
62.20522737503052,169104
62.20799922943115,169104
62.21078562736511,169104
62.21355104446411,169104
62.21631693840027,169104
62.219094038009644,169104
62.22188210487366,169104
62.22638273239136,169104
62.23167824745178,169104
62.23491883277893,169104
62.23768329620361,169104
62.24044609069824,169104
62.24322843551636,169104
62.245994329452515,169104
62.2487633228302,169104
62.251537799835205,169104
62.25430202484131,169104
62.257067918777466,169104
62.259835720062256,169104
62.262600898742676,169104
62.265355825424194,169104
62.26812267303467,169104
62.27091073989868,169104
62.27367615699768,169104
62.27644324302673,169104
62.27921175956726,169104
62.28199005126953,169104
62.28476119041443,169104
62.28752565383911,169104
62.29029393196106,169104
62.293067932128906,169104
62.295833587646484,169104
62.29859638214111,169104
62.30136775970459,169104
62.30413770675659,169104
62.30691480636597,169104
62.30967903137207,169104
62.31245398521423,169104
62.31522798538208,169104
62.318002223968506,169104
62.320788621902466,169104
62.323546171188354,169104
62.32632040977478,169104
62.329089641571045,169104
62.3318727016449,169104
62.334649085998535,169104
62.33741617202759,169104
62.34018039703369,169104
62.34295463562012,169104
62.34572243690491,169104
62.3484833240509,169104
62.351261615753174,169104
62.354031801223755,169104
62.35680365562439,169104
62.359572649002075,169104
62.362353563308716,169104
62.36512088775635,169104
62.36789846420288,169104
62.37066173553467,169104
62.37344241142273,169104
62.376211404800415,169104
62.37897253036499,169104
62.38175010681152,169104
62.38451337814331,169104
62.38728213310242,169104
62.39005255699158,169104
62.39283776283264,169104
62.39559888839722,169104
62.39837050437927,169104
62.40115833282471,169104
62.40392851829529,169104
62.40669393539429,169104
62.40947413444519,169104
62.41225814819336,169104
62.41503119468689,169104
62.4177987575531,169104
62.42056322097778,169104
62.42333936691284,169104
62.42611289024353,169104
62.4288809299469,169104
62.431652307510376,169104
62.43442177772522,169104
62.437193393707275,169104
62.43996810913086,169104
62.4427649974823,169104
62.445525884628296,169104
62.448302268981934,169104
62.45108890533447,169104
62.45386576652527,169104
62.45662784576416,169104
62.4593985080719,169104
62.46217966079712,169104
62.46495008468628,169104
62.46771550178528,169104
62.47047400474548,169104
62.473259925842285,169104
62.47602868080139,169104
62.478803396224976,169104
62.48157477378845,169104
62.484421253204346,169104
62.48719096183777,169104
62.48996186256409,169104
62.49274969100952,169104
62.495513677597046,169104
62.49827599525452,169104
62.50105834007263,169104
62.50382423400879,169104
62.50658321380615,169104
62.509340047836304,169104
62.51211643218994,169104
62.51489543914795,169104
62.517661571502686,169104
62.52042245864868,169104
62.52320313453674,169104
62.525973081588745,169104
62.52874302864075,169104
62.53150916099548,169104
62.53427720069885,169104
62.537047386169434,169104
62.53981900215149,169104
62.5425910949707,169104
62.545345306396484,169104
62.548112630844116,169104
62.55089449882507,169104
62.55364632606506,169104
62.556408643722534,169104
62.55917739868164,169104
62.56195831298828,169104
62.564722776412964,169104
62.567482471466064,169104
62.57025337219238,169104
62.57304358482361,169104
62.57581853866577,169104
62.5785768032074,169104
62.581355810165405,169104
62.58412456512451,169104
62.58688831329346,169104
62.589648485183716,169104
62.59242081642151,169104
62.595184326171875,169104
62.59795665740967,169104
62.60071659088135,169104
62.60348963737488,169104
62.60625767707825,169104
62.60902738571167,169104
62.61180377006531,169104
62.61457085609436,169104
62.61733555793762,169104
62.620105028152466,169104
62.622891902923584,169104
62.62565636634827,169104
62.62842011451721,169104
62.6312038898468,169104
62.633975982666016,169104
62.6367449760437,169104
62.63950037956238,169104
62.64228582382202,169104
62.645063161849976,169104
62.64783716201782,169104
62.65059494972229,169104
62.65336990356445,169104
62.65615129470825,169104
62.6589298248291,169104
62.66170692443848,169104
62.66446828842163,169104
62.667231798172,169104
62.66999125480652,169104
62.67278075218201,169104
62.67553973197937,169104
62.678306341171265,169104
62.681089639663696,169104
62.68386363983154,169104
62.68662238121033,169104
62.68938374519348,169104
62.692158699035645,169104
62.69492530822754,169104
62.69769048690796,169104
62.700451374053955,169104
62.70323443412781,169104
62.7060010433197,169104
62.70877242088318,169104
62.711538791656494,169104
62.71429967880249,169104
62.7170672416687,169104
62.71983480453491,169104
62.7226128578186,169104
62.725374698638916,169104
62.728132009506226,169104
62.730918407440186,169104
62.73367691040039,169104
62.73644495010376,169104
62.739213943481445,169104
62.74199557304382,169104
62.7447612285614,169104
62.74752163887024,169104
62.75028967857361,169104
62.75307369232178,169104
62.755841970443726,169104
62.75860357284546,169104
62.761374711990356,169104
62.76414656639099,169104
62.76691722869873,169104
62.76967787742615,169104
62.77246117591858,169104
62.77522873878479,169104
62.77799415588379,169104
62.78078532218933,169104
62.783547163009644,169104
62.786314487457275,169104
62.7891047000885,169104
62.79188299179077,169104
62.794647216796875,169104
62.797409772872925,169104
62.800177574157715,169104
62.802958726882935,169104
62.805734634399414,169104
62.808494091033936,169104
62.811269998550415,169104
62.81404519081116,169104
62.81681799888611,169104
62.819578409194946,169104
62.82236409187317,169104
62.825133323669434,169104
62.82791090011597,169104
62.83068060874939,169104
62.833460092544556,169104
62.83622741699219,169104
62.83900308609009,169104
62.84178614616394,169104
62.84454536437988,169104
62.84730911254883,169104
62.85008001327515,169104
62.85286355018616,169104
62.85562491416931,169104
62.85839319229126,169104
62.86117196083069,169104
62.86394643783569,169104
62.866711378097534,169104
62.86947846412659,169104
62.87226366996765,169104
62.875038623809814,169104
62.87781023979187,169104
62.880579710006714,169104
62.88336110115051,169104
62.886127948760986,169104
62.88889932632446,169104
62.89168119430542,169104
62.89444541931152,169104
62.89721965789795,169104
62.89999866485596,169104
62.90277028083801,169104
62.90553617477417,169104
62.9083309173584,169104
62.911115407943726,169104
62.91389584541321,169104
62.91666221618652,169104
62.919432640075684,169104
62.9222149848938,169104
62.924994707107544,169104
62.927765130996704,169104
62.9305305480957,169104
62.9333074092865,169104
62.936073541641235,169104
62.93884778022766,169104
62.941620111465454,169104
62.9443895816803,169104
62.94716215133667,169104
62.949944496154785,169104
62.952725887298584,169104
62.95549273490906,169104
62.95826196670532,169104
62.96104621887207,169104
62.96381950378418,169104
62.96658444404602,169104
62.96935486793518,169104
62.972142457962036,169104
62.974920988082886,169104
62.97768211364746,169104
62.98045492172241,169104
62.983235120773315,169104
62.98600697517395,169104
62.988773822784424,169104
62.99155354499817,169104
62.994319677352905,169104
62.99709630012512,169104
62.99986672401428,169104
63.00263690948486,169104
63.00539684295654,169104
63.008164167404175,169104
63.01093769073486,169104
63.013707637786865,169104
63.01647472381592,169104
63.019240856170654,169104
63.0220160484314,169104
63.02479267120361,169104
63.02755165100098,169104
63.03031301498413,169104
63.033093214035034,169104
63.03587627410889,169104
63.03863573074341,169104
63.04141306877136,169104
63.04418206214905,169104
63.04694867134094,169104
63.049710512161255,169104
63.05247688293457,169104
63.055248737335205,169104
63.05801010131836,169104
63.06078028678894,169104
63.06354022026062,169104
63.066301107406616,169104
63.069066286087036,169104
63.071847438812256,169104
63.0746123790741,169104
63.07737469673157,169104
63.08014988899231,169104
63.08293342590332,169104
63.085691928863525,169104
63.08845591545105,169104
63.09123635292053,169104
63.094003438949585,169104
63.096768617630005,169104
63.099525690078735,169104
63.10229754447937,169104
63.105072021484375,169104
63.107845306396484,169104
63.11060452461243,169104
63.11338210105896,169104
63.11615037918091,169104
63.11892008781433,169104
63.12169432640076,169104
63.12446165084839,169104
63.12723112106323,169104
63.12999963760376,169104
63.13277721405029,169104
63.13552451133728,169104
63.13828229904175,169104
63.14105820655823,169104
63.14383602142334,169104
63.14660406112671,169104
63.149365186691284,169104
63.1521430015564,169104
63.154908418655396,169104
63.157670974731445,169104
63.16043186187744,169104
63.16321396827698,169104
63.16597771644592,169104
63.16874837875366,169104
63.171509742736816,169104
63.1742787361145,169104
63.17704463005066,169104
63.1798141002655,169104
63.18259024620056,169104
63.18535494804382,169104
63.188125133514404,169104
63.19090509414673,169104
63.193668365478516,169104
63.1964316368103,169104
63.199195861816406,169104
63.20197010040283,169104
63.204742193222046,169104
63.20750641822815,169104
63.210273027420044,169104
63.21305298805237,169104
63.21582269668579,169104
63.218573570251465,169104
63.2213499546051,169104
63.224117040634155,169104
63.226882457733154,169104
63.22965097427368,169104
63.23243427276611,169104
63.23520517349243,169104
63.23798131942749,169104
63.240756034851074,169104
63.243515729904175,169104
63.24628257751465,169104
63.24905514717102,169104
63.251834869384766,169104
63.254597425460815,169104
63.25735807418823,169104
63.260120153427124,169104
63.262897968292236,169104
63.26565909385681,169104
63.26842212677002,169104
63.27120113372803,169104
63.2739691734314,169104
63.27671790122986,169104
63.279476165771484,169104
63.282257080078125,169104
63.285025119781494,169104
63.287792682647705,169104
63.290552616119385,169104
63.29333233833313,169104
63.29610633850098,169104
63.29887413978577,169104
63.3016402721405,169104
63.30441498756409,169104
63.307186126708984,169104
63.309950828552246,169104
63.31272029876709,169104
63.31549096107483,169104
63.31825661659241,169104
63.32104158401489,169104
63.323813915252686,169104
63.32657027244568,169104
63.329336404800415,169104
63.332111120224,169104
63.334887981414795,169104
63.3376567363739,169104
63.34041786193848,169104
63.343196630477905,169104
63.34596824645996,169104
63.34874176979065,169104
63.35150194168091,169104
63.354270219802856,169104
63.35704302787781,169104
63.35980939865112,169104
63.362579584121704,169104
63.365339279174805,169104
63.368109703063965,169104
63.370890855789185,169104
63.373650312423706,169104
63.376420974731445,169104
63.37918949127197,169104
63.38196921348572,169104
63.38473582267761,169104
63.38749432563782,169104
63.39025688171387,169104
63.39303469657898,169104
63.39580416679382,169104
63.39856243133545,169104
63.401325702667236,169104
63.40409994125366,169104
63.4068706035614,169104
63.40963077545166,169104
63.412405252456665,169104
63.415178537368774,169104
63.417946100234985,169104
63.42070746421814,169104
63.42347979545593,169104
63.42625188827515,169104
63.42903184890747,169104
63.43180823326111,169104
63.434568881988525,169104
63.43733882904053,169104
63.44010806083679,169104
63.442891120910645,169104
63.4456524848938,169104
63.44842219352722,169104
63.45119881629944,169104
63.45396971702576,169104
63.4567334651947,169104
63.4594943523407,169104
63.46227216720581,169104
63.46503448486328,169104
63.467793464660645,169104
63.47055411338806,169104
63.473329305648804,169104
63.47609829902649,169104
63.478867530822754,169104
63.48164343833923,169104
63.48441171646118,169104
63.48718500137329,169104
63.48995876312256,169104
63.4927339553833,169104
63.49549412727356,169104
63.498255491256714,169104
63.50103211402893,169104
63.50380897521973,169104
63.506566286087036,169104
63.50932812690735,169104
63.51210951805115,169104
63.51488471031189,169104
63.51763916015625,169104
63.52040719985962,169104
63.52317929267883,169104
63.5259473323822,169104
63.52870965003967,169104
63.5314826965332,169104
63.53425049781799,169104
63.537024974823,169104
63.53979802131653,169104
63.54257297515869,169104
63.54533243179321,169104
63.54809761047363,169104
63.55087113380432,169104
63.55363368988037,169104
63.55639863014221,169104
63.559160470962524,169104
63.56193399429321,169104
63.56469178199768,169104
63.56745457649231,169104
63.5702223777771,169104
63.57300305366516,169104
63.57576894760132,169104
63.57852649688721,169104
63.58130168914795,169104
63.58407378196716,169104
63.58684325218201,169104
63.58960962295532,169104
63.59238052368164,169104
63.595149993896484,169104
63.597920179367065,169104
63.60068106651306,169104
63.60346555709839,169104
63.60623645782471,169104
63.60899496078491,169104
63.61178016662598,169104
63.614546060562134,169104
63.61730742454529,169104
63.62007546424866,169104
63.62285828590393,169104
63.62561535835266,169104
63.628379344940186,169104
63.63115382194519,169104
63.633925676345825,169104
63.636693716049194,169104
63.639461040496826,169104
63.642237186431885,169104
63.645007848739624,169104
63.647784948349,169104
63.650543451309204,169104
63.653321743011475,169104
63.65609550476074,169104
63.65886354446411,169104
63.661630630493164,169104
63.66440224647522,169104
63.66717195510864,169104
63.66994047164917,169104
63.67271614074707,169104
63.675477266311646,169104
63.67825484275818,169104
63.68103623390198,169104
63.68381071090698,169104
63.6865816116333,169104
63.689340591430664,169104
63.69211792945862,169104
63.69489598274231,169104
63.69765043258667,169104
63.700416564941406,169104
63.70319938659668,169104
63.705971479415894,169104
63.708744049072266,169104
63.71151304244995,169104
63.7142813205719,169104
63.71704936027527,169104
63.71982479095459,169104
63.72259855270386,169104
63.725361824035645,169104
63.728132247924805,169104
63.730910301208496,169104
63.733672857284546,169104
63.73644161224365,169104
63.739208936691284,169104
63.741986989974976,169104
63.74475908279419,169104
63.74752759933472,169104
63.750293493270874,169104
63.75307273864746,169104
63.755839109420776,169104
63.75860571861267,169104
63.76137709617615,169104
63.764153718948364,169104
63.7669198513031,169104
63.76968431472778,169104
63.772457122802734,169104
63.77522349357605,169104
63.77799129486084,169104
63.78077244758606,169104
63.78353428840637,169104
63.78630566596985,169104
63.78909182548523,169104
63.791877031326294,169104
63.794644832611084,169104
63.79740810394287,169104
63.80017352104187,169104
63.802953481674194,169104
63.805713415145874,169104
63.80848264694214,169104
63.81126308441162,169104
63.814035177230835,169104
63.816805362701416,169104
63.81956911087036,169104
63.82235622406006,169104
63.82512903213501,169104
63.827898025512695,169104
63.830665588378906,169104
63.83343458175659,169104
63.83620524406433,169104
63.838979959487915,169104
63.84176564216614,169104
63.84452819824219,169104
63.84729313850403,169104
63.85006403923035,169104
63.85284686088562,169104
63.855618715286255,169104
63.85837936401367,169104
63.86116671562195,169104
63.863935232162476,169104
63.86669301986694,169104
63.869462966918945,169104
63.87224531173706,169104
63.87501549720764,169104
63.877784729003906,169104
63.880544900894165,169104
63.88331317901611,169104
63.88608264923096,169104
63.88884997367859,169104
63.89161920547485,169104
63.894388914108276,169104
63.89715600013733,169104
63.899927854537964,169104
63.90270256996155,169104
63.90546679496765,169104
63.90823459625244,169104
63.91102647781372,169104
63.913806200027466,169104
63.91657066345215,169104
63.91933870315552,169104
63.92211937904358,169104
63.92488360404968,169104
63.927650451660156,169104
63.930416107177734,169104
63.93319773674011,169104
63.93597602844238,169104
63.93875050544739,169104
63.94151067733765,169104
63.94428110122681,169104
63.947049379348755,169104
63.949819564819336,169104
63.95258545875549,169104
63.95535326004028,169104
63.95812249183655,169104
63.96090650558472,169104
63.96367001533508,169104
63.966434955596924,169104
63.969213008880615,169104
63.971994161605835,169104
63.97476625442505,169104
63.977530002593994,169104
63.98029565811157,169104
63.98307514190674,169104
63.98584818840027,169104
63.9886999130249,169104
63.99147295951843,169104
63.99424076080322,169104
63.99701118469238,169104
63.99978804588318,169104
64.00255537033081,169104
64.00532531738281,169104
64.00809168815613,169104
64.01087474822998,169104
64.01364350318909,169104
64.01639986038208,169104
64.01916480064392,169104
64.02194356918335,169104
64.02470135688782,169104
64.02746963500977,169104
64.03024363517761,169104
64.03302812576294,169104
64.03580021858215,169104
64.03855800628662,169104
64.0413384437561,169104
64.0441026687622,169104
64.04686975479126,169104
64.04962921142578,169104
64.05240535736084,169104
64.05517792701721,169104
64.05794715881348,169104
64.06070804595947,169104
64.06348443031311,169104
64.06625413894653,169104
64.06901621818542,169104
64.0717990398407,169104
64.0745620727539,169104
64.0773196220398,169104
64.08009219169617,169104
64.0828709602356,169104
64.08563327789307,169104
64.08839678764343,169104
64.0911717414856,169104
64.09394836425781,169104
64.09672093391418,169104
64.09947872161865,169104
64.10225868225098,169104
64.1050386428833,169104
64.10780096054077,169104
64.11056089401245,169104
64.11333990097046,169104
64.11611485481262,169104
64.1188862323761,169104
64.121657371521,169104
64.12442278862,169104
64.12718677520752,169104
64.12995433807373,169104
64.1327338218689,169104
64.13549137115479,169104
64.13825678825378,169104
64.14103078842163,169104
64.14380192756653,169104
64.146564245224,169104
64.1493308544159,169104
64.15211629867554,169104
64.15488624572754,169104
64.15763974189758,169104
64.16039633750916,169104
64.1631829738617,169104
64.16594910621643,169104
64.1687159538269,169104
64.17148518562317,169104
64.17425179481506,169104
64.17702341079712,169104
64.17979407310486,169104
64.18256092071533,169104
64.18532514572144,169104
64.18809723854065,169104
64.19087386131287,169104
64.19363474845886,169104
64.1963963508606,169104
64.19916772842407,169104
64.20194387435913,169104
64.20470452308655,169104
64.20747089385986,169104
64.2102324962616,169104
64.21302151679993,169104
64.2157974243164,169104
64.21855616569519,169104
64.22133326530457,169104
64.22410130500793,169104
64.22687196731567,169104
64.2296450138092,169104
64.23242092132568,169104
64.23519206047058,169104
64.23796486854553,169104
64.24074196815491,169104
64.24350094795227,169104
64.24626922607422,169104
64.24903464317322,169104
64.25181937217712,169104
64.25458359718323,169104
64.2573459148407,169104
64.26011300086975,169104
64.2628972530365,169104
64.2656581401825,169104
64.26841998100281,169104
64.27120590209961,169104
64.2739827632904,169104
64.2767448425293,169104
64.27950406074524,169104
64.28227925300598,169104
64.28505516052246,169104
64.28782868385315,169104
64.29058885574341,169104
64.2933623790741,169104
64.29612755775452,169104
64.29888868331909,169104
64.30165982246399,169104
64.30441951751709,169104
64.30718851089478,169104
64.30995416641235,169104
64.3127338886261,169104
64.31548738479614,169104
64.31825041770935,169104
64.32102823257446,169104
64.32380175590515,169104
64.3265631198883,169104
64.32932567596436,169104
64.33210635185242,169104
64.33488130569458,169104
64.33764410018921,169104
64.34041166305542,169104
64.34319925308228,169104
64.34597086906433,169104
64.34873652458191,169104
64.3514997959137,169104
64.35427069664001,169104
64.35703039169312,169104
64.35980272293091,169104
64.36257576942444,169104
64.36533188819885,169104
64.36809229850769,169104
64.37086749076843,169104
64.3736321926117,169104
64.37640690803528,169104
64.37918162345886,169104
64.38196063041687,169104
64.38472151756287,169104
64.38748168945312,169104
64.39024949073792,169104
64.39303207397461,169104
64.3957986831665,169104
64.39855718612671,169104
64.40133118629456,169104
64.40410447120667,169104
64.40687394142151,169104
64.40963864326477,169104
64.41240978240967,169104
64.41517853736877,169104
64.41794967651367,169104
64.42070889472961,169104
64.42348217964172,169104
64.42624425888062,169104
64.42901158332825,169104
64.43178939819336,169104
64.43454957008362,169104
64.43731617927551,169104
64.44008827209473,169104
64.44286036491394,169104
64.44561743736267,169104
64.44837999343872,169104
64.45115351676941,169104
64.45392537117004,169104
64.4566879272461,169104
64.45944571495056,169104
64.4622232913971,169104
64.46499705314636,169104
64.46776676177979,169104
64.47052502632141,169104
64.47329831123352,169104
64.47606992721558,169104
64.478848695755,169104
64.48162651062012,169104
64.48439002037048,169104
64.48716354370117,169104
64.48992371559143,169104
64.49269843101501,169104
64.49545860290527,169104
64.49821925163269,169104
64.50100445747375,169104
64.50378322601318,169104
64.50654101371765,169104
64.50929999351501,169104
64.51208233833313,169104
64.51485657691956,169104
64.51761984825134,169104
64.52038240432739,169104
64.5231683254242,169104
64.52593731880188,169104
64.5287024974823,169104
64.53147602081299,169104
64.53423857688904,169104
64.5370078086853,169104
64.53977608680725,169104
64.54255056381226,169104
64.54531502723694,169104
64.54808115959167,169104
64.55086207389832,169104
64.55363416671753,169104
64.55638837814331,169104
64.55914545059204,169104
64.56192421913147,169104
64.5646858215332,169104
64.56745147705078,169104
64.57021808624268,169104
64.57299828529358,169104
64.57576608657837,169104
64.5785231590271,169104
64.58130073547363,169104
64.58406949043274,169104
64.58683681488037,169104
64.58958721160889,169104
64.59235000610352,169104
64.59511995315552,169104
64.5978856086731,169104
64.60064554214478,169104
64.60341930389404,169104
64.60618591308594,169104
64.6089551448822,169104
64.61173391342163,169104
64.61449027061462,169104
64.61726021766663,169104
64.62003087997437,169104
64.62281012535095,169104
64.62557554244995,169104
64.62834215164185,169104
64.63112139701843,169104
64.63389849662781,169104
64.63665986061096,169104
64.63942456245422,169104
64.64221024513245,169104
64.64498543739319,169104
64.6477632522583,169104
64.65052962303162,169104
64.65330576896667,169104
64.65607738494873,169104
64.658846616745,169104
64.661612033844,169104
64.66437482833862,169104
64.66714429855347,169104
64.66991209983826,169104
64.67268562316895,169104
64.67544555664062,169104
64.67821860313416,169104
64.68099355697632,169104
64.6837694644928,169104
64.68652772903442,169104
64.68929290771484,169104
64.6920759677887,169104
64.69484829902649,169104
64.69760608673096,169104
64.70037078857422,169104
64.70314335823059,169104
64.70591115951538,169104
64.70867371559143,169104
64.71143746376038,169104
64.71419787406921,169104
64.71696424484253,169104
64.71972584724426,169104
64.72249150276184,169104
64.7252607345581,169104
64.72803544998169,169104
64.73081946372986,169104
64.7335844039917,169104
64.7363543510437,169104
64.7391254901886,169104
64.74190974235535,169104
64.74467658996582,169104
64.74743366241455,169104
64.75020122528076,169104
64.75298023223877,169104
64.75573992729187,169104
64.7584981918335,169104
64.76127338409424,169104
64.7640426158905,169104
64.7668137550354,169104
64.76957511901855,169104
64.77235102653503,169104
64.7751145362854,169104
64.77788758277893,169104
64.78064703941345,169104
64.78342008590698,169104
64.7861819267273,169104
64.78896069526672,169104
64.79173278808594,169104
64.7945020198822,169104
64.79726552963257,169104
64.80003714561462,169104
64.80281662940979,169104
64.80557584762573,169104
64.8083381652832,169104
64.81112384796143,169104
64.81389331817627,169104
64.81666016578674,169104
64.81942009925842,169104
64.82219886779785,169104
64.82497668266296,169104
64.82774949073792,169104
64.83051037788391,169104
64.83329176902771,169104
64.83606195449829,169104
64.83883237838745,169104
64.84159874916077,169104
64.8443660736084,169104
64.84713196754456,169104
64.84990334510803,169104
64.85267996788025,169104
64.8554413318634,169104
64.8582010269165,169104
64.86098003387451,169104
64.8637523651123,169104
64.86650323867798,169104
64.86927008628845,169104
64.87205004692078,169104
64.87481641769409,169104
64.87757658958435,169104
64.88033485412598,169104
64.88311839103699,169104
64.88589072227478,169104
64.88865685462952,169104
64.89142632484436,169104
64.8942039012909,169104
64.89697051048279,169104
64.89974236488342,169104
64.9025194644928,169104
64.90529203414917,169104
64.90806746482849,169104
64.91084313392639,169104
64.91360902786255,169104
64.91637992858887,169104
64.91914820671082,169104
64.92192220687866,169104
64.92468667030334,169104
64.92745065689087,169104
64.9302110671997,169104
64.93298721313477,169104
64.93575429916382,169104
64.93850922584534,169104
64.9412796497345,169104
64.9440541267395,169104
64.94682693481445,169104
64.94958591461182,169104
64.95235586166382,169104
64.95511889457703,169104
64.95788884162903,169104
64.96065258979797,169104
64.96342992782593,169104
64.96620154380798,169104
64.96897482872009,169104
64.97175359725952,169104
64.97451734542847,169104
64.97728443145752,169104
64.98005080223083,169104
64.98283505439758,169104
64.98559784889221,169104
64.98836493492126,169104
64.99114322662354,169104
64.99391984939575,169104
64.99667954444885,169104
64.99944710731506,169104
65.00222778320312,169104
65.00500464439392,169104
65.00777411460876,169104
65.01052737236023,169104
65.01330327987671,169104
65.01607298851013,169104
65.01884460449219,169104
65.02161169052124,169104
65.0243752002716,169104
65.02715182304382,169104
65.02992630004883,169104
65.03271007537842,169104
65.03547549247742,169104
65.03824210166931,169104
65.04102873802185,169104
65.0438027381897,169104
65.04656147956848,169104
65.04933524131775,169104
65.05212545394897,169104
65.05490279197693,169104
65.05766797065735,169104
65.0604362487793,169104
65.06321024894714,169104
65.06597518920898,169104
65.06873559951782,169104
65.07150197029114,169104
65.07426929473877,169104
65.07704138755798,169104
65.07981467247009,169104
65.08258962631226,169104
65.08535981178284,169104
65.08812856674194,169104
65.09090757369995,169104
65.09366536140442,169104
65.09643173217773,169104
65.09920573234558,169104
65.10198497772217,169104
65.10475659370422,169104
65.10751247406006,169104
65.11027956008911,169104
65.1130678653717,169104
65.1158447265625,169104
65.1186044216156,169104
65.12138032913208,169104
65.12415170669556,169104
65.1269257068634,169104
65.12968277931213,169104
65.13245940208435,169104
65.13522601127625,169104
65.13799667358398,169104
65.1407744884491,169104
65.14353513717651,169104
65.14629411697388,169104
65.14906024932861,169104
65.1518440246582,169104
65.15460777282715,169104
65.15736937522888,169104
65.16014289855957,169104
65.16293478012085,169104
65.16570377349854,169104
65.16846871376038,169104
65.17124128341675,169104
65.17401790618896,169104
65.1767897605896,169104
65.17954850196838,169104
65.18232774734497,169104
65.18509435653687,169104
65.18786025047302,169104
65.1906189918518,169104
65.19339895248413,169104
65.19616293907166,169104
65.1989336013794,169104
65.20169830322266,169104
65.20445895195007,169104
65.20722723007202,169104
65.20999693870544,169104
65.21277928352356,169104
65.21553325653076,169104
65.21830773353577,169104
65.22108554840088,169104
65.22386193275452,169104
65.22663688659668,169104
65.22939920425415,169104
65.2321708202362,169104
65.23494482040405,169104
65.23770666122437,169104
65.24047708511353,169104
65.24325060844421,169104
65.2460253238678,169104
65.24883604049683,169104
65.25161170959473,169104
65.25437140464783,169104
65.25714254379272,169104
65.25991439819336,169104
65.26268863677979,169104
65.26545691490173,169104
65.268226146698,169104
65.27100324630737,169104
65.27377820014954,169104
65.2765371799469,169104
65.279305934906,169104
65.28208494186401,169104
65.2848572731018,169104
65.28762459754944,169104
65.29038739204407,169104
65.29317092895508,169104
65.29593634605408,169104
65.29869675636292,169104
65.30147409439087,169104
65.30424880981445,169104
65.3070182800293,169104
65.30978655815125,169104
65.31255340576172,169104
65.3153223991394,169104
65.31808876991272,169104
65.32087206840515,169104
65.32363843917847,169104
65.3264000415802,169104
65.32917094230652,169104
65.331951379776,169104
65.33471918106079,169104
65.33748126029968,169104
65.34025120735168,169104
65.3430404663086,169104
65.34582543373108,169104
65.34858345985413,169104
65.3513536453247,169104
65.35412263870239,169104
65.3568925857544,169104
65.3596556186676,169104
65.36243104934692,169104
65.36520481109619,169104
65.36797380447388,169104
65.37074780464172,169104
65.37350583076477,169104
65.3762743473053,169104
65.37904572486877,169104
65.38181805610657,169104
65.38457536697388,169104
65.38733506202698,169104
65.39010381698608,169104
65.39289355278015,169104
65.39565515518188,169104
65.39841508865356,169104
65.4011914730072,169104
65.40395641326904,169104
65.40672087669373,169104
65.40948915481567,169104
65.41226840019226,169104
65.4150493144989,169104
65.41782188415527,169104
65.42057752609253,169104
65.4233512878418,169104
65.42612433433533,169104
65.4288911819458,169104
65.43166303634644,169104
65.43443250656128,169104
65.43719673156738,169104
65.43996524810791,169104
65.4427399635315,169104
65.4454915523529,169104
65.44826602935791,169104
65.45104742050171,169104
65.45382308959961,169104
65.45657896995544,169104
65.45934104919434,169104
65.4621205329895,169104
65.4648871421814,169104
65.46765279769897,169104
65.4704167842865,169104
65.47320652008057,169104
65.47598099708557,169104
65.47874712944031,169104
65.48150873184204,169104
65.4842779636383,169104
65.4870457649231,169104
65.48981595039368,169104
65.49258637428284,169104
65.49535512924194,169104
65.49813222885132,169104
65.50091361999512,169104
65.50367712974548,169104
65.50644516944885,169104
65.50921297073364,169104
65.5119857788086,169104
65.51475644111633,169104
65.51751565933228,169104
65.52028942108154,169104
65.52307105064392,169104
65.5258457660675,169104
65.52861142158508,169104
65.53138375282288,169104
65.5341567993164,169104
65.53692841529846,169104
65.53968787193298,169104
65.54246973991394,169104
65.54523921012878,169104
65.54800963401794,169104
65.55079007148743,169104
65.55355429649353,169104
65.55631899833679,169104
65.5590877532959,169104
65.56186580657959,169104
65.56462907791138,169104
65.56739568710327,169104
65.57016921043396,169104
65.57295060157776,169104
65.57571315765381,169104
65.57847690582275,169104
65.58126091957092,169104
65.5840334892273,169104
65.58679747581482,169104
65.58955788612366,169104
65.5923433303833,169104
65.59510946273804,169104
65.59787893295288,169104
65.60064649581909,169104
65.60342383384705,169104
65.60619878768921,169104
65.60896873474121,169104
65.61175060272217,169104
65.61450815200806,169104
65.6172742843628,169104
65.6200442314148,169104
65.62282943725586,169104
65.62559342384338,169104
65.6283631324768,169104
65.63114619255066,169104
65.63391780853271,169104
65.6366822719574,169104
65.63944125175476,169104
65.64221811294556,169104
65.64499163627625,169104
65.64776515960693,169104
65.65053272247314,169104
65.65331315994263,169104
65.65607929229736,169104
65.65885519981384,169104
65.66163372993469,169104
65.66440176963806,169104
65.66717863082886,169104
65.66995787620544,169104
65.67273664474487,169104
65.67549228668213,169104
65.67825675010681,169104
65.68103909492493,169104
65.68381905555725,169104
65.68657970428467,169104
65.68934559822083,169104
65.69213438034058,169104
65.69490814208984,169104
65.69767808914185,169104
65.70044708251953,169104
65.70322918891907,169104
65.70600652694702,169104
65.70879101753235,169104
65.71155834197998,169104
65.71433329582214,169104
65.71711039543152,169104
65.71988368034363,169104
65.72265887260437,169104
65.72542238235474,169104
65.72820091247559,169104
65.73098182678223,169104
65.73375058174133,169104
65.73651123046875,169104
65.73928666114807,169104
65.74206924438477,169104
65.74484324455261,169104
65.74761533737183,169104
65.75037622451782,169104
65.75315451622009,169104
65.75593256950378,169104
65.75870418548584,169104
65.76147723197937,169104
65.76425576210022,169104
65.76702761650085,169104
65.76980543136597,169104
65.77257943153381,169104
65.77535033226013,169104
65.77812027931213,169104
65.78091239929199,169104
65.78367066383362,169104
65.78644013404846,169104
65.78922510147095,169104
65.79200506210327,169104
65.7947678565979,169104
65.79753232002258,169104
65.80030703544617,169104
65.80309104919434,169104
65.80585718154907,169104
65.8086199760437,169104
65.81139302253723,169104
65.81416535377502,169104
65.8169379234314,169104
65.8197021484375,169104
65.82247686386108,169104
65.8252501487732,169104
65.8280246257782,169104
65.83079981803894,169104
65.8335587978363,169104
65.83632230758667,169104
65.83909273147583,169104
65.84187293052673,169104
65.84463691711426,169104
65.84740447998047,169104
65.85016417503357,169104
65.85294771194458,169104
65.85570406913757,169104
65.85847735404968,169104
65.86125802993774,169104
65.86403751373291,169104
65.8667984008789,169104
65.86956191062927,169104
65.87234330177307,169104
65.87511372566223,169104
65.87788462638855,169104
65.88064408302307,169104
65.88341999053955,169104
65.88618993759155,169104
65.88895344734192,169104
65.89173483848572,169104
65.89450430870056,169104
65.89728140830994,169104
65.90005803108215,169104
65.90284037590027,169104
65.9056077003479,169104
65.90837597846985,169104
65.91115355491638,169104
65.9139289855957,169104
65.91669607162476,169104
65.91946721076965,169104
65.92224526405334,169104
65.92502117156982,169104
65.92778468132019,169104
65.93054389953613,169104
65.9333176612854,169104
65.93608689308167,169104
65.93886303901672,169104
65.9416401386261,169104
65.94440340995789,169104
65.94717192649841,169104
65.94994831085205,169104
65.95272636413574,169104
65.95549416542053,169104
65.9582667350769,169104
65.96105003356934,169104
65.9638261795044,169104
65.96659088134766,169104
65.96935987472534,169104
65.97214007377625,169104
65.97491669654846,169104
65.97768259048462,169104
65.98044633865356,169104
65.98323464393616,169104
65.98601174354553,169104
65.98877382278442,169104
65.99154925346375,169104
65.99431777000427,169104
65.99708938598633,169104
65.99985885620117,169104
66.00263571739197,169104
66.00539970397949,169104
66.00817561149597,169104
66.01095938682556,169104
66.01372027397156,169104
66.0164840221405,169104
66.01925754547119,169104
66.02204298973083,169104
66.02482080459595,169104
66.02758026123047,169104
66.03035044670105,169104
66.03313827514648,169104
66.03590655326843,169104
66.03866267204285,169104
66.04143500328064,169104
66.04420351982117,169104
66.04696798324585,169104
66.04975128173828,169104
66.05252838134766,169104
66.05529594421387,169104
66.05806970596313,169104
66.06085300445557,169104
66.06361722946167,169104
66.06638264656067,169104
66.06915521621704,169104
66.07193922996521,169104
66.07470035552979,169104
66.0774610042572,169104
66.08023834228516,169104
66.08301973342896,169104
66.08579087257385,169104
66.08854746818542,169104
66.09132862091064,169104
66.09409713745117,169104
66.09686279296875,169104
66.09962487220764,169104
66.10239624977112,169104
66.10516452789307,169104
66.10793018341064,169104
66.11069011688232,169104
66.11347079277039,169104
66.11624050140381,169104
66.11901593208313,169104
66.12179756164551,169104
66.12455320358276,169104
66.12730884552002,169104
66.13007879257202,169104
66.1328718662262,169104
66.13563799858093,169104
66.13839721679688,169104
66.14350414276123,169104
66.1485800743103,169104
66.15392231941223,169104
66.15887975692749,169104
66.16425037384033,169104
66.1694655418396,169104
66.17464590072632,169104
66.17940855026245,169104
66.18419599533081,169104
66.1869764328003,169104
66.18976140022278,169104
66.19254350662231,169104
66.19532108306885,169104
66.19809746742249,169104
66.20087885856628,169104
66.20364713668823,169104
66.20640921592712,169104
66.2091805934906,169104
66.21197056770325,169104
66.21474981307983,169104
66.21750998497009,169104
66.22028183937073,169104
66.22306799888611,169104
66.2258472442627,169104
66.22861814498901,169104
66.23139476776123,169104
66.23416709899902,169104
66.23694133758545,169104
66.2397050857544,169104
66.24248194694519,169104
66.24525260925293,169104
66.24801731109619,169104
66.25080275535583,169104
66.25356149673462,169104
66.25632643699646,169104
66.2591016292572,169104
66.26189112663269,169104
66.26465153694153,169104
66.26741814613342,169104
66.27018737792969,169104
66.27297616004944,169104
66.2757477760315,169104
66.27851343154907,169104
66.28128981590271,169104
66.28406310081482,169104
66.28683590888977,169104
66.2896032333374,169104
66.29237675666809,169104
66.29514980316162,169104
66.29792404174805,169104
66.30069231987,169104
66.30346012115479,169104
66.30622601509094,169104
66.3089988231659,169104
66.31178975105286,169104
66.3153247833252,169104
66.32021307945251,169104
66.32541871070862,169104
66.33039546012878,169104
66.3357183933258,169104
66.34077024459839,169104
66.34604501724243,169104
66.35118055343628,169104
66.3564715385437,169104
66.361576795578,169104
66.36686897277832,169104
66.37197399139404,169104
66.37722730636597,169104
66.3822853565216,169104
66.3875584602356,169104
66.39245200157166,169104
66.39769268035889,169104
66.40246105194092,169104
66.40758347511292,169104
66.41239023208618,169104
66.41747164726257,169104
66.4224226474762,169104
66.4274172782898,169104
66.43246269226074,169104
66.4373550415039,169104
66.44254755973816,169104
66.44749164581299,169104
66.4527747631073,169104
66.45777893066406,169104
66.46309852600098,169104
66.46818852424622,169104
66.47348260879517,169104
66.4785852432251,169104
66.48388981819153,169104
66.48898983001709,169104
66.49426341056824,169104
66.49931764602661,169104
66.50462818145752,169104
66.5095465183258,169104
66.51487183570862,169104
66.5196795463562,169104
66.52483129501343,169104
66.52960705757141,169104
66.53475618362427,169104
66.53965210914612,169104
66.54468202590942,169104
66.54966735839844,169104
66.55460143089294,169104
66.55975151062012,169104
66.56465530395508,169104
66.56987833976746,169104
66.57488107681274,169104
66.58018803596497,169104
66.58525323867798,169104
66.59048914909363,169104
66.59561419487,169104
66.60091280937195,169104
66.60600805282593,169104
66.61132955551147,169104
66.61641049385071,169104
66.6217131614685,169104
66.62667274475098,169104
66.63202214241028,169104
66.63687229156494,169104
66.64207816123962,169104
66.64683294296265,169104
66.65190076828003,169104
66.65676307678223,169104
66.66183876991272,169104
66.66678810119629,169104
66.67176961898804,169104
66.67684602737427,169104
66.68173813819885,169104
66.68693733215332,169104
66.6919002532959,169104
66.69718980789185,169104
66.70226287841797,169104
66.70750451087952,169104
66.71265077590942,169104
66.71792268753052,169104
66.7230212688446,169104
66.72833347320557,169104
66.73342657089233,169104
66.73873400688171,169104
66.74375128746033,169104
66.74907326698303,169104
66.75395226478577,169104
66.7591655254364,169104
66.7639229297638,169104
66.76904249191284,169104
66.77387166023254,169104
66.77895736694336,169104
66.78393530845642,169104
66.78894472122192,169104
66.79400157928467,169104
66.79889011383057,169104
66.80407381057739,169104
66.8090181350708,169104
66.81429123878479,169104
66.81929993629456,169104
66.82459616661072,169104
66.82970476150513,169104
66.83502388000488,169104
66.84012508392334,169104
66.84537649154663,169104
66.85046696662903,169104
66.85576605796814,169104
66.86079001426697,169104
66.86610007286072,169104
66.87098002433777,169104
66.87619590759277,169104
66.88095474243164,169104
66.88607335090637,169104
66.89090251922607,169104
66.89603018760681,169104
66.9009907245636,169104
66.90601205825806,169104
66.91103315353394,169104
66.91593718528748,169104
66.92112016677856,169104
66.926029920578,169104
66.93127417564392,169104
66.93626737594604,169104
66.94159030914307,169104
66.94665050506592,169104
66.9519567489624,169104
66.9570620059967,169104
66.96233105659485,169104
66.96742343902588,169104
66.97267007827759,169104
66.97776675224304,169104
66.98307490348816,169104
66.98805809020996,169104
66.9933865070343,169104
66.99823546409607,169104
67.00346565246582,169104
67.00819230079651,169104
67.01329803466797,169104
67.01814484596252,169104
67.02324748039246,169104
67.02818727493286,169104
67.03316950798035,169104
67.03822183609009,169104
67.04313087463379,169104
67.0483283996582,169104
67.0533058643341,169104
67.05858135223389,169104
67.06362199783325,169104
67.0689058303833,169104
67.07405352592468,169104
67.07934403419495,169104
67.08445906639099,169104
67.08977723121643,169104
67.09487533569336,169104
67.1001501083374,169104
67.10517048835754,169104
67.11050248146057,169104
67.1153769493103,169104
67.12062191963196,169104
67.1253764629364,169104
67.13048553466797,169104
67.13531637191772,169104
67.14038825035095,169104
67.14534902572632,169104
67.15032935142517,169104
67.15539455413818,169104
67.16028761863708,169104
67.16545534133911,169104
67.17041516304016,169104
67.17567825317383,169104
67.18071007728577,169104
67.18599224090576,169104
67.19110774993896,169104
67.19641137123108,169104
67.20153021812439,169104
67.20677638053894,169104
67.21187591552734,169104
67.21716666221619,169104
67.22224831581116,169104
67.22754955291748,169104
67.23248434066772,169104
67.23778772354126,169104
67.24256920814514,169104
67.24769592285156,169104
67.25250363349915,169104
67.25762987136841,169104
67.26254534721375,169104
67.26757216453552,169104
67.27255463600159,169104
67.27745962142944,169104
67.28263974189758,169104
67.28755044937134,169104
67.29279208183289,169104
67.29780197143555,169104
67.30312633514404,169104
67.30820560455322,169104
67.31347274780273,169104
67.31857585906982,169104
67.32386040687561,169104
67.32895708084106,169104
67.33425521850586,169104
67.33810472488403,169104
67.34089612960815,169104
67.34366250038147,169104
67.34642887115479,169104
67.349196434021,169104
67.35198092460632,169104
67.35474896430969,169104
67.35750675201416,169104
67.36026740074158,169104
67.36304926872253,169104
67.36582016944885,169104
67.36857891082764,169104
67.37135219573975,169104
67.37411999702454,169104
67.37689089775085,169104
67.37964844703674,169104
67.38242387771606,169104
67.38518404960632,169104
67.38795828819275,169104
67.39072322845459,169104
67.3934977054596,169104
67.39626598358154,169104
67.39903736114502,169104
67.40181517601013,169104
67.40457463264465,169104
67.40734243392944,169104
67.41011571884155,169104
67.4128966331482,169104
67.41565680503845,169104
67.41841864585876,169104
67.42119455337524,169104
67.42396402359009,169104
67.42673659324646,169104
67.42949390411377,169104
67.43228316307068,169104
67.43505549430847,169104
67.43782234191895,169104
67.440593957901,169104
67.44337296485901,169104
67.44614458084106,169104
67.44892024993896,169104
67.45170283317566,169104
67.45447206497192,169104
67.45723605155945,169104
67.46000576019287,169104
67.46279120445251,169104
67.46555876731873,169104
67.46832942962646,169104
67.47110533714294,169104
67.47388172149658,169104
67.47664546966553,169104
67.47941160202026,169104
67.48218584060669,169104
67.48495674133301,169104
67.48771405220032,169104
67.49047827720642,169104
67.4932610988617,169104
67.49603223800659,169104
67.49880337715149,169104
67.50157737731934,169104
67.5043478012085,169104
67.5071153640747,169104
67.50988602638245,169104
67.5126633644104,169104
67.51542854309082,169104
67.51820039749146,169104
67.52097463607788,169104
67.52375149726868,169104
67.52651023864746,169104
67.52928066253662,169104
67.53206014633179,169104
67.53482842445374,169104
67.53758907318115,169104
67.54035353660583,169104
67.54312801361084,169104
67.54590392112732,169104
67.54866433143616,169104
67.55143690109253,169104
67.55420160293579,169104
67.55697202682495,169104
67.55974340438843,169104
67.56251549720764,169104
67.5652813911438,169104
67.56805515289307,169104
67.57083868980408,169104
67.57359647750854,169104
67.57636189460754,169104
67.57912850379944,169104
67.58191275596619,169104
67.58468317985535,169104
67.58744668960571,169104
67.5902087688446,169104
67.59299159049988,169104
67.59575772285461,169104
67.5985164642334,169104
67.60129117965698,169104
67.6040563583374,169104
67.60683488845825,169104
67.60959482192993,169104
67.61236548423767,169104
67.61513376235962,169104
67.61790299415588,169104
67.6206648349762,169104
67.6234438419342,169104
67.62621307373047,169104
67.62898564338684,169104
67.6318416595459,169104
67.63460421562195,169104
67.63736486434937,169104
67.64012598991394,169104
67.64290595054626,169104
67.6456618309021,169104
67.64842319488525,169104
67.65119957923889,169104
67.65396928787231,169104
67.656733751297,169104
67.65949702262878,169104
67.66226959228516,169104
67.66504120826721,169104
67.6678032875061,169104
67.67055916786194,169104
67.6733283996582,169104
67.67610478401184,169104
67.67893934249878,169104
67.68171453475952,169104
67.68447232246399,169104
67.68723702430725,169104
67.69000506401062,169104
67.69278979301453,169104
67.69555807113647,169104
67.69832515716553,169104
67.70110821723938,169104
67.70388388633728,169104
67.70665216445923,169104
67.70942616462708,169104
67.71220779418945,169104
67.71497654914856,169104
67.71774888038635,169104
67.72050905227661,169104
67.7232882976532,169104
67.72606325149536,169104
67.72883200645447,169104
67.73160910606384,169104
67.73437333106995,169104
67.73714637756348,169104
67.73992085456848,169104
67.74270391464233,169104
67.74546933174133,169104
67.74823117256165,169104
67.75101208686829,169104
67.75377988815308,169104
67.75653839111328,169104
67.75931143760681,169104
67.76210308074951,169104
67.7648696899414,169104
67.76763463020325,169104
67.77040028572083,169104
67.77318358421326,169104
67.77594804763794,169104
67.77871179580688,169104
67.78148770332336,169104
67.78425669670105,169104
67.78702521324158,169104
67.78979802131653,169104
67.79257130622864,169104
67.79533457756042,169104
67.79810357093811,169104
67.80088353157043,169104
67.80364656448364,169104
67.80640530586243,169104
67.80917286872864,169104
67.81196093559265,169104
67.8147222995758,169104
67.8174798488617,169104
67.82024836540222,169104
67.82302927970886,169104
67.82580494880676,169104
67.8285608291626,169104
67.83134531974792,169104
67.83411884307861,169104
67.83689093589783,169104
67.83965301513672,169104
67.84243988990784,169104
67.84521055221558,169104
67.84798431396484,169104
67.85076189041138,169104
67.8535225391388,169104
67.85629320144653,169104
67.85906791687012,169104
67.86185216903687,169104
67.86461544036865,169104
67.86737704277039,169104
67.8701434135437,169104
67.87292718887329,169104
67.87568259239197,169104
67.87844777107239,169104
67.88122487068176,169104
67.88399982452393,169104
67.88676857948303,169104
67.88951992988586,169104
67.89230346679688,169104
67.8950707912445,169104
67.89783477783203,169104
67.90060353279114,169104
67.90337777137756,169104
67.90613913536072,169104
67.90892219543457,169104
67.91170501708984,169104
67.91447639465332,169104
67.91724991798401,169104
67.92002511024475,169104
67.92280793190002,169104
67.92557573318481,169104
67.92834949493408,169104
67.93112754821777,169104
67.9338972568512,169104
67.93665146827698,169104
67.93942046165466,169104
67.9422013759613,169104
67.94497489929199,169104
67.94773888587952,169104
67.9505066871643,169104
67.95327973365784,169104
67.95604920387268,169104
67.95882177352905,169104
67.96159219741821,169104
67.96436357498169,169104
67.96714186668396,169104
67.96991467475891,169104
67.97268438339233,169104
67.97545170783997,169104
67.97822451591492,169104
67.98100709915161,169104
67.98377752304077,169104
67.98653435707092,169104
67.98930287361145,169104
67.9920904636383,169104
67.99486494064331,169104
67.99762415885925,169104
68.00038552284241,169104
68.00316548347473,169104
68.00592875480652,169104
68.00869297981262,169104
68.01146936416626,169104
68.01423573493958,169104
68.01700735092163,169104
68.01977515220642,169104
68.02254581451416,169104
68.025310754776,169104
68.02807712554932,169104
68.03085732460022,169104
68.033620595932,169104
68.03638553619385,169104
68.03914523124695,169104
68.04193758964539,169104
68.04469752311707,169104
68.04746675491333,169104
68.05024266242981,169104
68.05302000045776,169104
68.05579018592834,169104
68.05855679512024,169104
68.06133246421814,169104
68.06410121917725,169104
68.06687426567078,169104
68.06963086128235,169104
68.07239937782288,169104
68.07517337799072,169104
68.07794666290283,169104
68.08070945739746,169104
68.08348035812378,169104
68.08624792098999,169104
68.08901023864746,169104
68.09180450439453,169104
68.0945725440979,169104
68.0973379611969,169104
68.1001045703888,169104
68.10288214683533,169104
68.10564661026001,169104
68.1084144115448,169104
68.11119318008423,169104
68.11396956443787,169104
68.11674332618713,169104
68.11950302124023,169104
68.12227821350098,169104
68.12505102157593,169104
68.12782764434814,169104
68.13058304786682,169104
68.13336491584778,169104
68.1361358165741,169104
68.13890862464905,169104
68.1416757106781,169104
68.14444065093994,169104
68.14721131324768,169104
68.14997720718384,169104
68.15276050567627,169104
68.15551662445068,169104
68.15828466415405,169104
68.16106224060059,169104
68.16384172439575,169104
68.16659593582153,169104
68.16936922073364,169104
68.17214775085449,169104
68.17491459846497,169104
68.17768430709839,169104
68.18044662475586,169104
68.18321871757507,169104
68.18599247932434,169104
68.1887674331665,169104
68.19153881072998,169104
68.19430160522461,169104
68.19706988334656,169104
68.19984006881714,169104
68.20261335372925,169104
68.20537972450256,169104
68.2081515789032,169104
68.21092748641968,169104
68.213698387146,169104
68.21645879745483,169104
68.21922373771667,169104
68.22200417518616,169104
68.22478246688843,169104
68.22754240036011,169104
68.23030710220337,169104
68.23308777809143,169104
68.23585915565491,169104
68.23860931396484,169104
68.241384267807,169104
68.24415993690491,169104
68.24692606925964,169104
68.24968838691711,169104
68.25245714187622,169104
68.25522327423096,169104
68.25799012184143,169104
68.26077389717102,169104
68.26353311538696,169104
68.26629328727722,169104
68.26906633377075,169104
68.27185034751892,169104
68.27462100982666,169104
68.27739381790161,169104
68.28016495704651,169104
68.28294539451599,169104
68.2857096195221,169104
68.28847146034241,169104
68.29125785827637,169104
68.2940285205841,169104
68.2968020439148,169104
68.29956340789795,169104
68.3023407459259,169104
68.30511140823364,169104
68.30788469314575,169104
68.31064462661743,169104
68.31341600418091,169104
68.31618857383728,169104
68.31895780563354,169104
68.32173156738281,169104
68.3245005607605,169104
68.32726812362671,169104
68.3300371170044,169104
68.33280515670776,169104
68.33556270599365,169104
68.33834099769592,169104
68.3411271572113,169104
68.34390950202942,169104
68.34667420387268,169104
68.34944272041321,169104
68.35222625732422,169104
68.35499787330627,169104
68.35776805877686,169104
68.36052298545837,169104
68.36329317092896,169104
68.36606812477112,169104
68.36883783340454,169104
68.37161588668823,169104
68.37439608573914,169104
68.37716913223267,169104
68.3799421787262,169104
68.38271260261536,169104
68.38547348976135,169104
68.38823962211609,169104
68.39102387428284,169104
68.39380049705505,169104
68.39656352996826,169104
68.39932751655579,169104
68.40210437774658,169104
68.40488266944885,169104
68.40765523910522,169104
68.41041469573975,169104
68.41318869590759,169104
68.41595220565796,169104
68.41870856285095,169104
68.42148208618164,169104
68.42425227165222,169104
68.42701745033264,169104
68.42978644371033,169104
68.43256306648254,169104
68.43532347679138,169104
68.43809151649475,169104
68.44087171554565,169104
68.44364070892334,169104
68.44640374183655,169104
68.44917392730713,169104
68.45194625854492,169104
68.4547073841095,169104
68.45746755599976,169104
68.46022820472717,169104
68.46300673484802,169104
68.46577715873718,169104
68.4685308933258,169104
68.47130370140076,169104
68.47407865524292,169104
68.47685122489929,169104
68.47960877418518,169104
68.48238039016724,169104
68.48514771461487,169104
68.48790979385376,169104
68.49067616462708,169104
68.49344658851624,169104
68.49621057510376,169104
68.49897503852844,169104
68.50174570083618,169104
68.50449800491333,169104
68.50726580619812,169104
68.51003503799438,169104
68.51281785964966,169104
68.51557660102844,169104
68.51834344863892,169104
68.52111959457397,169104
68.52389192581177,169104
68.52665686607361,169104
68.52941727638245,169104
68.53219866752625,169104
68.5349702835083,169104
68.53774309158325,169104
68.54050159454346,169104
68.54328155517578,169104
68.54604458808899,169104
68.54881811141968,169104
68.55159187316895,169104
68.55435514450073,169104
68.55712127685547,169104
68.55989575386047,169104
68.56267094612122,169104
68.56543731689453,169104
68.56821250915527,169104
68.5709958076477,169104
68.57378125190735,169104
68.57653951644897,169104
68.57930135726929,169104
68.58208441734314,169104
68.58485698699951,169104
68.58761096000671,169104
68.59037828445435,169104
68.59315896034241,169104
68.59592533111572,169104
68.59868693351746,169104
68.60145688056946,169104
68.60422801971436,169104
68.6069884300232,169104
68.60975861549377,169104
68.6125340461731,169104
68.61529850959778,169104
68.61807012557983,169104
68.62085151672363,169104
68.6236219406128,169104
68.62638211250305,169104
68.62914538383484,169104
68.63193202018738,169104
68.63469982147217,169104
68.63746309280396,169104
68.6402235031128,169104
68.64300394058228,169104
68.64577341079712,169104
68.64853310585022,169104
68.65131139755249,169104
68.65408182144165,169104
68.65684914588928,169104
68.6596052646637,169104
68.66237425804138,169104
68.66514420509338,169104
68.66790437698364,169104
68.67066168785095,169104
68.67343544960022,169104
68.67619800567627,169104
68.67895674705505,169104
68.68172526359558,169104
68.68447422981262,169104
68.68724822998047,169104
68.69001460075378,169104
68.692791223526,169104
68.69554328918457,169104
68.69831132888794,169104
68.70108699798584,169104
68.70385670661926,169104
68.70661425590515,169104
68.70937490463257,169104
68.71215629577637,169104
68.71492218971252,169104
68.7176764011383,169104
68.72044110298157,169104
68.72321677207947,169104
68.72598552703857,169104
68.72875213623047,169104
68.73152589797974,169104
68.73429155349731,169104
68.73706126213074,169104
68.73983216285706,169104
68.74260878562927,169104
68.74537014961243,169104
68.74814319610596,169104
68.7509217262268,169104
68.75369381904602,169104
68.75646233558655,169104
68.75923871994019,169104
68.7620177268982,169104
68.76478600502014,169104
68.76754784584045,169104
68.77031588554382,169104
68.77309608459473,169104
68.77586364746094,169104
68.77861905097961,169104
68.78138947486877,169104
68.78415822982788,169104
68.78693199157715,169104
68.7896945476532,169104
68.79246926307678,169104
68.79523634910583,169104
68.79799818992615,169104
68.80077886581421,169104
68.80353999137878,169104
68.80631017684937,169104
68.80907845497131,169104
68.81185102462769,169104
68.81461095809937,169104
68.81737542152405,169104
68.82013869285583,169104
68.82291650772095,169104
68.82567358016968,169104
68.82843279838562,169104
68.83120775222778,169104
68.83397793769836,169104
68.83674168586731,169104
68.83950757980347,169104
68.84228444099426,169104
68.84505605697632,169104
68.84783172607422,169104
68.85058617591858,169104
68.85335922241211,169104
68.856125831604,169104
68.85889101028442,169104
68.8616681098938,169104
68.86443734169006,169104
68.86720967292786,169104
68.86998152732849,169104
68.8727548122406,169104
68.87552309036255,169104
68.87828922271729,169104
68.88107442855835,169104
68.88384199142456,169104
68.88659429550171,169104
68.88935208320618,169104
68.89213633537292,169104
68.89490532875061,169104
68.89766573905945,169104
68.90043020248413,169104
68.90320801734924,169104
68.90598392486572,169104
68.908762216568,169104
68.91153001785278,169104
68.91430139541626,169104
68.9170708656311,169104
68.91983723640442,169104
68.9226131439209,169104
68.92537927627563,169104
68.92814636230469,169104
68.93092203140259,169104
68.93368148803711,169104
68.93644595146179,169104
68.9392204284668,169104
68.94200801849365,169104
68.94478344917297,169104
68.94754195213318,169104
68.95030808448792,169104
68.9530942440033,169104
68.95586156845093,169104
68.95862436294556,169104
68.96140193939209,169104
68.96417284011841,169104
68.96693682670593,169104
68.96969628334045,169104
68.97246646881104,169104
68.9752345085144,169104
68.9780023097992,169104
68.98078203201294,169104
68.9835422039032,169104
68.98630833625793,169104
68.98908352851868,169104
68.99186944961548,169104
68.99462795257568,169104
68.99739599227905,169104
69.00015592575073,169104
69.0029354095459,169104
69.00570559501648,169104
69.00846481323242,169104
69.01124215126038,169104
69.0140106678009,169104
69.01676988601685,169104
69.0195300579071,169104
69.02231192588806,169104
69.02507996559143,169104
69.0278491973877,169104
69.03061103820801,169104
69.03338265419006,169104
69.0361487865448,169104
69.03891658782959,169104
69.04168605804443,169104
69.0444552898407,169104
69.04722857475281,169104
69.04999732971191,169104
69.05277705192566,169104
69.05553555488586,169104
69.0582959651947,169104
69.06107425689697,169104
69.06384801864624,169104
69.06661343574524,169104
69.06937766075134,169104
69.07215428352356,169104
69.07492160797119,169104
69.07768225669861,169104
69.08044385910034,169104
69.0832211971283,169104
69.08599066734314,169104
69.08876276016235,169104
69.0915322303772,169104
69.09429740905762,169104
69.0970664024353,169104
69.09983253479004,169104
69.10261392593384,169104
69.10538506507874,169104
69.10815596580505,169104
69.11093521118164,169104
69.11369729042053,169104
69.11645984649658,169104
69.11923027038574,169104
69.1220133304596,169104
69.12478685379028,169104
69.12754964828491,169104
69.13032388687134,169104
69.13310766220093,169104
69.13586664199829,169104
69.13862633705139,169104
69.14140295982361,169104
69.14416456222534,169104
69.14694046974182,169104
69.14970016479492,169104
69.15247750282288,169104
69.15524935722351,169104
69.15802884101868,169104
69.1608099937439,169104
69.16357469558716,169104
69.16633868217468,169104
69.16911196708679,169104
69.17188787460327,169104
69.17465925216675,169104
69.1774206161499,169104
69.18019247055054,169104
69.18297457695007,169104
69.18574714660645,169104
69.18851041793823,169104
69.19128227233887,169104
69.19405555725098,169104
69.19682908058167,169104
69.19959211349487,169104
69.20236706733704,169104
69.20513987541199,169104
69.20791339874268,169104
69.21067190170288,169104
69.21345257759094,169104
69.21622228622437,169104
69.21898698806763,169104
69.22176575660706,169104
69.22452664375305,169104
69.2272937297821,169104
69.23006296157837,169104
69.2328474521637,169104
69.23560953140259,169104
69.23837089538574,169104
69.24114441871643,169104
69.24391746520996,169104
69.24668097496033,169104
69.24944996833801,169104
69.25222635269165,169104
69.2549991607666,169104
69.25777292251587,169104
69.26053190231323,169104
69.26330804824829,169104
69.26607346534729,169104
69.26883435249329,169104
69.27161192893982,169104
69.27437853813171,169104
69.27714395523071,169104
69.27991366386414,169104
69.28268074989319,169104
69.28543949127197,169104
69.28821063041687,169104
69.29099631309509,169104
69.2937707901001,169104
69.29653286933899,169104
69.29930281639099,169104
69.30207133293152,169104
69.30483961105347,169104
69.30760478973389,169104
69.31037378311157,169104
69.31315422058105,169104
69.31592416763306,169104
69.31868410110474,169104
69.32145643234253,169104
69.32422423362732,169104
69.32699584960938,169104
69.32976388931274,169104
69.33253169059753,169104
69.33529424667358,169104
69.33806777000427,169104
69.34087443351746,169104
69.34363198280334,169104
69.3463933467865,169104
69.34916377067566,169104
69.35193943977356,169104
69.35470390319824,169104
69.35747814178467,169104
69.36024332046509,169104
69.36302781105042,169104
69.36579585075378,169104
69.3685507774353,169104
69.37133145332336,169104
69.37410259246826,169104
69.37686848640442,169104
69.37963271141052,169104
69.38240933418274,169104
69.38517999649048,169104
69.38795351982117,169104
69.39072036743164,169104
69.3934895992279,169104
69.3962574005127,169104
69.39902853965759,169104
69.4018030166626,169104
69.40456986427307,169104
69.40735244750977,169104
69.41012191772461,169104
69.41290760040283,169104
69.41567492485046,169104
69.41843795776367,169104
69.4212155342102,169104
69.42399430274963,169104
69.42676401138306,169104
69.42952966690063,169104
69.43231320381165,169104
69.43508338928223,169104
69.43785881996155,169104
69.4406259059906,169104
69.4434027671814,169104
69.44618105888367,169104
69.44894766807556,169104
69.45172309875488,169104
69.45449686050415,169104
69.45726108551025,169104
69.46003437042236,169104
69.46281409263611,169104
69.4655749797821,169104
69.46833729743958,169104
69.47112131118774,169104
69.47389912605286,169104
69.47665810585022,169104
69.47942328453064,169104
69.48220562934875,169104
69.48497605323792,169104
69.48774456977844,169104
69.49050641059875,169104
69.4932861328125,169104
69.49606037139893,169104
69.49882888793945,169104
69.50160217285156,169104
69.5043716430664,169104
69.50714564323425,169104
69.50991415977478,169104
69.512690782547,169104
69.5154619216919,169104
69.5182318687439,169104
69.52101278305054,169104
69.52378988265991,169104
69.52654457092285,169104
69.52931880950928,169104
69.53209662437439,169104
69.53486347198486,169104
69.53762578964233,169104
69.54040026664734,169104
69.54318046569824,169104
69.54595422744751,169104
69.54871487617493,169104
69.55148673057556,169104
69.55425500869751,169104
69.55703091621399,169104
69.55980920791626,169104
69.56258630752563,169104
69.56534910202026,169104
69.56811738014221,169104
69.57089829444885,169104
69.57365894317627,169104
69.57642793655396,169104
69.57918763160706,169104
69.58196878433228,169104
69.58473229408264,169104
69.58749580383301,169104
69.59026646614075,169104
69.5930426120758,169104
69.59580445289612,169104
69.5985655784607,169104
69.60133385658264,169104
69.60410904884338,169104
69.60688376426697,169104
69.60963821411133,169104
69.6124119758606,169104
69.6151795387268,169104
69.61794638633728,169104
69.62070989608765,169104
69.62348198890686,169104
69.62624788284302,169104
69.62901854515076,169104
69.63180112838745,169104
69.6345567703247,169104
69.6373200416565,169104
69.64009475708008,169104
69.64287853240967,169104
69.64564371109009,169104
69.6484112739563,169104
69.65118193626404,169104
69.65395259857178,169104
69.65672516822815,169104
69.65948367118835,169104
69.66226100921631,169104
69.66503810882568,169104
69.66781234741211,169104
69.67056941986084,169104
69.67334055900574,169104
69.67610692977905,169104
69.6788694858551,169104
69.68164014816284,169104
69.68440413475037,169104
69.68717551231384,169104
69.68994951248169,169104
69.69272303581238,169104
69.69548296928406,169104
69.69825911521912,169104
69.70103549957275,169104
69.7038037776947,169104
69.70656275749207,169104
69.70932793617249,169104
69.7121102809906,169104
69.71488428115845,169104
69.71764969825745,169104
69.72041463851929,169104
69.72319912910461,169104
69.72597217559814,169104
69.72874188423157,169104
69.73151159286499,169104
69.73428416252136,169104
69.73705577850342,169104
69.73983120918274,169104
69.74260663986206,169104
69.74537444114685,169104
69.7481472492218,169104
69.7509274482727,169104
69.75369477272034,169104
69.75645804405212,169104
69.75922131538391,169104
69.76200366020203,169104
69.7647705078125,169104
69.7675290107727,169104
69.77029609680176,169104
69.77308559417725,169104
69.77585530281067,169104
69.77862024307251,169104
69.78139805793762,169104
69.78417372703552,169104
69.78695487976074,169104
69.789719581604,169104
69.79248476028442,169104
69.7952516078949,169104
69.79802942276001,169104
69.80080199241638,169104
69.80356431007385,169104
69.80633091926575,169104
69.80910682678223,169104
69.8119764328003,169104
69.81473875045776,169104
69.81750273704529,169104
69.82026767730713,169104
69.82303810119629,169104
69.82581043243408,169104
69.82857275009155,169104
69.8313524723053,169104
69.8341224193573,169104
69.83689284324646,169104
69.83965468406677,169104
69.84242916107178,169104
69.84519696235657,169104
69.84797024726868,169104
69.85074067115784,169104
69.85350155830383,169104
69.85626554489136,169104
69.85903573036194,169104
69.86181378364563,169104
69.86458110809326,169104
69.867356300354,169104
69.87012934684753,169104
69.87290644645691,169104
69.87567210197449,169104
69.8784351348877,169104
69.88121461868286,169104
69.8839898109436,169104
69.88675713539124,169104
69.88951683044434,169104
69.8922951221466,169104
69.89506959915161,169104
69.8978443145752,169104
69.90060687065125,169104
69.90338516235352,169104
69.90615677833557,169104
69.9089195728302,169104
69.91169428825378,169104
69.91446042060852,169104
69.91723084449768,169104
69.92000651359558,169104
69.92279148101807,169104
69.92555332183838,169104
69.92832112312317,169104
69.93110632896423,169104
69.93387246131897,169104
69.93664288520813,169104
69.93941521644592,169104
69.94219732284546,169104
69.94496750831604,169104
69.94773697853088,169104
69.95050549507141,169104
69.95327687263489,169104
69.95604634284973,169104
69.95882225036621,169104
69.961599111557,169104
69.96436905860901,169104
69.96713137626648,169104
69.96990394592285,169104
69.97267603874207,169104
69.97544169425964,169104
69.97820138931274,169104
69.98098278045654,169104
69.98375058174133,169104
69.98651385307312,169104
69.98927164077759,169104
69.9920563697815,169104
69.99483370780945,169104
69.99758887290955,169104
70.0003514289856,169104
70.00313091278076,169104
70.00590109825134,169104
70.00866103172302,169104
70.01143598556519,169104
70.0142138004303,169104
70.0169882774353,169104
70.01975750923157,169104
70.02253317832947,169104
70.0253074169159,169104
70.02807235717773,169104
70.03084921836853,169104
70.03361058235168,169104
70.03638172149658,169104
70.0391526222229,169104
70.04193997383118,169104
70.04470491409302,169104
70.0474681854248,169104
70.05023527145386,169104
70.05301904678345,169104
70.05578231811523,169104
70.0585389137268,169104
70.06131672859192,169104
70.06408858299255,169104
70.06685853004456,169104
70.06962823867798,169104
70.07240414619446,169104
70.07517886161804,169104
70.0779492855072,169104
70.08071827888489,169104
70.08348941802979,169104
70.0862545967102,169104
70.08903431892395,169104
70.09181880950928,169104
70.09458017349243,169104
70.09734272956848,169104
70.10011291503906,169104
70.10289263725281,169104
70.10566234588623,169104
70.10842323303223,169104
70.11120676994324,169104
70.1139771938324,169104
70.11675071716309,169104
70.11951184272766,169104
70.1222972869873,169104
70.12507152557373,169104
70.12784242630005,169104
70.13060641288757,169104
70.13337993621826,169104
70.136155128479,169104
70.13892245292664,169104
70.14170551300049,169104
70.14446759223938,169104
70.14723372459412,169104
70.1499993801117,169104
70.15277457237244,169104
70.15553092956543,169104
70.15830183029175,169104
70.16108512878418,169104
70.16386914253235,169104
70.16663765907288,169104
70.16940879821777,169104
70.17219233512878,169104
70.17496109008789,169104
70.17772221565247,169104
70.18048572540283,169104
70.18326759338379,169104
70.18604230880737,169104
70.18881821632385,169104
70.19159173965454,169104
70.19437837600708,169104
70.19715666770935,169104
70.19992995262146,169104
70.20271325111389,169104
70.20547676086426,169104
70.20824456214905,169104
70.21101880073547,169104
70.21463227272034,169104
70.21972060203552,169104
70.22468996047974,169104
70.22961187362671,169104
70.23474621772766,169104
70.23963046073914,169104
70.24487709999084,169104
70.24989295005798,169104
70.25522375106812,169104
70.26029753684998,169104
70.2655737400055,169104
70.27072334289551,169104
70.27603650093079,169104
70.2811541557312,169104
70.2864499092102,169104
70.29156517982483,169104
70.29686307907104,169104
70.30190634727478,169104
70.30725693702698,169104
70.3121497631073,169104
70.3173987865448,169104
70.3221640586853,169104
70.32729196548462,169104
70.3321475982666,169104
70.33724784851074,169104
70.34223628044128,169104
70.34722518920898,169104
70.35227251052856,169104
70.35715746879578,169104
70.36234617233276,169104
70.3673095703125,169104
70.3725996017456,169104
70.37763285636902,169104
70.38291716575623,169104
70.38805985450745,169104
70.39329361915588,169104
70.39840531349182,169104
70.40371227264404,169104
70.40883803367615,169104
70.41416645050049,169104
70.41920137405396,169104
70.42454838752747,169104
70.42944169044495,169104
70.43471121788025,169104
70.43948101997375,169104
70.44460868835449,169104
70.44943809509277,169104
70.45454692840576,169104
70.45951461791992,169104
70.46448469161987,169104
70.46956729888916,169104
70.47446942329407,169104
70.47966456413269,169104
70.48464107513428,169104
70.48994827270508,169104
70.49501204490662,169104
70.50027370452881,169104
70.50541806221008,169104
70.51069664955139,169104
70.51582765579224,169104
70.52116537094116,169104
70.52627491950989,169104
70.53157353401184,169104
70.53656220436096,169104
70.54192328453064,169104
70.54681420326233,169104
70.55205988883972,169104
70.55682921409607,169104
70.5619580745697,169104
70.56683254241943,169104
70.57191872596741,169104
70.57686996459961,169104
70.58182692527771,169104
70.5869402885437,169104
70.59184288978577,169104
70.59706497192383,169104
70.60208010673523,169104
70.60738730430603,169104
70.61246681213379,169104
70.61771607398987,169104
70.62287592887878,169104
70.62807869911194,169104
70.63320350646973,169104
70.63849306106567,169104
70.643625497818,169104
70.64895796775818,169104
70.65397667884827,169104
70.65930938720703,169104
70.66421508789062,169104
70.66945004463196,169104
70.67421841621399,169104
70.6793441772461,169104
70.68418836593628,169104
70.6892728805542,169104
70.69424772262573,169104
70.69919943809509,169104
70.70430302619934,169104
70.70918536186218,169104
70.7143919467926,169104
70.71938395500183,169104
70.7246904373169,169104
70.72974514961243,169104
70.73501515388489,169104
70.74015402793884,169104
70.74542355537415,169104
70.75053191184998,169104
70.7558708190918,169104
70.76100134849548,169104
70.76632380485535,169104
70.77133679389954,169104
70.77667832374573,169104
70.78160810470581,169104
70.78687143325806,169104
70.79164290428162,169104
70.79678225517273,169104
70.80163383483887,169104
70.80674934387207,169104
70.81171894073486,169104
70.81669306755066,169104
70.82177639007568,169104
70.826669216156,169104
70.83186483383179,169104
70.8368411064148,169104
70.84215068817139,169104
70.84720706939697,169104
70.8524718284607,169104
70.85759210586548,169104
70.86286687850952,169104
70.86796927452087,169104
70.87329077720642,169104
70.87841129302979,169104
70.88375663757324,169104
70.88876676559448,169104
70.89409947395325,169104
70.89898443222046,169104
70.90423488616943,169104
70.90899634361267,169104
70.91413021087646,169104
70.91898989677429,169104
70.92409563064575,169104
70.92905950546265,169104
70.93402194976807,169104
70.93911647796631,169104
70.94401574134827,169104
70.94922041893005,169104
70.95422196388245,169104
70.95950269699097,169104
70.96457624435425,169104
70.96987318992615,169104
70.97502493858337,169104
70.98028922080994,169104
70.98541569709778,169104
70.9907546043396,169104
70.99588441848755,169104
71.00121665000916,169104
71.00622725486755,169104
71.01158022880554,169104
71.01648283004761,169104
71.02175259590149,169104
71.02649402618408,169104
71.0316321849823,169104
71.03647637367249,169104
71.04155826568604,169104
71.0465133190155,169104
71.05146622657776,169104
71.0565574169159,169104
71.06145453453064,169104
71.06665849685669,169104
71.07164573669434,169104
71.07695746421814,169104
71.08204126358032,169104
71.08731722831726,169104
71.09246730804443,169104
71.09773182868958,169104
71.10285305976868,169104
71.10817170143127,169104
71.11329650878906,169104
71.11862182617188,169104
71.12364625930786,169104
71.12899875640869,169104
71.13390469551086,169104
71.1391658782959,169104
71.14393401145935,169104
71.14906930923462,169104
71.1539204120636,169104
71.15900778770447,169104
71.16398620605469,169104
71.16896224021912,169104
71.17406439781189,169104
71.17895746231079,169104
71.18416404724121,169104
71.18914079666138,169104
71.19444155693054,169104
71.19948649406433,169104
71.20476603507996,169104
71.20990037918091,169104
71.21514964103699,169104
71.22027540206909,169104
71.22561478614807,169104
71.23072218894958,169104
71.23605227470398,169104
71.24104714393616,169104
71.24638938903809,169104
71.2512698173523,169104
71.2565004825592,169104
71.26127648353577,169104
71.26639103889465,169104
71.27126121520996,169104
71.27634143829346,169104
71.28131008148193,169104
71.28625679016113,169104
71.29135537147522,169104
71.29625940322876,169104
71.3014783859253,169104
71.30647540092468,169104
71.31179690361023,169104
71.31688380241394,169104
71.3221788406372,169104
71.32731986045837,169104
71.33257985115051,169104
71.33769583702087,169104
71.34302878379822,169104
71.34815573692322,169104
71.35348868370056,169104
71.35849785804749,169104
71.36386036872864,169104
71.36877131462097,169104
71.37403869628906,169104
71.37878561019897,169104
71.38387417793274,169104
71.3887128829956,169104
71.39380764961243,169104
71.39875674247742,169104
71.40369749069214,169104
71.40882396697998,169104
71.41371846199036,169104
71.41892981529236,169104
71.42393064498901,169104
71.42923617362976,169104
71.43429899215698,169104
71.4395821094513,169104
71.4447374343872,169104
71.44996762275696,169104
71.45509719848633,169104
71.46043300628662,169104
71.46555256843567,169104
71.47088837623596,169104
71.47588157653809,169104
71.48123788833618,169104
71.4861192703247,169104
71.49132561683655,169104
71.49609470367432,169104
71.5012309551239,169104
71.50609469413757,169104
71.5111756324768,169104
71.51612281799316,169104
71.52109098434448,169104
71.52620220184326,169104
71.5311222076416,169104
71.53632307052612,169104
71.54131245613098,169104
71.54662609100342,169104
71.55171370506287,169104
71.5570080280304,169104
71.56215524673462,169104
71.56739544868469,169104
71.57252764701843,169104
71.57786512374878,169104
71.58299732208252,169104
71.58832359313965,169104
71.59334135055542,169104
71.5986807346344,169104
71.60356020927429,169104
71.6087851524353,169104
71.6135561466217,169104
71.61867880821228,169104
71.62354040145874,169104
71.62860345840454,169104
71.63357472419739,169104
71.63852119445801,169104
71.64364004135132,169104
71.64853262901306,169104
71.65376257896423,169104
71.6587541103363,169104
71.6640727519989,169104
71.6691255569458,169104
71.67437148094177,169104
71.67949509620667,169104
71.68477654457092,169104
71.68990397453308,169104
71.69525027275085,169104
71.70035886764526,169104
71.70569729804993,169104
71.71070957183838,169104
71.7160758972168,169104
71.72099184989929,169104
71.72625255584717,169104
71.73103737831116,169104
71.73616886138916,169104
71.74104285240173,169104
71.74615168571472,169104
71.75114059448242,169104
71.75612497329712,169104
71.76119685173035,169104
71.76609396934509,169104
71.7712914943695,169104
71.77625894546509,169104
71.78154015541077,169104
71.78658652305603,169104
71.79183912277222,169104
71.79698514938354,169104
71.8022301197052,169104
71.80736255645752,169104
71.81269717216492,169104
71.81782674789429,169104
71.82315325737,169104
71.82819437980652,169104
71.83353614807129,169104
71.83843445777893,169104
71.8437008857727,169104
71.84846663475037,169104
71.85363602638245,169104
71.85846877098083,169104
71.86357975006104,169104
71.86855506896973,169104
71.87355637550354,169104
71.87860059738159,169104
71.88349533081055,169104
71.88867664337158,169104
71.89363288879395,169104
71.89890885353088,169104
71.90395760536194,169104
71.90925812721252,169104
71.91439127922058,169104
71.91960525512695,169104
71.92472577095032,169104
71.93005537986755,169104
71.93518471717834,169104
71.94050550460815,169104
71.94554591178894,169104
71.95087051391602,169104
71.95576548576355,169104
71.96104431152344,169104
71.96580934524536,169104
71.9709792137146,169104
71.97583365440369,169104
71.98095679283142,169104
71.98592805862427,169104
71.99092054367065,169104
71.99597716331482,169104
72.00090193748474,169104
72.00609230995178,169104
72.01106476783752,169104
72.01634335517883,169104
72.02140665054321,169104
72.02668571472168,169104
72.0318329334259,169104
72.03710985183716,169104
72.04223704338074,169104
72.04755330085754,169104
72.05268907546997,169104
72.05802392959595,169104
72.06305384635925,169104
72.06837821006775,169104
72.07328772544861,169104
72.07852125167847,169104
72.08327603340149,169104
72.08839106559753,169104
72.09324550628662,169104
72.09833693504333,169104
72.10329985618591,169104
72.10828638076782,169104
72.11336970329285,169104
72.11825323104858,169104
72.12343883514404,169104
72.12842893600464,169104
72.13370943069458,169104
72.13876700401306,169104
72.14408373832703,169104
72.14923787117004,169104
72.15449380874634,169104
72.15961074829102,169104
72.16494798660278,169104
72.17006540298462,169104
72.17539167404175,169104
72.1804416179657,169104
72.18577885627747,169104
72.19066762924194,169104
72.19594049453735,169104
72.20071697235107,169104
72.2058527469635,169104
72.21068382263184,169104
72.21580100059509,169104
72.220782995224,169104
72.22577452659607,169104
72.23083472251892,169104
72.23571920394897,169104
72.24090528488159,169104
72.24585676193237,169104
72.25114631652832,169104
72.25618815422058,169104
72.26146125793457,169104
72.26661133766174,169104
72.27181935310364,169104
72.27694869041443,169104
72.28229713439941,169104
72.28739738464355,169104
72.29271841049194,169104
72.29774260520935,169104
72.30310273170471,169104
72.30800795555115,169104
72.31327199935913,169104
72.31803607940674,169104
72.32318496704102,169104
72.32803773880005,169104
72.33314085006714,169104
72.33811283111572,169104
72.34311008453369,169104
72.34816026687622,169104
72.35304856300354,169104
72.35823225975037,169104
72.363205909729,169104
72.36846685409546,169104
72.37351512908936,169104
72.37881541252136,169104
72.38396692276001,169104
72.38922786712646,169104
72.39435601234436,169104
72.39965343475342,169104
72.40478658676147,169104
72.41010642051697,169104
72.41514253616333,169104
72.4204831123352,169104
72.42538380622864,169104
72.4306230545044,169104
72.43539071083069,169104
72.44050979614258,169104
72.44535541534424,169104
72.45045471191406,169104
72.45542907714844,169104
72.46039199829102,169104
72.46544194221497,169104
72.47033762931824,169104
72.47554397583008,169104
72.4805223941803,169104
72.48581457138062,169104
72.4908835887909,169104
72.49619340896606,169104
72.50132608413696,169104
72.50657749176025,169104
72.51169872283936,169104
72.51702237129211,169104
72.5221540927887,169104
72.52747774124146,169104
72.53249168395996,169104
72.53783679008484,169104
72.54274201393127,169104
72.54798817634583,169104
72.55273962020874,169104
72.55781507492065,169104
72.56265664100647,169104
72.56772518157959,169104
72.57269477844238,169104
72.57763147354126,169104
72.58274793624878,169104
72.5876476764679,169104
72.59283947944641,169104
72.59783434867859,169104
72.60314869880676,169104
72.60822343826294,169104
72.6134946346283,169104
72.61863565444946,169104
72.62391567230225,169104
72.62905073165894,169104
72.63437366485596,169104
72.63947749137878,169104
72.64479470252991,169104
72.64982080459595,169104
72.65516519546509,169104
72.66007232666016,169104
72.66533350944519,169104
72.67010235786438,169104
72.67526030540466,169104
72.68010354042053,169104
72.685231924057,169104
72.6901924610138,169104
72.69517421722412,169104
72.70024299621582,169104
72.70514726638794,169104
72.7103283405304,169104
72.7153172492981,169104
72.72058820724487,169104
72.72564506530762,169104
72.73095107078552,169104
72.73609352111816,169104
72.74138641357422,169104
72.74651288986206,169104
72.75185656547546,169104
72.75697469711304,169104
72.7622926235199,169104
72.76733183860779,169104
72.77267122268677,169104
72.77757024765015,169104
72.78285527229309,169104
72.78762602806091,169104
72.79277992248535,169104
72.79761695861816,169104
72.80271935462952,169104
72.80768823623657,169104
72.81267309188843,169104
72.81771802902222,169104
72.82260513305664,169104
72.82780408859253,169104
72.83276867866516,169104
72.83805727958679,169104
72.84310555458069,169104
72.84836435317993,169104
72.85350894927979,169104
72.8587396144867,169104
72.86386489868164,169104
72.86916828155518,169104
72.87429690361023,169104
72.87961745262146,169104
72.88464403152466,169104
72.88999629020691,169104
72.89490151405334,169104
72.90013551712036,169104
72.90490460395813,169104
72.9100410938263,169104
72.91490602493286,169104
72.92001485824585,169104
72.92500519752502,169104
72.92998003959656,169104
72.93506217002869,169104
72.93996119499207,169104
72.94510912895203,169104
72.95007061958313,169104
72.95533895492554,169104
72.96037983894348,169104
72.96570038795471,169104
72.97083044052124,169104
72.97610712051392,169104
72.98125576972961,169104
72.98652601242065,169104
72.99164414405823,169104
72.99697089195251,169104
73.00203275680542,169104
73.00735306739807,169104
73.01228427886963,169104
73.01756453514099,169104
73.02236819267273,169104
73.02752351760864,169104
73.03235936164856,169104
73.0375006198883,169104
73.0424575805664,169104
73.04745888710022,169104
73.0525074005127,169104
73.05737495422363,169104
73.0625548362732,169104
73.06750464439392,169104
73.07278776168823,169104
73.07781934738159,169104
73.08312797546387,169104
73.08825254440308,169104
73.09353756904602,169104
73.09865856170654,169104
73.10393500328064,169104
73.10904836654663,169104
73.11434078216553,169104
73.11938953399658,169104
73.12473654747009,169104
73.1296238899231,169104
73.13490271568298,169104
73.1396541595459,169104
73.14481735229492,169104
73.14965152740479,169104
73.15477180480957,169104
73.15973854064941,169104
73.1647138595581,169104
73.16977262496948,169104
73.17468166351318,169104
73.1798677444458,169104
73.1848349571228,169104
73.19011521339417,169104
73.19516229629517,169104
73.20040440559387,169104
73.20564341545105,169104
73.21091556549072,169104
73.21605253219604,169104
73.22134733200073,169104
73.22645139694214,169104
73.23178219795227,169104
73.23685050010681,169104
73.24216842651367,169104
73.24709248542786,169104
73.25239896774292,169104
73.25719380378723,169104
73.26235771179199,169104
73.26719236373901,169104
73.27230381965637,169104
73.27725887298584,169104
73.28227305412292,169104
73.28729629516602,169104
73.29218602180481,169104
73.29735970497131,169104
73.30232238769531,169104
73.3075909614563,169104
73.31263613700867,169104
73.31795573234558,169104
73.32307744026184,169104
73.32835650444031,169104
73.33348393440247,169104
73.33874487876892,169104
73.34387636184692,169104
73.34919452667236,169104
73.35427188873291,169104
73.35960364341736,169104
73.36456346511841,169104
73.3698787689209,169104
73.37471580505371,169104
73.37987923622131,169104
73.38468718528748,169104
73.38980722427368,169104
73.39474105834961,169104
73.39977407455444,169104
73.40474843978882,169104
73.4096519947052,169104
73.41484451293945,169104
73.41978335380554,169104
73.42503118515015,169104
73.43003392219543,169104
73.43537926673889,169104
73.4404661655426,169104
73.44576811790466,169104
73.45091509819031,169104
73.45619177818298,169104
73.46131587028503,169104
73.4665994644165,169104
73.47171974182129,169104
73.47702026367188,169104
73.48200273513794,169104
73.48730301856995,169104
73.49216413497925,169104
73.4973452091217,169104
73.50215649604797,169104
73.50727796554565,169104
73.51219344139099,169104
73.51725721359253,169104
73.52223658561707,169104
73.52715873718262,169104
73.53232502937317,169104
73.53722763061523,169104
73.5424370765686,169104
73.54744791984558,169104
73.5528154373169,169104
73.55792760848999,169104
73.5632553100586,169104
73.56840062141418,169104
73.5736083984375,169104
73.57871627807617,169104
73.58403158187866,169104
73.58916068077087,169104
73.59448480606079,169104
73.5994942188263,169104
73.60485124588013,169104
73.60975289344788,169104
73.61503028869629,169104
73.61977767944336,169104
73.6249258518219,169104
73.62976479530334,169104
73.63485550880432,169104
73.63980865478516,169104
73.64480066299438,169104
73.6498601436615,169104
73.654780626297,169104
73.65996789932251,169104
73.66495680809021,169104
73.670250415802,169104
73.67531323432922,169104
73.68059206008911,169104
73.68574547767639,169104
73.69101572036743,169104
73.69615054130554,169104
73.70149326324463,169104
73.70660543441772,169104
73.71191191673279,169104
73.71693921089172,169104
73.7222855091095,169104
73.72718477249146,169104
73.73244047164917,169104
73.73720812797546,169104
73.74235916137695,169104
73.74720621109009,169104
73.7523365020752,169104
73.75730419158936,169104
73.76230669021606,169104
73.76735591888428,169104
73.7722373008728,169104
73.77740478515625,169104
73.78234887123108,169104
73.78762745857239,169104
73.7926754951477,169104
73.79796266555786,169104
73.80311274528503,169104
73.80835747718811,169104
73.81347608566284,169104
73.81879210472107,169104
73.82391476631165,169104
73.8292064666748,169104
73.83423352241516,169104
73.83958339691162,169104
73.8444893360138,169104
73.84973883628845,169104
73.85449767112732,169104
73.85961937904358,169104
73.86447501182556,169104
73.86956143379211,169104
73.87452244758606,169104
73.879469871521,169104
73.88459086418152,169104
73.88949131965637,169104
73.89471054077148,169104
73.8996970653534,169104
73.90500378608704,169104
73.91007089614868,169104
73.91535353660583,169104
73.92049598693848,169104
73.92577910423279,169104
73.93090534210205,169104
73.93621873855591,169104
73.94132924079895,169104
73.94663310050964,169104
73.95164060592651,169104
73.95698595046997,169104
73.96189284324646,169104
73.9671311378479,169104
73.97190308570862,169104
73.9770257472992,169104
73.98189091682434,169104
73.98698043823242,169104
73.99195313453674,169104
73.996906042099,169104
74.00201773643494,169104
74.00690603256226,169104
74.01212859153748,169104
74.01712012290955,169104
74.02242136001587,169104
74.0274863243103,169104
74.03278350830078,169104
74.037921667099,169104
74.04321765899658,169104
74.04834866523743,169104
74.05367827415466,169104
74.05879020690918,169104
74.06409430503845,169104
74.06911206245422,169104
74.07445049285889,169104
74.07934284210205,169104
74.08460736274719,169104
74.08936142921448,169104
74.09446692466736,169104
74.0993025302887,169104
74.1043860912323,169104
74.10934782028198,169104
74.11431741714478,169104
74.11941814422607,169104
74.12430214881897,169104
74.1294949054718,169104
74.13450002670288,169104
74.13981246948242,169104
74.14488816261292,169104
74.15014147758484,169104
74.1552939414978,169104
74.1605544090271,169104
74.16567802429199,169104
74.17099285125732,169104
74.17609357833862,169104
74.18140888214111,169104
74.18637895584106,169104
74.19169616699219,169104
74.19652509689331,169104
74.20173358917236,169104
74.20654463768005,169104
74.21167159080505,169104
74.21491384506226,169104
74.21769428253174,169104
74.22045612335205,169104
74.22325205802917,169104
74.22604560852051,169104
74.22881007194519,169104
74.23158240318298,169104
74.23434472084045,169104
74.23712229728699,169104
74.23989057540894,169104
74.24266481399536,169104
74.24542832374573,169104
74.24820280075073,169104
74.25098013877869,169104
74.25375580787659,169104
74.256516456604,169104
74.25928711891174,169104
74.26206851005554,169104
74.2648413181305,169104
74.26760387420654,169104
74.2703709602356,169104
74.27314472198486,169104
74.27592062950134,169104
74.27868103981018,169104
74.28145098686218,169104
74.2842185497284,169104
74.28699088096619,169104
74.28975892066956,169104
74.29253458976746,169104
74.29529786109924,169104
74.29806089401245,169104
74.30083870887756,169104
74.30361032485962,169104
74.30637645721436,169104
74.30914688110352,169104
74.31192517280579,169104
74.31469368934631,169104
74.31745457649231,169104
74.32022333145142,169104
74.32301378250122,169104
74.32578897476196,169104
74.32855176925659,169104
74.33133268356323,169104
74.33411049842834,169104
74.3368878364563,169104
74.33964276313782,169104
74.3424162864685,169104
74.34519338607788,169104
74.34796977043152,169104
74.35075283050537,169104
74.35351943969727,169104
74.35629105567932,169104
74.3590636253357,169104
74.36184120178223,169104
74.36460638046265,169104
74.36737012863159,169104
74.37014150619507,169104
74.37292623519897,169104
74.3756914138794,169104
74.37845158576965,169104
74.38124060630798,169104
74.3840126991272,169104
74.38678359985352,169104
74.38954019546509,169104
74.3923225402832,169104
74.39509677886963,169104
74.3978636264801,169104
74.40062856674194,169104
74.40341258049011,169104
74.40617942810059,169104
74.40895867347717,169104
74.4117431640625,169104
74.41451120376587,169104
74.41727781295776,169104
74.42005205154419,169104
74.42283940315247,169104
74.42560768127441,169104
74.42837238311768,169104
74.43115711212158,169104
74.43392992019653,169104
74.43670296669006,169104
74.4394679069519,169104
74.4422562122345,169104
74.4450261592865,169104
74.44780135154724,169104
74.45056486129761,169104
74.45334434509277,169104
74.45611453056335,169104
74.45889067649841,169104
74.46166682243347,169104
74.46443367004395,169104
74.46720552444458,169104
74.46997690200806,169104
74.47275710105896,169104
74.47552514076233,169104
74.47829484939575,169104
74.48108100891113,169104
74.48385787010193,169104
74.48662781715393,169104
74.48939299583435,169104
74.49217867851257,169104
74.49495553970337,169104
74.49772000312805,169104
74.500479221344,169104
74.50326323509216,169104
74.50603342056274,169104
74.5088152885437,169104
74.51159477233887,169104
74.51437020301819,169104
74.51714634895325,169104
74.5199122428894,169104
74.52269244194031,169104
74.52546048164368,169104
74.52822804450989,169104
74.53101253509521,169104
74.53378653526306,169104
74.53655123710632,169104
74.53931713104248,169104
74.54209470748901,169104
74.5448751449585,169104
74.54763603210449,169104
74.5504002571106,169104
74.5531861782074,169104
74.55595636367798,169104
74.55872178077698,169104
74.56149411201477,169104
74.5642614364624,169104
74.56703400611877,169104
74.56981682777405,169104
74.57258915901184,169104
74.57535409927368,169104
74.57812786102295,169104
74.5809154510498,169104
74.5836808681488,169104
74.58645629882812,169104
74.5892264842987,169104
74.59201121330261,169104
74.59477996826172,169104
74.59754180908203,169104
74.60032057762146,169104
74.60310626029968,169104
74.6058828830719,169104
74.60864472389221,169104
74.61141061782837,169104
74.61418437957764,169104
74.61695265769958,169104
74.61971998214722,169104
74.62249445915222,169104
74.62526798248291,169104
74.6280415058136,169104
74.63081932067871,169104
74.63358545303345,169104
74.63637018203735,169104
74.63913631439209,169104
74.6419186592102,169104
74.64468145370483,169104
74.64745450019836,169104
74.65022349357605,169104
74.65300250053406,169104
74.6557674407959,169104
74.65853214263916,169104
74.66130757331848,169104
74.66409134864807,169104
74.6668643951416,169104
74.66963267326355,169104
74.67240452766418,169104
74.67517924308777,169104
74.67795085906982,169104
74.68070983886719,169104
74.6834807395935,169104
74.68624448776245,169104
74.68901228904724,169104
74.6918032169342,169104
74.69456100463867,169104
74.69733262062073,169104
74.70010542869568,169104
74.70290017127991,169104
74.70565795898438,169104
74.70842504501343,169104
74.71121263504028,169104
74.71398448944092,169104
74.71675419807434,169104
74.71950960159302,169104
74.72229647636414,169104
74.72507238388062,169104
74.72784781455994,169104
74.7306137084961,169104
74.73338103294373,169104
74.73615264892578,169104
74.73891925811768,169104
74.74169969558716,169104
74.74446272850037,169104
74.74723815917969,169104
74.75001335144043,169104
74.75280332565308,169104
74.7555639743805,169104
74.7583384513855,169104
74.76111268997192,169104
74.76388216018677,169104
74.76664710044861,169104
74.76941466331482,169104
74.77220129966736,169104
74.77496933937073,169104
74.7777259349823,169104
74.78049349784851,169104
74.78327059745789,169104
74.78604340553284,169104
74.7888240814209,169104
74.79159665107727,169104
74.79436326026917,169104
74.79713773727417,169104
74.79991412162781,169104
74.80269122123718,169104
74.80545473098755,169104
74.80822420120239,169104
74.81100249290466,169104
74.81378173828125,169104
74.81654191017151,169104
74.81930947303772,169104
74.82209134101868,169104
74.82486605644226,169104
74.827632188797,169104
74.830397605896,169104
74.83317637443542,169104
74.83595943450928,169104
74.83871865272522,169104
74.84149384498596,169104
74.84425592422485,169104
74.8470311164856,169104
74.84980392456055,169104
74.85257744789124,169104
74.85534405708313,169104
74.85812044143677,169104
74.86089658737183,169104
74.86366653442383,169104
74.86643385887146,169104
74.8692057132721,169104
74.87198829650879,169104
74.87475752830505,169104
74.87752723693848,169104
74.88029527664185,169104
74.88307857513428,169104
74.88585352897644,169104
74.88861560821533,169104
74.89139175415039,169104
74.89416360855103,169104
74.8969292640686,169104
74.89969420433044,169104
74.90247893333435,169104
74.90524578094482,169104
74.90801811218262,169104
74.91080117225647,169104
74.91356563568115,169104
74.91633439064026,169104
74.91910886764526,169104
74.92188739776611,169104
74.92465090751648,169104
74.92741370201111,169104
74.93018102645874,169104
74.93295907974243,169104
74.9357340335846,169104
74.93849015235901,169104
74.94126963615417,169104
74.94403886795044,169104
74.94681119918823,169104
74.94957661628723,169104
74.9523561000824,169104
74.95512270927429,169104
74.95789742469788,169104
74.9606602191925,169104
74.96343159675598,169104
74.96620225906372,169104
74.96897864341736,169104
74.97176051139832,169104
74.97452092170715,169104
74.97728681564331,169104
74.98005175590515,169104
74.98283672332764,169104
74.98559498786926,169104
74.98835873603821,169104
74.99114608764648,169104
74.99391841888428,169104
74.99668192863464,169104
74.99945092201233,169104
75.00223326683044,169104
75.00500416755676,169104
75.0077736377716,169104
75.01053738594055,169104
75.01330995559692,169104
75.01608109474182,169104
75.0188512802124,169104
75.02162218093872,169104
75.02439141273499,169104
75.0271589756012,169104
75.02992868423462,169104
75.03270101547241,169104
75.03547430038452,169104
75.03823804855347,169104
75.04101753234863,169104
75.0437958240509,169104
75.0465579032898,169104
75.04932427406311,169104
75.05210304260254,169104
75.05487942695618,169104
75.05763912200928,169104
75.06040358543396,169104
75.06318473815918,169104
75.06595849990845,169104
75.06872224807739,169104
75.07149338722229,169104
75.07425928115845,169104
75.07702660560608,169104
75.07979464530945,169104
75.0825605392456,169104
75.08532953262329,169104
75.08810448646545,169104
75.09089350700378,169104
75.09366035461426,169104
75.09642815589905,169104
75.09919834136963,169104
75.1019811630249,169104
75.10473918914795,169104
75.10750579833984,169104
75.11027407646179,169104
75.11305785179138,169104
75.1158299446106,169104
75.11859941482544,169104
75.12137365341187,169104
75.12414979934692,169104
75.12692832946777,169104
75.12969875335693,169104
75.13248085975647,169104
75.13524675369263,169104
75.138023853302,169104
75.14081001281738,169104
75.14357256889343,169104
75.14634013175964,169104
75.14911913871765,169104
75.1519079208374,169104
75.15467023849487,169104
75.15743255615234,169104
75.16020154953003,169104
75.16298747062683,169104
75.16576290130615,169104
75.16852807998657,169104
75.17130708694458,169104
75.17408442497253,169104
75.1768581867218,169104
75.1796247959137,169104
75.18240070343018,169104
75.18517279624939,169104
75.18794512748718,169104
75.19070982933044,169104
75.19348692893982,169104
75.19625926017761,169104
75.19903516769409,169104
75.20181894302368,169104
75.20458436012268,169104
75.20734977722168,169104
75.21011853218079,169104
75.21291041374207,169104
75.2156777381897,169104
75.21844458580017,169104
75.22122192382812,169104
75.22400116920471,169104
75.2267713546753,169104
75.22953271865845,169104
75.23231554031372,169104
75.23509192466736,169104
75.23785543441772,169104
75.24062132835388,169104
75.24339389801025,169104
75.2461621761322,169104
75.24892830848694,169104
75.25171041488647,169104
75.25446891784668,169104
75.2572410106659,169104
75.26001572608948,169104
75.26280641555786,169104
75.26556825637817,169104
75.26834154129028,169104
75.27112817764282,169104
75.2738926410675,169104
75.27665448188782,169104
75.27942156791687,169104
75.28221702575684,169104
75.28498935699463,169104
75.28776025772095,169104
75.29052639007568,169104
75.2932984828949,169104
75.29606604576111,169104
75.29883861541748,169104
75.30161809921265,169104
75.30438375473022,169104
75.30716276168823,169104
75.30993294715881,169104
75.31270933151245,169104
75.31547474861145,169104
75.31823992729187,169104
75.3210186958313,169104
75.32379126548767,169104
75.32655906677246,169104
75.32933497428894,169104
75.33211827278137,169104
75.33489680290222,169104
75.33765387535095,169104
75.34040975570679,169104
75.3431921005249,169104
75.34597301483154,169104
75.34874391555786,169104
75.35151815414429,169104
75.35428833961487,169104
75.3570613861084,169104
75.35983896255493,169104
75.3626139163971,169104
75.36538076400757,169104
75.36817121505737,169104
75.37095069885254,169104
75.37371635437012,169104
75.3764717578888,169104
75.37924551963806,169104
75.3820230960846,169104
75.38479661941528,169104
75.38755321502686,169104
75.39033436775208,169104
75.39311289787292,169104
75.39588332176208,169104
75.39864730834961,169104
75.40142273902893,169104
75.40419578552246,169104
75.40696883201599,169104
75.40974164009094,169104
75.41251802444458,169104
75.41529107093811,169104
75.41806554794312,169104
75.42084431648254,169104
75.42361259460449,169104
75.4263756275177,169104
75.42914080619812,169104
75.43192386627197,169104
75.4346992969513,169104
75.43747091293335,169104
75.44024348258972,169104
75.44302415847778,169104
75.44580459594727,169104
75.44857239723206,169104
75.4513521194458,169104
75.45412158966064,169104
75.45689415931702,169104
75.45965814590454,169104
75.46243858337402,169104
75.46520781517029,169104
75.46798920631409,169104
75.47076916694641,169104
75.47352719306946,169104
75.47629642486572,169104
75.47907638549805,169104
75.48186302185059,169104
75.48462653160095,169104
75.48739266395569,169104
75.49016284942627,169104
75.49295282363892,169104
75.4957127571106,169104
75.49847602844238,169104
75.50125885009766,169104
75.50403594970703,169104
75.50681018829346,169104
75.50957894325256,169104
75.51236295700073,169104
75.51513195037842,169104
75.51791644096375,169104
75.52068519592285,169104
75.52346897125244,169104
75.52623534202576,169104
75.52900958061218,169104
75.5317952632904,169104
75.53455781936646,169104
75.53733110427856,169104
75.54010677337646,169104
75.5428876876831,169104
75.54565644264221,169104
75.54842162132263,169104
75.55120420455933,169104
75.55398154258728,169104
75.55675101280212,169104
75.55950808525085,169104
75.56228470802307,169104
75.56505227088928,169104
75.5678243637085,169104
75.57059121131897,169104
75.57337880134583,169104
75.57615375518799,169104
75.57893443107605,169104
75.58171343803406,169104
75.58448553085327,169104
75.58725595474243,169104
75.59003376960754,169104
75.59281587600708,169104
75.59558081626892,169104
75.59835457801819,169104
75.60114860534668,169104
75.60392570495605,169104
75.60668706893921,169104
75.60945081710815,169104
75.61222791671753,169104
75.61500906944275,169104
75.61778688430786,169104
75.62054443359375,169104
75.62332367897034,169104
75.62609624862671,169104
75.6288640499115,169104
75.63164401054382,169104
75.63441228866577,169104
75.63718605041504,169104
75.63996291160583,169104
75.6427435874939,169104
75.64551854133606,169104
75.6482937335968,169104
75.65107464790344,169104
75.6538507938385,169104
75.65661358833313,169104
75.65938210487366,169104
75.6621675491333,169104
75.66494727134705,169104
75.66772031784058,169104
75.67048692703247,169104
75.67326354980469,169104
75.67603659629822,169104
75.67881369590759,169104
75.68158864974976,169104
75.6843569278717,169104
75.68712401390076,169104
75.6898980140686,169104
75.69267439842224,169104
75.69543862342834,169104
75.6982045173645,169104
75.70099353790283,169104
75.70377230644226,169104
75.70653796195984,169104
75.70930814743042,169104
75.71209454536438,169104
75.71486783027649,169104
75.71763277053833,169104
75.72040057182312,169104
75.72318935394287,169104
75.72595238685608,169104
75.72872591018677,169104
75.73150062561035,169104
75.73427104949951,169104
75.73703646659851,169104
75.73980402946472,169104
75.74257850646973,169104
75.7453510761261,169104
75.74811601638794,169104
75.75089716911316,169104
75.75366497039795,169104
75.75643277168274,169104
75.75920581817627,169104
75.76198697090149,169104
75.76476216316223,169104
75.7675268650055,169104
75.77029609680176,169104
75.7730803489685,169104
75.77585363388062,169104
75.7786214351654,169104
75.78139638900757,169104
75.78416776657104,169104
75.78694581985474,169104
75.78971648216248,169104
75.79249024391174,169104
75.79525923728943,169104
75.79802966117859,169104
75.80081248283386,169104
75.80356669425964,169104
75.8063907623291,169104
75.80915641784668,169104
75.81193971633911,169104
75.81469774246216,169104
75.81746816635132,169104
75.82023096084595,169104
75.82302284240723,169104
75.82579159736633,169104
75.8285596370697,169104
75.83133459091187,169104
75.83410835266113,169104
75.83687710762024,169104
75.83964800834656,169104
75.84242749214172,169104
75.84520220756531,169104
75.84797477722168,169104
75.85075044631958,169104
75.85350728034973,169104
75.85627698898315,169104
75.85905528068542,169104
75.86184167861938,169104
75.86460590362549,169104
75.86737895011902,169104
75.87014746665955,169104
75.8729293346405,169104
75.87568759918213,169104
75.87845849990845,169104
75.88125705718994,169104
75.88403391838074,169104
75.88680458068848,169104
75.8895652294159,169104
75.89234161376953,169104
75.89511299133301,169104
75.89788937568665,169104
75.90065383911133,169104
75.90342211723328,169104
75.90618944168091,169104
75.90895819664001,169104
75.91173720359802,169104
75.91449737548828,169104
75.91726517677307,169104
75.92003536224365,169104
75.92281365394592,169104
75.92557168006897,169104
75.92833471298218,169104
75.93111157417297,169104
75.93388986587524,169104
75.93665647506714,169104
75.93941926956177,169104
75.94220185279846,169104
75.94497299194336,169104
75.94773578643799,169104
75.95049047470093,169104
75.95327186584473,169104
75.9560477733612,169104
75.9588234424591,169104
75.96159148216248,169104
75.96436429023743,169104
75.96712732315063,169104
75.96990251541138,169104
75.97267770767212,169104
75.97544169425964,169104
75.97821307182312,169104
75.98099565505981,169104
75.9837691783905,169104
75.98652601242065,169104
75.98929500579834,169104
75.99207544326782,169104
75.99485039710999,169104
75.99761652946472,169104
76.00038647651672,169104
76.00316452980042,169104
76.00593757629395,169104
76.00871181488037,169104
76.01148700714111,169104
76.01425671577454,169104
76.01702427864075,169104
76.01979351043701,169104
76.0225682258606,169104
76.02534365653992,169104
76.02812051773071,169104
76.03090071678162,169104
76.0336639881134,169104
76.03642964363098,169104
76.03919196128845,169104
76.04197406768799,169104
76.04473900794983,169104
76.04750633239746,169104
76.05028319358826,169104
76.05307078361511,169104
76.05584478378296,169104
76.0586085319519,169104
76.06138563156128,169104
76.06415581703186,169104
76.06692671775818,169104
76.06968569755554,169104
76.07245755195618,169104
76.0752284526825,169104
76.07800722122192,169104
76.08078694343567,169104
76.08355212211609,169104
76.08631610870361,169104
76.08909320831299,169104
76.09188199043274,169104
76.09465146064758,169104
76.09742474555969,169104
76.10019969940186,169104
76.10297989845276,169104
76.10575699806213,169104
76.1085205078125,169104
76.11129975318909,169104
76.11407160758972,169104
76.11684584617615,169104
76.11960744857788,169104
76.12238883972168,169104
76.12516045570374,169104
76.1279308795929,169104
76.13069438934326,169104
76.13347625732422,169104
76.13624668121338,169104
76.13902807235718,169104
76.14180111885071,169104
76.14456725120544,169104
76.14733552932739,169104
76.15011644363403,169104
76.15289807319641,169104
76.15566539764404,169104
76.15843057632446,169104
76.1612114906311,169104
76.1639838218689,169104
76.16675901412964,169104
76.16951966285706,169104
76.1723062992096,169104
76.17507743835449,169104
76.17784929275513,169104
76.18060660362244,169104
76.18337821960449,169104
76.18614315986633,169104
76.18892002105713,169104
76.19169402122498,169104
76.19446134567261,169104
76.19723176956177,169104
76.2000060081482,169104
76.20279622077942,169104
76.20556592941284,169104
76.20833230018616,169104
76.21111416816711,169104
76.21388554573059,169104
76.21665358543396,169104
76.21941900253296,169104
76.22220301628113,169104
76.22497987747192,169104
76.22775077819824,169104
76.23051238059998,169104
76.23329591751099,169104
76.23606896400452,169104
76.23884606361389,169104
76.24161458015442,169104
76.24437427520752,169104
76.2471489906311,169104
76.2499213218689,169104
76.25269722938538,169104
76.25546455383301,169104
76.25823283195496,169104
76.26101732254028,169104
76.26378417015076,169104
76.2665433883667,169104
76.2693088054657,169104
76.27210092544556,169104
76.27487754821777,169104
76.27764678001404,169104
76.28041052818298,169104
76.28319764137268,169104
76.28596925735474,169104
76.28873777389526,169104
76.2915108203888,169104
76.29428243637085,169104
76.29705953598022,169104
76.29983258247375,169104
76.30260729789734,169104
76.30537247657776,169104
76.30815196037292,169104
76.31093955039978,169104
76.31370806694031,169104
76.31647992134094,169104
76.31925368309021,169104
76.32203936576843,169104
76.32481050491333,169104
76.32757568359375,169104
76.33034181594849,169104
76.33312344551086,169104
76.33589315414429,169104
76.33866214752197,169104
76.3414318561554,169104
76.34420800209045,169104
76.34697842597961,169104
76.3497564792633,169104
76.35252642631531,169104
76.35530161857605,169104
76.35807299613953,169104
76.36086249351501,169104
76.36362481117249,169104
76.36638808250427,169104
76.36916494369507,169104
76.37196063995361,169104
76.37472414970398,169104
76.37749481201172,169104
76.38026666641235,169104
76.38305258750916,169104
76.385822057724,169104
76.38858461380005,169104
76.39136338233948,169104
76.39413785934448,169104
76.39691758155823,169104
76.39967846870422,169104
76.40244913101196,169104
76.40522599220276,169104
76.40799450874329,169104
76.41077876091003,169104
76.41353821754456,169104
76.4163088798523,169104
76.4190764427185,169104
76.42185592651367,169104
76.42462086677551,169104
76.42738771438599,169104
76.43016171455383,169104
76.43294620513916,169104
76.43570756912231,169104
76.43848013877869,169104
76.44125986099243,169104
76.44403290748596,169104
76.44680976867676,169104
76.44957685470581,169104
76.4523549079895,169104
76.45512509346008,169104
76.45790123939514,169104
76.46066522598267,169104
76.46344256401062,169104
76.46621584892273,169104
76.46898984909058,169104
76.47177600860596,169104
76.47453927993774,169104
76.47730994224548,169104
76.48008990287781,169104
76.48287057876587,169104
76.48563528060913,169104
76.48839831352234,169104
76.49118638038635,169104
76.49395942687988,169104
76.49672484397888,169104
76.49949669837952,169104
76.50227332115173,169104
76.5050458908081,169104
76.5078227519989,169104
76.51058077812195,169104
76.51335382461548,169104
76.51612663269043,169104
76.51890802383423,169104
76.52168607711792,169104
76.52445149421692,169104
76.52722239494324,169104
76.52998805046082,169104
76.53276419639587,169104
76.5355167388916,169104
76.53828549385071,169104
76.54107141494751,169104
76.54385280609131,169104
76.5466160774231,169104
76.54938793182373,169104
76.55216670036316,169104
76.55493187904358,169104
76.55770611763,169104
76.56046772003174,169104
76.56325674057007,169104
76.56602144241333,169104
76.56879091262817,169104
76.57156109809875,169104
76.57432627677917,169104
76.5770993232727,169104
76.57987856864929,169104
76.58265233039856,169104
76.5854127407074,169104
76.58818793296814,169104
76.59096789360046,169104
76.5937430858612,169104
76.59650087356567,169104
76.59927105903625,169104
76.60205364227295,169104
76.60482931137085,169104
76.60759782791138,169104
76.61037039756775,169104
76.61315751075745,169104
76.61593580245972,169104
76.61869859695435,169104
76.62148261070251,169104
76.62425994873047,169104
76.62703061103821,169104
76.62979865074158,169104
76.63257098197937,169104
76.63533115386963,169104
76.63809704780579,169104
76.6408839225769,169104
76.64365243911743,169104
76.646413564682,169104
76.6491801738739,169104
76.65195488929749,169104
76.65472102165222,169104
76.65748310089111,169104
76.6602554321289,169104
76.6630380153656,169104
76.66581702232361,169104
76.66857719421387,169104
76.67135667800903,169104
76.67412304878235,169104
76.67689490318298,169104
76.67966532707214,169104
76.682443857193,169104
76.68520998954773,169104
76.68798422813416,169104
76.69076991081238,169104
76.69353890419006,169104
76.69631242752075,169104
76.69909334182739,169104
76.70186805725098,169104
76.70463418960571,169104
76.70740294456482,169104
76.71017026901245,169104
76.71294927597046,169104
76.7157073020935,169104
76.7184705734253,169104
76.72125911712646,169104
76.72403955459595,169104
76.72681498527527,169104
76.72957825660706,169104
76.73236298561096,169104
76.73512673377991,169104
76.73790144920349,169104
76.74066114425659,169104
76.74343538284302,169104
76.74621081352234,169104
76.74898600578308,169104
76.7517638206482,169104
76.7545268535614,169104
76.7573037147522,169104
76.76008534431458,169104
76.76287007331848,169104
76.7656319141388,169104
76.76839184761047,169104
76.77117991447449,169104
76.77395629882812,169104
76.77673125267029,169104
76.77948832511902,169104
76.78227472305298,169104
76.78504753112793,169104
76.78782773017883,169104
76.79058885574341,169104
76.7933738231659,169104
76.796142578125,169104
76.79891800880432,169104
76.80169701576233,169104
76.80447435379028,169104
76.80724453926086,169104
76.81002426147461,169104
76.81281089782715,169104
76.81557250022888,169104
76.81834483146667,169104
76.82111859321594,169104
76.82389092445374,169104
76.82666015625,169104
76.82942771911621,169104
76.83220672607422,169104
76.83497190475464,169104
76.83773946762085,169104
76.84050107002258,169104
76.84327745437622,169104
76.84605145454407,169104
76.84881472587585,169104
76.85158181190491,169104
76.85435509681702,169104
76.85712695121765,169104
76.85989952087402,169104
76.8626799583435,169104
76.86545014381409,169104
76.86821460723877,169104
76.87099766731262,169104
76.87376832962036,169104
76.87653088569641,169104
76.87929201126099,169104
76.88207936286926,169104
76.88484930992126,169104
76.88761734962463,169104
76.89038252830505,169104
76.8931667804718,169104
76.89594030380249,169104
76.89870262145996,169104
76.90148496627808,169104
76.90424728393555,169104
76.90702700614929,169104
76.90979623794556,169104
76.91257786750793,169104
76.91534090042114,169104
76.91811108589172,169104
76.92089414596558,169104
76.92366337776184,169104
76.9264349937439,169104
76.92920160293579,169104
76.93197655677795,169104
76.93474841117859,169104
76.93750762939453,169104
76.94027733802795,169104
76.9430742263794,169104
76.94585275650024,169104
76.94862389564514,169104
76.95140767097473,169104
76.95417976379395,169104
76.95694422721863,169104
76.95971393585205,169104
76.96249389648438,169104
76.96526670455933,169104
76.9680347442627,169104
76.97081804275513,169104
76.97357654571533,169104
76.97633981704712,169104
76.97911310195923,169104
76.98189306259155,169104
76.98465728759766,169104
76.98741865158081,169104
76.99019193649292,169104
76.99297261238098,169104
76.99573945999146,169104
76.99849677085876,169104
77.0012719631195,169104
77.00404858589172,169104
77.00682330131531,169104
77.00959014892578,169104
77.01237034797668,169104
77.01514172554016,169104
77.01790928840637,169104
77.0206778049469,169104
77.02345156669617,169104
77.02622509002686,169104
77.02899765968323,169104
77.03177285194397,169104
77.03453660011292,169104
77.0373010635376,169104
77.04007411003113,169104
77.04286289215088,169104
77.04562759399414,169104
77.04840207099915,169104
77.05117964744568,169104
77.05395674705505,169104
77.05671715736389,169104
77.05948781967163,169104
77.06226062774658,169104
77.06503367424011,169104
77.06780433654785,169104
77.07056832313538,169104
77.07334971427917,169104
77.07612586021423,169104
77.07889866828918,169104
77.0816662311554,169104
77.08443856239319,169104
77.08720827102661,169104
77.08997964859009,169104
77.09276175498962,169104
77.09552216529846,169104
77.09828734397888,169104
77.10107135772705,169104
77.10384941101074,169104
77.10661435127258,169104
77.10939121246338,169104
77.1121711730957,169104
77.11494183540344,169104
77.11770796775818,169104
77.12047696113586,169104
77.12326955795288,169104
77.12604022026062,169104
77.1288092136383,169104
77.13158702850342,169104
77.13435292243958,169104
77.13712501525879,169104
77.13989067077637,169104
77.14267110824585,169104
77.14543628692627,169104
77.14821028709412,169104
77.15098142623901,169104
77.15375232696533,169104
77.15651154518127,169104
77.15928101539612,169104
77.16206789016724,169104
77.16484880447388,169104
77.16761589050293,169104
77.17038154602051,169104
77.17316436767578,169104
77.17593836784363,169104
77.17870426177979,169104
77.18148136138916,169104
77.18424606323242,169104
77.1870219707489,169104
77.18979382514954,169104
77.19256711006165,169104
77.19533395767212,169104
77.19811177253723,169104
77.20089554786682,169104
77.2036612033844,169104
77.20642638206482,169104
77.20920395851135,169104
77.21197819709778,169104
77.2147569656372,169104
77.21751666069031,169104
77.22028231620789,169104
77.22306251525879,169104
77.22583055496216,169104
77.22858834266663,169104
77.23136186599731,169104
77.23413348197937,169104
77.23690605163574,169104
77.2396719455719,169104
77.24244737625122,169104
77.2452118396759,169104
77.2479829788208,169104
77.25077390670776,169104
77.2535400390625,169104
77.25630807876587,169104
77.25908589363098,169104
77.26186728477478,169104
77.2646427154541,169104
77.26740598678589,169104
77.27017569541931,169104
77.27296042442322,169104
77.27573561668396,169104
77.27850008010864,169104
77.28128409385681,169104
77.28406023979187,169104
77.28683185577393,169104
77.28959012031555,169104
77.29237937927246,169104
77.29515409469604,169104
77.29792499542236,169104
77.30068445205688,169104
77.30346727371216,169104
77.30624175071716,169104
77.30902218818665,169104
77.31180620193481,169104
77.3145751953125,169104
77.31733560562134,169104
77.32011342048645,169104
77.32289433479309,169104
77.32566213607788,169104
77.32842707633972,169104
77.33121037483215,169104
77.33398127555847,169104
77.33675622940063,169104
77.33951568603516,169104
77.3422954082489,169104
77.34507131576538,169104
77.34784317016602,169104
77.35060906410217,169104
77.3533923625946,169104
77.3561658859253,169104
77.3589379787445,169104
77.36171913146973,169104
77.3644871711731,169104
77.36724901199341,169104
77.37001752853394,169104
77.37280130386353,169104
77.37556385993958,169104
77.37832927703857,169104
77.38111448287964,169104
77.38388752937317,169104
77.3866560459137,169104
77.38942408561707,169104
77.39221429824829,169104
77.3949830532074,169104
77.39775896072388,169104
77.40051674842834,169104
77.40329194068909,169104
77.40605688095093,169104
77.40885257720947,169104
77.41163635253906,169104
77.41440606117249,169104
77.41718316078186,169104
77.41996145248413,169104
77.42274522781372,169104
77.42550587654114,169104
77.42826914787292,169104
77.43104672431946,169104
77.43382096290588,169104
77.43658328056335,169104
77.43934440612793,169104
77.44213032722473,169104
77.44489979743958,169104
77.447674036026,169104
77.450443983078,169104
77.45322823524475,169104
77.45599746704102,169104
77.45877265930176,169104
77.46154761314392,169104
77.46431565284729,169104
77.4670889377594,169104
77.46986293792725,169104
77.47264385223389,169104
77.47541451454163,169104
77.47817969322205,169104
77.48095965385437,169104
77.48373103141785,169104
77.48649787902832,169104
77.48926758766174,169104
77.49204874038696,169104
77.49482369422913,169104
77.49758577346802,169104
77.50035381317139,169104
77.5031361579895,169104
77.50591468811035,169104
77.50868320465088,169104
77.51146650314331,169104
77.5142331123352,169104
77.517005443573,169104
77.51978015899658,169104
77.52256608009338,169104
77.52534079551697,169104
77.52810907363892,169104
77.53089427947998,169104
77.53366613388062,169104
77.53643679618835,169104
77.53920769691467,169104
77.54200434684753,169104
77.5447793006897,169104
77.54754209518433,169104
77.55030632019043,169104
77.55309677124023,169104
77.55587100982666,169104
77.5586347579956,169104
77.56141328811646,169104
77.56417870521545,169104
77.56695103645325,169104
77.56971573829651,169104
77.57248449325562,169104
77.57525324821472,169104
77.57802677154541,169104
77.58081316947937,169104
77.58357524871826,169104
77.58634519577026,169104
77.58911323547363,169104
77.59189105033875,169104
77.59465193748474,169104
77.5974190235138,169104
77.60018730163574,169104
77.60297656059265,169104
77.60574984550476,169104
77.60851073265076,169104
77.61129665374756,169104
77.61406874656677,169104
77.61683917045593,169104
77.6196084022522,169104
77.62238907814026,169104
77.62515497207642,169104
77.62793231010437,169104
77.63069319725037,169104
77.63347506523132,169104
77.63624382019043,169104
77.63901805877686,169104
77.64179611206055,169104
77.64455699920654,169104
77.64732384681702,169104
77.65009021759033,169104
77.65287852287292,169104
77.6556510925293,169104
77.6584243774414,169104
77.66120028495789,169104
77.66397523880005,169104
77.66674065589905,169104
77.66950416564941,169104
77.67228507995605,169104
77.67505812644958,169104
77.67783260345459,169104
77.6805968284607,169104
77.68337535858154,169104
77.68614840507507,169104
77.68891787528992,169104
77.69169068336487,169104
77.69446802139282,169104
77.69724249839783,169104
77.70001602172852,169104
77.7027997970581,169104
77.70555973052979,169104
77.70832180976868,169104
77.71111226081848,169104
77.71388220787048,169104
77.71664094924927,169104
77.7194094657898,169104
77.72219252586365,169104
77.72496581077576,169104
77.72774076461792,169104
77.73050093650818,169104
77.73327398300171,169104
77.73604679107666,169104
77.73881721496582,169104
77.74159240722656,169104
77.74436283111572,169104
77.74713850021362,169104
77.74991130828857,169104
77.75269150733948,169104
77.75546264648438,169104
77.75823497772217,169104
77.76102042198181,169104
77.76379752159119,169104
77.76655602455139,169104
77.76932382583618,169104
77.77211141586304,169104
77.77488589286804,169104
77.77765369415283,169104
77.78042149543762,169104
77.78320503234863,169104
77.78597402572632,169104
77.78874683380127,169104
77.79151582717896,169104
77.79428744316101,169104
77.79705834388733,169104
77.79982161521912,169104
77.80259919166565,169104
77.80535769462585,169104
77.80812859535217,169104
77.8109176158905,169104
77.81368899345398,169104
77.81645321846008,169104
77.81922626495361,169104
77.82201600074768,169104
77.82479882240295,169104
77.82755208015442,169104
77.8303210735321,169104
77.83310866355896,169104
77.83588409423828,169104
77.8386459350586,169104
77.84142971038818,169104
77.8442006111145,169104
77.84698009490967,169104
77.84974718093872,169104
77.85252022743225,169104
77.85529589653015,169104
77.85807204246521,169104
77.86086058616638,169104
77.86362433433533,169104
77.86638522148132,169104
77.86916136741638,169104
77.87194323539734,169104
77.87470817565918,169104
77.87747263908386,169104
77.88024473190308,169104
77.88301944732666,169104
77.88579082489014,169104
77.88855314254761,169104
77.89132738113403,169104
77.89409947395325,169104
77.89687609672546,169104
77.89963889122009,169104
77.90241169929504,169104
77.90518307685852,169104
77.90795612335205,169104
77.91071772575378,169104
77.9135000705719,169104
77.91626143455505,169104
77.91903924942017,169104
77.92182040214539,169104
77.92457604408264,169104
77.92733907699585,169104
77.93010640144348,169104
77.93289256095886,169104
77.93566155433655,169104
77.93843054771423,169104
77.94121837615967,169104
77.9439914226532,169104
77.94675922393799,169104
77.94952058792114,169104
77.95230770111084,169104
77.95507764816284,169104
77.95784497261047,169104
77.96060919761658,169104
77.96338534355164,169104
77.96615505218506,169104
77.96892476081848,169104
77.97170352935791,169104
77.97446608543396,169104
77.97723484039307,169104
77.9800078868866,169104
77.98280024528503,169104
77.9855592250824,169104
77.98832321166992,169104
77.99110102653503,169104
77.99387574195862,169104
77.99663496017456,169104
77.99939918518066,169104
78.00218534469604,169104
78.00495314598083,169104
78.00772523880005,169104
78.01048064231873,169104
78.01326155662537,169104
78.01602745056152,169104
78.0187976360321,169104
78.02156352996826,169104
78.0243330001831,169104
78.02719807624817,169104
78.02996516227722,169104
78.03274846076965,169104
78.03550624847412,169104
78.03826832771301,169104
78.04105043411255,169104
78.04382181167603,169104
78.0465829372406,169104
78.04935121536255,169104
78.0521285533905,169104
78.05489921569824,169104
78.0576684474945,169104
78.0604362487793,169104
78.06322073936462,169104
78.06599807739258,169104
78.06877017021179,169104
78.07153630256653,169104
78.0743100643158,169104
78.07708406448364,169104
78.07986187934875,169104
78.08263874053955,169104
78.08540606498718,169104
78.08817505836487,169104
78.09095931053162,169104
78.09371781349182,169104
78.09648609161377,169104
78.09925103187561,169104
78.10203194618225,169104
78.10480070114136,169104
78.10756278038025,169104
78.11032795906067,169104
78.11311078071594,169104
78.11588048934937,169104
78.11864399909973,169104
78.12141752243042,169104
78.12418484687805,169104
78.12695097923279,169104
78.12971210479736,169104
78.13248133659363,169104
78.13525438308716,169104
78.13801884651184,169104
78.14267492294312,169104
78.14759016036987,169104
78.15284490585327,169104
78.15783023834229,169104
78.16315054893494,169104
78.16819548606873,169104
78.17349338531494,169104
78.17859411239624,169104
78.18387246131897,169104
78.18896675109863,169104
78.19423580169678,169104
78.19931316375732,169104
78.20446920394897,169104
78.20951890945435,169104
78.21486473083496,169104
78.21997094154358,169104
78.22526955604553,169104
78.23042464256287,169104
78.23570394515991,169104
78.24085307121277,169104
78.24616551399231,169104
78.25131249427795,169104
78.25660824775696,169104
78.26174426078796,169104
78.26704263687134,169104
78.27208113670349,169104
78.27737307548523,169104
78.2822847366333,169104
78.28757429122925,169104
78.29238295555115,169104
78.29753232002258,169104
78.30236458778381,169104
78.30749249458313,169104
78.31243109703064,169104
78.31744885444641,169104
78.32244324684143,169104
78.32738304138184,169104
78.33245801925659,169104
78.33736562728882,169104
78.34257698059082,169104
78.34799528121948,169104
78.35302901268005,169104
78.35807299613953,169104
78.36296129226685,169104
78.3681252002716,169104
78.37308645248413,169104
78.37835359573364,169104
78.3834011554718,169104
78.38872122764587,169104
78.39385271072388,169104
78.39915800094604,169104
78.40429139137268,169104
78.40956926345825,169104
78.41469430923462,169104
78.4199640750885,169104
78.42505502700806,169104
78.43035078048706,169104
78.43528985977173,169104
78.44061779975891,169104
78.44543743133545,169104
78.45056462287903,169104
78.4554078578949,169104
78.46056246757507,169104
78.46550226211548,169104
78.47052931785583,169104
78.4755470752716,169104
78.48044633865356,169104
78.48561382293701,169104
78.49054455757141,169104
78.49583029747009,169104
78.50087118148804,169104
78.50616312026978,169104
78.5112977027893,169104
78.51657247543335,169104
78.52170705795288,169104
78.52701187133789,169104
78.53214311599731,169104
78.53743529319763,169104
78.54249000549316,169104
78.54783391952515,169104
78.55275535583496,169104
78.55803871154785,169104
78.56283760070801,169104
78.56799054145813,169104
78.57282876968384,169104
78.5779356956482,169104
78.58290028572083,169104
78.58791399002075,169104
78.5929434299469,169104
78.59783816337585,169104
78.60300731658936,169104
78.60795903205872,169104
78.61323714256287,169104
78.61826276779175,169104
78.62357330322266,169104
78.6286940574646,169104
78.63400769233704,169104
78.63913869857788,169104
78.64440417289734,169104
78.64952778816223,169104
78.6548261642456,169104
78.65986895561218,169104
78.6651861667633,169104
78.67011332511902,169104
78.67542219161987,169104
78.68023157119751,169104
78.6853518486023,169104
78.69018626213074,169104
78.69535183906555,169104
78.70027661323547,169104
78.70531845092773,169104
78.71032977104187,169104
78.71525549888611,169104
78.72041893005371,169104
78.72533893585205,169104
78.73059487342834,169104
78.73562049865723,169104
78.74095320701599,169104
78.74604868888855,169104
78.7512788772583,169104
78.75640439987183,169104
78.76166129112244,169104
78.76679682731628,169104
78.77212834358215,169104
78.77722954750061,169104
78.78257346153259,169104
78.78757047653198,169104
78.7929174900055,169104
78.79777932167053,169104
78.80297303199768,169104
78.80776071548462,169104
78.81287837028503,169104
78.81776404380798,169104
78.82283186912537,169104
78.82779884338379,169104
78.83275723457336,169104
78.83788633346558,169104
78.8427906036377,169104
78.84800481796265,169104
78.85302996635437,169104
78.85835552215576,169104
78.86344504356384,169104
78.86873626708984,169104
78.87388134002686,169104
78.87919688224792,169104
78.88433933258057,169104
78.8896415233612,169104
78.89477300643921,169104
78.90008735656738,169104
78.90512776374817,169104
78.9104733467102,169104
78.91538500785828,169104
78.9206211566925,169104
78.92537093162537,169104
78.93050241470337,169104
78.93534111976624,169104
78.94043040275574,169104
78.94541215896606,169104
78.95038342475891,169104
78.95546507835388,169104
78.96035575866699,169104
78.96558594703674,169104
78.97057223320007,169104
78.97587132453918,169104
78.98092341423035,169104
78.98623204231262,169104
78.99139404296875,169104
78.99668645858765,169104
79.00181412696838,169104
79.00713324546814,169104
79.01225876808167,169104
79.01757144927979,169104
79.02262949943542,169104
79.02797150611877,169104
79.03287410736084,169104
79.03813695907593,169104
79.04292440414429,169104
79.04804921150208,169104
79.05290579795837,169104
79.05798387527466,169104
79.06296038627625,169104
79.06794834136963,169104
79.07302021980286,169104
79.07791376113892,169104
79.08309745788574,169104
79.08806562423706,169104
79.0933530330658,169104
79.0983874797821,169104
79.10366892814636,169104
79.10881185531616,169104
79.11409616470337,169104
79.11922001838684,169104
79.12447476387024,169104
79.12957715988159,169104
79.13491296768188,169104
79.13997316360474,169104
79.1453001499176,169104
79.15018963813782,169104
79.15544962882996,169104
79.16023135185242,169104
79.1653745174408,169104
79.17020440101624,169104
79.17534375190735,169104
79.18027806282043,169104
79.18531441688538,169104
79.19033646583557,169104
79.19524097442627,169104
79.20040988922119,169104
79.20534777641296,169104
79.21061134338379,169104
79.21565985679626,169104
79.22098350524902,169104
79.22609448432922,169104
79.23135542869568,169104
79.23647928237915,169104
79.24177265167236,169104
79.24689626693726,169104
79.25220823287964,169104
79.25728845596313,169104
79.2626142501831,169104
79.26754331588745,169104
79.27286028862,169104
79.27767324447632,169104
79.2828540802002,169104
79.28765344619751,169104
79.29282236099243,169104
79.29776263237,169104
79.30280876159668,169104
79.30782389640808,169104
79.31273913383484,169104
79.31791138648987,169104
79.32286167144775,169104
79.32812738418579,169104
79.3331573009491,169104
79.33847737312317,169104
79.34357976913452,169104
79.3488838672638,169104
79.35401582717896,169104
79.35928130149841,169104
79.36439561843872,169104
79.36971545219421,169104
79.37481379508972,169104
79.38014602661133,169104
79.38511943817139,169104
79.39044976234436,169104
79.39529705047607,169104
79.40044498443604,169104
79.40525150299072,169104
79.41037678718567,169104
79.41528463363647,169104
79.42032670974731,169104
79.42530798912048,169104
79.43020939826965,169104
79.43538808822632,169104
79.4402961730957,169104
79.44554662704468,169104
79.45055508613586,169104
79.45588183403015,169104
79.46097230911255,169104
79.46626329421997,169104
79.47141170501709,169104
79.47667217254639,169104
79.48181462287903,169104
79.48715424537659,169104
79.49228048324585,169104
79.49760675430298,169104
79.50264358520508,169104
79.50800013542175,169104
79.5129177570343,169104
79.51817679405212,169104
79.52296018600464,169104
79.52810406684875,169104
79.53296256065369,169104
79.53808307647705,169104
79.54306268692017,169104
79.54805278778076,169104
79.55311393737793,169104
79.55801010131836,169104
79.56320405006409,169104
79.5681734085083,169104
79.57345080375671,169104
79.57849216461182,169104
79.58378481864929,169104
79.58890509605408,169104
79.59421110153198,169104
79.59932374954224,169104
79.60460472106934,169104
79.60970163345337,169104
79.61501860618591,169104
79.62005043029785,169104
79.62541079521179,169104
79.63032102584839,169104
79.63561630249023,169104
79.64037227630615,169104
79.64554715156555,169104
79.65037989616394,169104
79.6554524898529,169104
79.66042852401733,169104
79.6654360294342,169104
79.67047762870789,169104
79.67538261413574,169104
79.68056511878967,169104
79.68553185462952,169104
79.69081616401672,169104
79.6958577632904,169104
79.70114755630493,169104
79.70628333091736,169104
79.71152830123901,169104
79.71665382385254,169104
79.72200846672058,169104
79.72712755203247,169104
79.73246264457703,169104
79.7374861240387,169104
79.74284672737122,169104
79.74776434898376,169104
79.75305390357971,169104
79.75782775878906,169104
79.76299953460693,169104
79.7678394317627,169104
79.77295398712158,169104
79.77792358398438,169104
79.7829155921936,169104
79.78798079490662,169104
79.79288578033447,169104
79.79808044433594,169104
79.80303978919983,169104
79.80830073356628,169104
79.8133499622345,169104
79.8186514377594,169104
79.82380223274231,169104
79.82902836799622,169104
79.83415174484253,169104
79.83938789367676,169104
79.8445155620575,169104
79.84983205795288,169104
79.85488033294678,169104
79.86020946502686,169104
79.86512184143066,169104
79.87040162086487,169104
79.87519860267639,169104
79.88035702705383,169104
79.8852002620697,169104
79.89028310775757,169104
79.89525175094604,169104
79.9002685546875,169104
79.90529203414917,169104
79.91018438339233,169104
79.91535782814026,169104
79.9202868938446,169104
79.9255690574646,169104
79.93060302734375,169104
79.93592691421509,169104
79.94104933738708,169104
79.94629740715027,169104
79.95143961906433,169104
79.95669937133789,169104
79.9618272781372,169104
79.96714687347412,169104
79.97222232818604,169104
79.97751665115356,169104
79.98246884346008,169104
79.98778820037842,169104
79.99259543418884,169104
79.99774813652039,169104
80.00258493423462,169104
80.00769901275635,169104
80.01265215873718,169104
80.01767921447754,169104
80.02269291877747,169104
80.02760601043701,169104
80.03279328346252,169104
80.03771710395813,169104
80.04297590255737,169104
80.04799461364746,169104
80.05334568023682,169104
80.05842876434326,169104
80.0637538433075,169104
80.06889224052429,169104
80.07417321205139,169104
80.0792944431305,169104
80.08459448814392,169104
80.08968830108643,169104
80.09501624107361,169104
80.09996914863586,169104
80.105304479599,169104
80.11013865470886,169104
80.11533832550049,169104
80.12012124061584,169104
80.12527298927307,169104
80.1301658153534,169104
80.13524341583252,169104
80.14021229743958,169104
80.14517951011658,169104
80.15030455589294,169104
80.15521955490112,169104
80.16043424606323,169104
80.16543912887573,169104
80.17075419425964,169104
80.17581248283386,169104
80.18109107017517,169104
80.18623757362366,169104
80.19149374961853,169104
80.19660067558289,169104
80.20193672180176,169104
80.20703649520874,169104
80.21233892440796,169104
80.21732544898987,169104
80.2226710319519,169104
80.22752165794373,169104
80.23270034790039,169104
80.23748826980591,169104
80.24260473251343,169104
80.2474958896637,169104
80.252525806427,169104
80.25751209259033,169104
80.26242780685425,169104
80.26758456230164,169104
80.27250123023987,169104
80.27774262428284,169104
80.28276824951172,169104
80.28810358047485,169104
80.29321122169495,169104
80.29847455024719,169104
80.30362033843994,169104
80.3088858127594,169104
80.31401515007019,169104
80.319326877594,169104
80.32443737983704,169104
80.32976770401001,169104
80.33473491668701,169104
80.34004402160645,169104
80.34488654136658,169104
80.34998750686646,169104
80.35480785369873,169104
80.35994052886963,169104
80.3648681640625,169104
80.36991572380066,169104
80.3749008178711,169104
80.37982296943665,169104
80.38496971130371,169104
80.38988852500916,169104
80.39514255523682,169104
80.40015387535095,169104
80.4054741859436,169104
80.41055917739868,169104
80.41586065292358,169104
80.42100930213928,169104
80.42625880241394,169104
80.43139696121216,169104
80.43673753738403,169104
80.44187092781067,169104
80.44719910621643,169104
80.45221376419067,169104
80.45756030082703,169104
80.46247482299805,169104
80.46773672103882,169104
80.47249269485474,169104
80.47762703895569,169104
80.48249077796936,169104
80.48757457733154,169104
80.4925320148468,169104
80.49748039245605,169104
80.50259804725647,169104
80.50749325752258,169104
80.512690782547,169104
80.51768517494202,169104
80.52301478385925,169104
80.52808475494385,169104
80.53339290618896,169104
80.53851914405823,169104
80.54380083084106,169104
80.54890942573547,169104
80.55421495437622,169104
80.559317111969,169104
80.56459331512451,169104
80.56954193115234,169104
80.5748815536499,169104
80.57972311973572,169104
80.58491063117981,169104
80.58969211578369,169104
80.59484529495239,169104
80.59974598884583,169104
80.6047568321228,169104
80.6097502708435,169104
80.61468935012817,169104
80.61985802650452,169104
80.62477946281433,169104
80.62998557090759,169104
80.6350154876709,169104
80.64033269882202,169104
80.64542508125305,169104
80.65070271492004,169104
80.6558449268341,169104
80.66114616394043,169104
80.66627907752991,169104
80.671635389328,169104
80.67675018310547,169104
80.68205857276917,169104
80.6870629787445,169104
80.69239735603333,169104
80.69726037979126,169104
80.70250487327576,169104
80.70727252960205,169104
80.71240568161011,169104
80.71726512908936,169104
80.72238349914551,169104
80.72733783721924,169104
80.73232197761536,169104
80.7374153137207,169104
80.74231433868408,169104
80.74751710891724,169104
80.75250387191772,169104
80.75782346725464,169104
80.76290082931519,169104
80.76820516586304,169104
80.77336072921753,169104
80.77864909172058,169104
80.78377604484558,169104
80.78907752037048,169104
80.79420137405396,169104
80.79953145980835,169104
80.80455827713013,169104
80.80991244316101,169104
80.81481838226318,169104
80.820068359375,169104
80.82482552528381,169104
80.82995223999023,169104
80.83479237556458,169104
80.83987712860107,169104
80.84484577178955,169104
80.84981489181519,169104
80.85490846633911,169104
80.85980081558228,169104
80.86500191688538,169104
80.86997985839844,169104
80.87529277801514,169104
80.88035202026367,169104
80.88564848899841,169104
80.89080429077148,169104
80.89607787132263,169104
80.9012062549591,169104
80.90650129318237,169104
80.91164088249207,169104
80.9169716835022,169104
80.92200899124146,169104
80.92736101150513,169104
80.93227052688599,169104
80.93754982948303,169104
80.94232320785522,169104
80.94748544692993,169104
80.95232558250427,169104
80.95741701126099,169104
80.96239066123962,169104
80.96738386154175,169104
80.97246098518372,169104
80.9773473739624,169104
80.98255848884583,169104
80.9875214099884,169104
80.99282026290894,169104
80.99785614013672,169104
81.00316333770752,169104
81.00829267501831,169104
81.01360273361206,169104
81.01871800422668,169104
81.0240089893341,169104
81.02912449836731,169104
81.03444790840149,169104
81.03949356079102,169104
81.0448408126831,169104
81.04975247383118,169104
81.05505585670471,169104
81.05983877182007,169104
81.06499099731445,169104
81.06982564926147,169104
81.07491850852966,169104
81.07987236976624,169104
81.0848879814148,169104
81.08992052078247,169104
81.09484457969666,169104
81.10002112388611,169104
81.10498642921448,169104
81.11027932167053,169104
81.11532735824585,169104
81.12060737609863,169104
81.12577271461487,169104
81.13105130195618,169104
81.13618111610413,169104
81.14150810241699,169104
81.14663577079773,169104
81.15196514129639,169104
81.15701127052307,169104
81.16235780715942,169104
81.1672682762146,169104
81.17256212234497,169104
81.17732262611389,169104
81.18247699737549,169104
81.18731665611267,169104
81.1924409866333,169104
81.19739079475403,169104
81.20240521430969,169104
81.20743656158447,169104
81.212327003479,169104
81.21748542785645,169104
81.22242879867554,169104
81.22770977020264,169104
81.23276448249817,169104
81.23809027671814,169104
81.24322581291199,169104
81.24846577644348,169104
81.25359845161438,169104
81.25891542434692,169104
81.26405119895935,169104
81.2693419456482,169104
81.27439260482788,169104
81.27973294258118,169104
81.28465437889099,169104
81.28994655609131,169104
81.29471063613892,169104
81.29982376098633,169104
81.30465412139893,169104
81.30975317955017,169104
81.31471157073975,169104
81.31967568397522,169104
81.3247721195221,169104
81.32965445518494,169104
81.33487153053284,169104
81.33986687660217,169104
81.34517312049866,169104
81.35021138191223,169104
81.35548949241638,169104
81.36062550544739,169104
81.36592102050781,169104
81.37105965614319,169104
81.37636089324951,169104
81.38148641586304,169104
81.38680720329285,169104
81.39185285568237,169104
81.39720273017883,169104
81.40211868286133,169104
81.40738821029663,169104
81.41217517852783,169104
81.41730189323425,169104
81.4221510887146,169104
81.427237033844,169104
81.43222093582153,169104
81.4372456073761,169104
81.44228267669678,169104
81.44713592529297,169104
81.45232820510864,169104
81.45728468894958,169104
81.46258187294006,169104
81.46761465072632,169104
81.47291469573975,169104
81.4780478477478,169104
81.48336577415466,169104
81.48847794532776,169104
81.49379444122314,169104
81.49890756607056,169104
81.504230260849,169104
81.50927329063416,169104
81.51462459564209,169104
81.5195164680481,169104
81.52481603622437,169104
81.5295741558075,169104
81.53473258018494,169104
81.53956198692322,169104
81.5446674823761,169104
81.54962873458862,169104
81.55462980270386,169104
81.559654712677,169104
81.56455755233765,169104
81.56975603103638,169104
81.57471966743469,169104
81.58000540733337,169104
81.58506178855896,169104
81.59044647216797,169104
81.59556794166565,169104
81.60086798667908,169104
81.60599637031555,169104
81.61129188537598,169104
81.61641359329224,169104
81.62173986434937,169104
81.62684512138367,169104
81.63216042518616,169104
81.63710284233093,169104
81.64242839813232,169104
81.64726877212524,169104
81.65246605873108,169104
81.65728211402893,169104
81.66241645812988,169104
81.66733479499817,169104
81.67231249809265,169104
81.67730140686035,169104
81.68222236633301,169104
81.687424659729,169104
81.69234037399292,169104
81.69758558273315,169104
81.70261669158936,169104
81.70793461799622,169104
81.71302580833435,169104
81.71832942962646,169104
81.72348880767822,169104
81.72875428199768,169104
81.73387312889099,169104
81.73919749259949,169104
81.74432253837585,169104
81.74964737892151,169104
81.75465941429138,169104
81.76002144813538,169104
81.76493287086487,169104
81.7701940536499,169104
81.77497458457947,169104
81.78008198738098,169104
81.7849268913269,169104
81.79001760482788,169104
81.79498553276062,169104
81.7999358177185,169104
81.80505347251892,169104
81.80996012687683,169104
81.81514430046082,169104
81.82011842727661,169104
81.82542991638184,169104
81.83051609992981,169104
81.83582735061646,169104
81.84098267555237,169104
81.84625792503357,169104
81.85139679908752,169104
81.85669875144958,169104
81.8618392944336,169104
81.86715269088745,169104
81.8722026348114,169104
81.87754797935486,169104
81.88244557380676,169104
81.8877182006836,169104
81.89249682426453,169104
81.89764308929443,169104
81.90249872207642,169104
81.90761184692383,169104
81.91258478164673,169104
81.91756296157837,169104
81.92263126373291,169104
81.92750096321106,169104
81.93271017074585,169104
81.93768763542175,169104
81.94299936294556,169104
81.94806265830994,169104
81.95334768295288,169104
81.95848417282104,169104
81.96377682685852,169104
81.96889114379883,169104
81.9741883277893,169104
81.97929239273071,169104
81.984623670578,169104
81.98967051506042,169104
81.99502468109131,169104
81.99993085861206,169104
82.00518798828125,169104
82.00996208190918,169104
82.01510787010193,169104
82.01994585990906,169104
82.02509951591492,169104
82.03004956245422,169104
82.03505897521973,169104
82.04010343551636,169104
82.04501724243164,169104
82.05019044876099,169104
82.05513644218445,169104
82.06040263175964,169104
82.06544470787048,169104
82.07079124450684,169104
82.07590413093567,169104
82.08115720748901,169104
82.08629298210144,169104
82.09153580665588,169104
82.09664750099182,169104
82.10197854042053,169104
82.10702657699585,169104
82.11236763000488,169104
82.11726903915405,169104
82.12253069877625,169104
82.1272976398468,169104
82.1324565410614,169104
82.13730192184448,169104
82.14240336418152,169104
82.14736700057983,169104
82.15236687660217,169104
82.15744090080261,169104
82.16234421730042,169104
82.16752052307129,169104
82.17249512672424,169104
82.17778491973877,169104
82.18283677101135,169104
82.18814206123352,169104
82.19327759742737,169104
82.19856762886047,169104
82.20229268074036,169104
82.20507073402405,169104
82.20783925056458,169104
82.21059799194336,169104
82.21337532997131,169104
82.21614813804626,169104
82.21891784667969,169104
82.22169065475464,169104
82.22446274757385,169104
82.22723460197449,169104
82.23000955581665,169104
82.23279166221619,169104
82.23554635047913,169104
82.2383041381836,169104
82.24108266830444,169104
82.24384474754333,169104
82.2466094493866,169104
82.24937272071838,169104
82.25215244293213,169104
82.25492787361145,169104
82.25768613815308,169104
82.26044964790344,169104
82.26323413848877,169104
82.26601386070251,169104
82.26878523826599,169104
82.27156281471252,169104
82.27433562278748,169104
82.27711009979248,169104
82.27988767623901,169104
82.28266549110413,169104
82.2854278087616,169104
82.28819847106934,169104
82.2909779548645,169104
82.29374504089355,169104
82.29650926589966,169104
82.29928159713745,169104
82.30205416679382,169104
82.30482316017151,169104
82.30757999420166,169104
82.31033968925476,169104
82.31311464309692,169104
82.31594729423523,169104
82.31871247291565,169104
82.3214898109436,169104
82.32426047325134,169104
82.32702898979187,169104
82.32980036735535,169104
82.33257150650024,169104
82.3353362083435,169104
82.33811044692993,169104
82.3408932685852,169104
82.34366416931152,169104
82.34642887115479,169104
82.3492021560669,169104
82.35198521614075,169104
82.35475420951843,169104
82.35751557350159,169104
82.36028552055359,169104
82.36306881904602,169104
82.36583614349365,169104
82.36860394477844,169104
82.37138724327087,169104
82.3741602897644,169104
82.37693500518799,169104
82.37970495223999,169104
82.38247752189636,169104
82.38524055480957,169104
82.38800859451294,169104
82.3907904624939,169104
82.39356112480164,169104
82.3963258266449,169104
82.39909100532532,169104
82.4018726348877,169104
82.40463018417358,169104
82.40740180015564,169104
82.41017127037048,169104
82.4129467010498,169104
82.41570997238159,169104
82.41846680641174,169104
82.42124128341675,169104
82.4240128993988,169104
82.42678117752075,169104
82.42953515052795,169104
82.43231582641602,169104
82.43507885932922,169104
82.43784260749817,169104
82.44060325622559,169104
82.44337391853333,169104
82.44613838195801,169104
82.44890475273132,169104
82.45167255401611,169104
82.45443797111511,169104
82.45719885826111,169104
82.45997524261475,169104
82.46275639533997,169104
82.46551656723022,169104
82.46827983856201,169104
82.47105956077576,169104
82.47382616996765,169104
82.47658491134644,169104
82.47935366630554,169104
82.48213195800781,169104
82.48490047454834,169104
82.4876561164856,169104
82.49041867256165,169104
82.49320197105408,169104
82.49597525596619,169104
82.49874448776245,169104
82.50151705741882,169104
82.50428175926208,169104
82.5070526599884,169104
82.50981950759888,169104
82.51259446144104,169104
82.5153591632843,169104
82.51812434196472,169104
82.5209047794342,169104
82.52366137504578,169104
82.52642726898193,169104
82.52918982505798,169104
82.53196740150452,169104
82.5347421169281,169104
82.53750777244568,169104
82.5402684211731,169104
82.54305267333984,169104
82.54582834243774,169104
82.54859590530396,169104
82.55136704444885,169104
82.55413484573364,169104
82.55689740180969,169104
82.55965781211853,169104
82.56243062019348,169104
82.56519365310669,169104
82.56796073913574,169104
82.57072305679321,169104
82.57349514961243,169104
82.57626056671143,169104
82.579026222229,169104
82.58181476593018,169104
82.58457326889038,169104
82.58733415603638,169104
82.59010219573975,169104
82.59288763999939,169104
82.59565162658691,169104
82.5984103679657,169104
82.60118818283081,169104
82.60396409034729,169104
82.6067259311676,169104
82.60947775840759,169104
82.61225295066833,169104
82.61502385139465,169104
82.61778950691223,169104
82.62054395675659,169104
82.62332153320312,169104
82.62608313560486,169104
82.62885785102844,169104
82.6316249370575,169104
82.63439583778381,169104
82.63716650009155,169104
82.63993573188782,169104
82.64271235466003,169104
82.6454770565033,169104
82.64824604988098,169104
82.65102362632751,169104
82.65379524230957,169104
82.6565535068512,169104
82.65931606292725,169104
82.66209554672241,169104
82.66485929489136,169104
82.66762590408325,169104
82.67039442062378,169104
82.67317605018616,169104
82.67595171928406,169104
82.6787338256836,169104
82.68149924278259,169104
82.68426275253296,169104
82.68702816963196,169104
82.68979287147522,169104
82.69256377220154,169104
82.69532990455627,169104
82.69809412956238,169104
82.70087480545044,169104
82.70363545417786,169104
82.70640110969543,169104
82.70917391777039,169104
82.71195149421692,169104
82.71471691131592,169104
82.71747946739197,169104
82.7202501296997,169104
82.72302794456482,169104
82.7257969379425,169104
82.72855496406555,169104
82.7313334941864,169104
82.73411083221436,169104
82.73689198493958,169104
82.73964881896973,169104
82.74242401123047,169104
82.74519419670105,169104
82.74797296524048,169104
82.75074458122253,169104
82.75350666046143,169104
82.75626873970032,169104
82.75904250144958,169104
82.76182079315186,169104
82.76457715034485,169104
82.76734042167664,169104
82.77011585235596,169104
82.77289199829102,169104
82.77565598487854,169104
82.77842140197754,169104
82.78120136260986,169104
82.78397130966187,169104
82.78674554824829,169104
82.78950214385986,169104
82.79227614402771,169104
82.79504132270813,169104
82.79780435562134,169104
82.80056858062744,169104
82.80335474014282,169104
82.80612468719482,169104
82.8088972568512,169104
82.81166934967041,169104
82.81443166732788,169104
82.81719517707825,169104
82.8199667930603,169104
82.82274866104126,169104
82.82551002502441,169104
82.82827877998352,169104
82.83105945587158,169104
82.83383798599243,169104
82.836599111557,169104
82.83936977386475,169104
82.8421540260315,169104
82.84492325782776,169104
82.84769010543823,169104
82.85046362876892,169104
82.8532452583313,169104
82.85601878166199,169104
82.85879302024841,169104
82.86155128479004,169104
82.86431503295898,169104
82.8670904636383,169104
82.86985802650452,169104
82.87262654304504,169104
82.87538933753967,169104
82.87815713882446,169104
82.88093876838684,169104
82.88370442390442,169104
82.88646912574768,169104
82.88923597335815,169104
82.89202237129211,169104
82.89479613304138,169104
82.89754724502563,169104
82.90031576156616,169104
82.90310382843018,169104
82.90587854385376,169104
82.90866780281067,169104
82.91144156455994,169104
82.91421604156494,169104
82.91698431968689,169104
82.91975784301758,169104
82.92252659797668,169104
82.92529129981995,169104
82.92805528640747,169104
82.93083763122559,169104
82.93359732627869,169104
82.93636918067932,169104
82.93914318084717,169104
82.94192552566528,169104
82.94468927383423,169104
82.94745564460754,169104
82.95022559165955,169104
82.95300722122192,169104
82.95577549934387,169104
82.95853996276855,169104
82.96132135391235,169104
82.96409678459167,169104
82.96686553955078,169104
82.9696273803711,169104
82.97239637374878,169104
82.97517156600952,169104
82.9779462814331,169104
82.98070979118347,169104
82.98349070549011,169104
82.98626255989075,169104
82.98903107643127,169104
82.9918122291565,169104
82.99457573890686,169104
82.99733638763428,169104
83.0001060962677,169104
83.00288796424866,169104
83.00564932823181,169104
83.00840735435486,169104
83.01118326187134,169104
83.01395654678345,169104
83.01672029495239,169104
83.01948046684265,169104
83.02225542068481,169104
83.02502679824829,169104
83.02779865264893,169104
83.03054857254028,169104
83.03332614898682,169104
83.03610038757324,169104
83.03886890411377,169104
83.04164218902588,169104
83.04441452026367,169104
83.047189950943,169104
83.04996395111084,169104
83.05274200439453,169104
83.05551147460938,169104
83.058278799057,169104
83.06105732917786,169104
83.06383085250854,169104
83.06659936904907,169104
83.0693609714508,169104
83.07213687896729,169104
83.07490801811218,169104
83.07766914367676,169104
83.08043885231018,169104
83.0832154750824,169104
83.08598613739014,169104
83.08875823020935,169104
83.09152889251709,169104
83.09429812431335,169104
83.0970675945282,169104
83.09984707832336,169104
83.10262131690979,169104
83.10538411140442,169104
83.10815262794495,169104
83.11093735694885,169104
83.11370301246643,169104
83.1164653301239,169104
83.1192376613617,169104
83.12202215194702,169104
83.12479853630066,169104
83.12756133079529,169104
83.13032793998718,169104
83.13311243057251,169104
83.13588523864746,169104
83.13865303993225,169104
83.14141988754272,169104
83.14418888092041,169104
83.14696002006531,169104
83.1497209072113,169104
83.15249729156494,169104
83.15526580810547,169104
83.15803551673889,169104
83.1608202457428,169104
83.1635844707489,169104
83.16635036468506,169104
83.1691198348999,169104
83.17189955711365,169104
83.17467045783997,169104
83.17743515968323,169104
83.18020701408386,169104
83.18298864364624,169104
83.1857647895813,169104
83.18852138519287,169104
83.19129776954651,169104
83.1940758228302,169104
83.1968412399292,169104
83.19961071014404,169104
83.202388048172,169104
83.20516014099121,169104
83.20792961120605,169104
83.21069240570068,169104
83.21347379684448,169104
83.21624374389648,169104
83.21900725364685,169104
83.22178936004639,169104
83.22454929351807,169104
83.22732019424438,169104
83.23009204864502,169104
83.23287224769592,169104
83.23563647270203,169104
83.23839378356934,169104
83.24117279052734,169104
83.24394726753235,169104
83.24671745300293,169104
83.24947261810303,169104
83.25225162506104,169104
83.25502371788025,169104
83.25779986381531,169104
83.26055812835693,169104
83.26332879066467,169104
83.26609802246094,169104
83.26887154579163,169104
83.27163767814636,169104
83.27439737319946,169104
83.27716946601868,169104
83.27993726730347,169104
83.28271245956421,169104
83.28548073768616,169104
83.28824734687805,169104
83.29103183746338,169104
83.29380059242249,169104
83.29655027389526,169104
83.29931712150574,169104
83.3021023273468,169104
83.30487370491028,169104
83.30762958526611,169104
83.31039595603943,169104
83.31318068504333,169104
83.31594729423523,169104
83.31871223449707,169104
83.32148337364197,169104
83.32425928115845,169104
83.32702541351318,169104
83.32979679107666,169104
83.33256459236145,169104
83.33533906936646,169104
83.33810758590698,169104
83.34089016914368,169104
83.34365653991699,169104
83.34642696380615,169104
83.34918856620789,169104
83.35196685791016,169104
83.35474705696106,169104
83.35751533508301,169104
83.36027812957764,169104
83.36305785179138,169104
83.36582922935486,169104
83.36860132217407,169104
83.37137770652771,169104
83.37414956092834,169104
83.37692427635193,169104
83.37968564033508,169104
83.38245940208435,169104
83.3852276802063,169104
83.38799595832825,169104
83.39077877998352,169104
83.3935387134552,169104
83.39630222320557,169104
83.39907574653625,169104
83.4018611907959,169104
83.40462517738342,169104
83.40739154815674,169104
83.41017127037048,169104
83.41295719146729,169104
83.41571593284607,169104
83.41848087310791,169104
83.42125678062439,169104
83.42402958869934,169104
83.42680072784424,169104
83.42955732345581,169104
83.4323320388794,169104
83.4350996017456,169104
83.43786907196045,169104
83.44063258171082,169104
83.44341135025024,169104
83.44617795944214,169104
83.44894027709961,169104
83.45171332359314,169104
83.4544780254364,169104
83.45724368095398,169104
83.46001672744751,169104
83.46280169487,169104
83.46556687355042,169104
83.46833562850952,169104
83.47111964225769,169104
83.47388958930969,169104
83.47665452957153,169104
83.47942066192627,169104
83.48220205307007,169104
83.4849705696106,169104
83.4877450466156,169104
83.49050951004028,169104
83.49329423904419,169104
83.49606895446777,169104
83.49883770942688,169104
83.50161409378052,169104
83.5043716430664,169104
83.50713968276978,169104
83.50990605354309,169104
83.5126838684082,169104
83.51545143127441,169104
83.51821851730347,169104
83.52099275588989,169104
83.5237717628479,169104
83.526531457901,169104
83.52929925918579,169104
83.53208494186401,169104
83.53485298156738,169104
83.53761863708496,169104
83.54038143157959,169104
83.54316020011902,169104
83.54592967033386,169104
83.5486900806427,169104
83.55145788192749,169104
83.55422878265381,169104
83.55700206756592,169104
83.55976915359497,169104
83.5625319480896,169104
83.56529879570007,169104
83.56807613372803,169104
83.57085490226746,169104
83.57362127304077,169104
83.5763885974884,169104
83.57915759086609,169104
83.58193802833557,169104
83.58469700813293,169104
83.58746433258057,169104
83.59023714065552,169104
83.59302067756653,169104
83.59579181671143,169104
83.59855031967163,169104
83.60132884979248,169104
83.60410356521606,169104
83.60687017440796,169104
83.60963654518127,169104
83.61241722106934,169104
83.61518216133118,169104
83.61795258522034,169104
83.62071251869202,169104
83.62349009513855,169104
83.62625503540039,169104
83.62902402877808,169104
83.63179540634155,169104
83.63455986976624,169104
83.6373176574707,169104
83.64008641242981,169104
83.64286541938782,169104
83.64563417434692,169104
83.64839029312134,169104
83.65117192268372,169104
83.65394234657288,169104
83.65670728683472,169104
83.65947270393372,169104
83.66225361824036,169104
83.66502213478088,169104
83.66779041290283,169104
83.67054677009583,169104
83.67332172393799,169104
83.6760880947113,169104
83.67886352539062,169104
83.68163681030273,169104
83.68440556526184,169104
83.68717408180237,169104
83.68994379043579,169104
83.69272041320801,169104
83.69547986984253,169104
83.69824481010437,169104
83.70103168487549,169104
83.70380067825317,169104
83.70656275749207,169104
83.70932674407959,169104
83.71210718154907,169104
83.71488046646118,169104
83.71763944625854,169104
83.72039890289307,169104
83.72318911552429,169104
83.72597169876099,169104
83.72873902320862,169104
83.73150944709778,169104
83.73428177833557,169104
83.73705077171326,169104
83.73982071876526,169104
83.74259543418884,169104
83.74536967277527,169104
83.74814438819885,169104
83.75092601776123,169104
83.75368928909302,169104
83.75645470619202,169104
83.75922107696533,169104
83.76200032234192,169104
83.76477217674255,169104
83.76753640174866,169104
83.77029609680176,169104
83.77308225631714,169104
83.77584314346313,169104
83.77860713005066,169104
83.78138184547424,169104
83.78415083885193,169104
83.78692483901978,169104
83.78969693183899,169104
83.79247307777405,169104
83.79524397850037,169104
83.79800987243652,169104
83.80079460144043,169104
83.80355286598206,169104
83.80631709098816,169104
83.80908417701721,169104
83.81186246871948,169104
83.81462144851685,169104
83.81738090515137,169104
83.82015347480774,169104
83.82293581962585,169104
83.8257007598877,169104
83.8284637928009,169104
83.83124446868896,169104
83.8340232372284,169104
83.83679509162903,169104
83.83955693244934,169104
83.84233403205872,169104
83.84511113166809,169104
83.84788012504578,169104
83.85064554214478,169104
83.85341882705688,169104
83.85618686676025,169104
83.85895013809204,169104
83.86171269416809,169104
83.86447739601135,169104
83.86724805831909,169104
83.87001705169678,169104
83.87280249595642,169104
83.87556099891663,169104
83.87832427024841,169104
83.88110136985779,169104
83.88387560844421,169104
83.8866331577301,169104
83.88939690589905,169104
83.89216947555542,169104
83.89493703842163,169104
83.89768958091736,169104
83.90045094490051,169104
83.90322709083557,169104
83.90599250793457,169104
83.908762216568,169104
83.91153359413147,169104
83.91429662704468,169104
83.91707062721252,169104
83.91983294487,169104
83.92260479927063,169104
83.92537713050842,169104
83.92815017700195,169104
83.93093824386597,169104
83.93370532989502,169104
83.93646693229675,169104
83.93922853469849,169104
83.94200563430786,169104
83.94477605819702,169104
83.94753170013428,169104
83.95029354095459,169104
83.95307636260986,169104
83.95584917068481,169104
83.95860719680786,169104
83.96138191223145,169104
83.96415424346924,169104
83.96693229675293,169104
83.96969103813171,169104
83.97246265411377,169104
83.97523045539856,169104
83.97800612449646,169104
83.98078155517578,169104
83.98354244232178,169104
83.98630905151367,169104
83.9890809059143,169104
83.99186682701111,169104
83.99462890625,169104
83.99738955497742,169104
84.00015830993652,169104
84.00294733047485,169104
84.00570559501648,169104
84.0084719657898,169104
84.01124882698059,169104
84.01401329040527,169104
84.01678371429443,169104
84.0195426940918,169104
84.02231979370117,169104
84.02508664131165,169104
84.0278549194336,169104
84.03061866760254,169104
84.03340172767639,169104
84.03616762161255,169104
84.0389347076416,169104
84.04171299934387,169104
84.04447841644287,169104
84.04724907875061,169104
84.05001950263977,169104
84.05279898643494,169104
84.05556130409241,169104
84.05832505226135,169104
84.0611047744751,169104
84.06387710571289,169104
84.06664609909058,169104
84.06940770149231,169104
84.0721845626831,169104
84.07495379447937,169104
84.07772183418274,169104
84.08048009872437,169104
84.08325457572937,169104
84.08603596687317,169104
84.08881044387817,169104
84.09158253669739,169104
84.0943489074707,169104
84.09711837768555,169104
84.09989213943481,169104
84.10266542434692,169104
84.10542845726013,169104
84.10819673538208,169104
84.11097884178162,169104
84.11374425888062,169104
84.11650323867798,169104
84.11926579475403,169104
84.12204146385193,169104
84.12480998039246,169104
84.12756896018982,169104
84.13033294677734,169104
84.13311743736267,169104
84.13588619232178,169104
84.13864207267761,169104
84.1414213180542,169104
84.14419484138489,169104
84.14696383476257,169104
84.14971923828125,169104
84.15248513221741,169104
84.1552505493164,169104
84.15801501274109,169104
84.16078901290894,169104
84.16355037689209,169104
84.16631746292114,169104
84.16909170150757,169104
84.1718692779541,169104
84.1746335029602,169104
84.1774034500122,169104
84.18016719818115,169104
84.182945728302,169104
84.18570566177368,169104
84.18846416473389,169104
84.19124293327332,169104
84.19401597976685,169104
84.1967887878418,169104
84.19954681396484,169104
84.2023196220398,169104
84.20509123802185,169104
84.20786309242249,169104
84.2106204032898,169104
84.21339297294617,169104
84.2161500453949,169104
84.21891140937805,169104
84.22167897224426,169104
84.22444581985474,169104
84.2272219657898,169104
84.22998237609863,169104
84.23276114463806,169104
84.23552536964417,169104
84.23828935623169,169104
84.24106788635254,169104
84.24383544921875,169104
84.24659085273743,169104
84.24935865402222,169104
84.25213932991028,169104
84.2549147605896,169104
84.25767374038696,169104
84.26043915748596,169104
84.26321649551392,169104
84.26598167419434,169104
84.26876044273376,169104
84.27152752876282,169104
84.27428960800171,169104
84.27705836296082,169104
84.27983379364014,169104
84.2825996875763,169104
84.28536868095398,169104
84.2881383895874,169104
84.2909185886383,169104
84.29368185997009,169104
84.2964391708374,169104
84.29920768737793,169104
84.30198955535889,169104
84.30475759506226,169104
84.30750823020935,169104
84.3102719783783,169104
84.31304836273193,169104
84.31582069396973,169104
84.31857013702393,169104
84.32134175300598,169104
84.32410788536072,169104
84.32687401771545,169104
84.32963800430298,169104
84.3324089050293,169104
84.33518052101135,169104
84.33795166015625,169104
84.34070873260498,169104
84.34348368644714,169104
84.34624648094177,169104
84.34899735450745,169104
84.35177850723267,169104
84.35453844070435,169104
84.35729694366455,169104
84.36006450653076,169104
84.36284017562866,169104
84.3656063079834,169104
84.36837077140808,169104
84.37114691734314,169104
84.37391471862793,169104
84.37667846679688,169104
84.37944006919861,169104
84.38221836090088,169104
84.38498997688293,169104
84.38775777816772,169104
84.39051079750061,169104
84.39328074455261,169104
84.39605379104614,169104
84.39882588386536,169104
84.40159153938293,169104
84.40435671806335,169104
84.40712666511536,169104
84.40989995002747,169104
84.41267323493958,169104
84.41543745994568,169104
84.41821050643921,169104
84.42098784446716,169104
84.4237596988678,169104
84.4265239238739,169104
84.42929339408875,169104
84.43206787109375,169104
84.43483281135559,169104
84.43758869171143,169104
84.44035315513611,169104
84.44313049316406,169104
84.44590187072754,169104
84.44866561889648,169104
84.45143938064575,169104
84.45421266555786,169104
84.45698165893555,169104
84.45974540710449,169104
84.46251583099365,169104
84.46528840065002,169104
84.46805095672607,169104
84.47082829475403,169104
84.47359299659729,169104
84.47636198997498,169104
84.47912526130676,169104
84.48190689086914,169104
84.48465538024902,169104
84.48742198944092,169104
84.49019598960876,169104
84.49297642707825,169104
84.49574398994446,169104
84.49850296974182,169104
84.50127148628235,169104
84.50404095649719,169104
84.50681471824646,169104
84.50957584381104,169104
84.51234579086304,169104
84.51511073112488,169104
84.51787328720093,169104
84.52063298225403,169104
84.52340340614319,169104
84.5261652469635,169104
84.5289351940155,169104
84.53171062469482,169104
84.5344774723053,169104
84.53723978996277,169104
84.5400071144104,169104
84.54278492927551,169104
84.54554343223572,169104
84.54830145835876,169104
84.55107808113098,169104
84.55384612083435,169104
84.55661916732788,169104
84.5593752861023,169104
84.56214737892151,169104
84.56491303443909,169104
84.56767201423645,169104
84.57043266296387,169104
84.57320523262024,169104
84.57597637176514,169104
84.5787410736084,169104
84.58150625228882,169104
84.58426833152771,169104
84.5870418548584,169104
84.58980393409729,169104
84.5925669670105,169104
84.59533095359802,169104
84.59810447692871,169104
84.60088801383972,169104
84.60363984107971,169104
84.60640358924866,169104
84.60917401313782,169104
84.61195778846741,169104
84.61471366882324,169104
84.61747407913208,169104
84.62023973464966,169104
84.62301707267761,169104
84.62577772140503,169104
84.6285355091095,169104
84.63131785392761,169104
84.63408255577087,169104
84.63685297966003,169104
84.63960695266724,169104
84.64238619804382,169104
84.64515829086304,169104
84.64793181419373,169104
84.6506941318512,169104
84.65347528457642,169104
84.6562442779541,169104
84.65900778770447,169104
84.66178631782532,169104
84.66454744338989,169104
84.66730284690857,169104
84.6700668334961,169104
84.67284846305847,169104
84.675616979599,169104
84.67837929725647,169104
84.68115639686584,169104
84.68393158912659,169104
84.68669605255127,169104
84.68946075439453,169104
84.69223642349243,169104
84.69500422477722,169104
84.69778156280518,169104
84.70054054260254,169104
84.70331716537476,169104
84.70609450340271,169104
84.70885920524597,169104
84.71162700653076,169104
84.71439266204834,169104
84.71716070175171,169104
84.7199342250824,169104
84.72270226478577,169104
84.72547221183777,169104
84.72823977470398,169104
84.73102068901062,169104
84.7337875366211,169104
84.73654556274414,169104
84.73931288719177,169104
84.7420871257782,169104
84.74486041069031,169104
84.74762630462646,169104
84.75039768218994,169104
84.753178358078,169104
84.75595736503601,169104
84.75871467590332,169104
84.76148009300232,169104
84.76425004005432,169104
84.76701331138611,169104
84.76977157592773,169104
84.77253413200378,169104
84.77530026435852,169104
84.77806949615479,169104
84.78085327148438,169104
84.78361177444458,169104
84.78637433052063,169104
84.78913688659668,169104
84.79190850257874,169104
84.79467225074768,169104
84.79742813110352,169104
84.80018877983093,169104
84.8029670715332,169104
84.8057370185852,169104
84.80850577354431,169104
84.81128430366516,169104
84.8140549659729,169104
84.81682801246643,169104
84.81959176063538,169104
84.82236504554749,169104
84.82513689994812,169104
84.82790923118591,169104
84.83066606521606,169104
84.83344793319702,169104
84.83621549606323,169104
84.83898591995239,169104
84.84176564216614,169104
84.84451818466187,169104
84.84727811813354,169104
84.85005021095276,169104
84.8528356552124,169104
84.85559368133545,169104
84.85836482048035,169104
84.86115384101868,169104
84.86392641067505,169104
84.86668539047241,169104
84.86944794654846,169104
84.87221956253052,169104
84.8749897480011,169104
84.87776327133179,169104
84.88052105903625,169104
84.88328695297241,169104
84.88605785369873,169104
84.88882303237915,169104
84.89158344268799,169104
84.89435172080994,169104
84.89711785316467,169104
84.89987993240356,169104
84.90265393257141,169104
84.90541958808899,169104
84.90818166732788,169104
84.91095995903015,169104
84.9137213230133,169104
84.91647553443909,169104
84.9192419052124,169104
84.92201948165894,169104
84.9247887134552,169104
84.92754054069519,169104
84.9303035736084,169104
84.93316292762756,169104
84.93592977523804,169104
84.93868947029114,169104
84.9414587020874,169104
84.94422364234924,169104
84.9469952583313,169104
84.94976615905762,169104
84.95253944396973,169104
84.95529794692993,169104
84.95806360244751,169104
84.96084475517273,169104
84.96360874176025,169104
84.96635842323303,169104
84.96912503242493,169104
84.97189831733704,169104
84.97466325759888,169104
84.97741746902466,169104
84.98018622398376,169104
84.9829614162445,169104
84.98571729660034,169104
84.98847985267639,169104
84.99125456809998,169104
84.9940185546875,169104
84.9967782497406,169104
84.99953126907349,169104
85.00230002403259,169104
85.00506806373596,169104
85.00783634185791,169104
85.01059079170227,169104
85.01337361335754,169104
85.01613211631775,169104
85.01890087127686,169104
85.0216612815857,169104
85.02443146705627,169104
85.02719473838806,169104
85.02996611595154,169104
85.03274273872375,169104
85.03549909591675,169104
85.03825259208679,169104
85.04103136062622,169104
85.04379534721375,169104
85.04655265808105,169104
85.04931044578552,169104
85.05208826065063,169104
85.05485343933105,169104
85.05761432647705,169104
85.06037712097168,169104
85.06315684318542,169104
85.06591987609863,169104
85.06867980957031,169104
85.07144665718079,169104
85.07421469688416,169104
85.07698154449463,169104
85.07974910736084,169104
85.08250856399536,169104
85.0852689743042,169104
85.08803653717041,169104
85.09081029891968,169104
85.09357285499573,169104
85.0963351726532,169104
85.09910941123962,169104
85.10189247131348,169104
85.10465359687805,169104
85.10741543769836,169104
85.11018705368042,169104
85.11296129226685,169104
85.11571455001831,169104
85.11847805976868,169104
85.12124967575073,169104
85.12402415275574,169104
85.126788854599,169104
85.12954092025757,169104
85.13231229782104,169104
85.13507962226868,169104
85.13785028457642,169104
85.1406102180481,169104
85.14338207244873,169104
85.14615082740784,169104
85.14892339706421,169104
85.1516969203949,169104
85.15445947647095,169104
85.15723085403442,169104
85.15999507904053,169104
85.16277718544006,169104
85.16553616523743,169104
85.1683030128479,169104
85.17108392715454,169104
85.17385053634644,169104
85.1766083240509,169104
85.17937350273132,169104
85.18214321136475,169104
85.18491268157959,169104
85.18767213821411,169104
85.1904354095459,169104
85.19320511817932,169104
85.19597673416138,169104
85.19874668121338,169104
85.20151257514954,169104
85.20427584648132,169104
85.2070460319519,169104
85.20981574058533,169104
85.21259307861328,169104
85.21535158157349,169104
85.21811819076538,169104
85.2208924293518,169104
85.22365927696228,169104
85.22641658782959,169104
85.22918200492859,169104
85.2319552898407,169104
85.23471236228943,169104
85.23747301101685,169104
85.24024081230164,169104
85.2430157661438,169104
85.2457845211029,169104
85.24854493141174,169104
85.25132012367249,169104
85.25407981872559,169104
85.25684833526611,169104
85.2596116065979,169104
85.2623860836029,169104
85.2651515007019,169104
85.26792788505554,169104
85.27069425582886,169104
85.27347302436829,169104
85.27623248100281,169104
85.27900099754333,169104
85.2817702293396,169104
85.28453350067139,169104
85.28729462623596,169104
85.29007053375244,169104
85.29284644126892,169104
85.29561018943787,169104
85.29837131500244,169104
85.30115270614624,169104
85.3039231300354,169104
85.30668354034424,169104
85.30944204330444,169104
85.31222295761108,169104
85.31498956680298,169104
85.31776094436646,169104
85.32051515579224,169104
85.32329297065735,169104
85.32605981826782,169104
85.32882833480835,169104
85.33158898353577,169104
85.33434867858887,169104
85.33712458610535,169104
85.33989977836609,169104
85.3426742553711,169104
85.34544229507446,169104
85.34820795059204,169104
85.35098600387573,169104
85.35375809669495,169104
85.356520652771,169104
85.35928583145142,169104
85.36206603050232,169104
85.3648293018341,169104
85.36759209632874,169104
85.37035512924194,169104
85.37314200401306,169104
85.37591075897217,169104
85.3786792755127,169104
85.38144612312317,169104
85.3842236995697,169104
85.38698863983154,169104
85.38976120948792,169104
85.39252305030823,169104
85.39528703689575,169104
85.39805889129639,169104
85.40083885192871,169104
85.40360260009766,169104
85.40636610984802,169104
85.40913319587708,169104
85.41192150115967,169104
85.41468787193298,169104
85.41745591163635,169104
85.42022228240967,169104
85.42300391197205,169104
85.42577242851257,169104
85.42853689193726,169104
85.43130660057068,169104
85.43407034873962,169104
85.43683648109436,169104
85.43960165977478,169104
85.44237685203552,169104
85.44515037536621,169104
85.44792008399963,169104
85.45067930221558,169104
85.45345091819763,169104
85.45622324943542,169104
85.45899176597595,169104
85.46177434921265,169104
85.4645357131958,169104
85.46730923652649,169104
85.47008085250854,169104
85.47286915779114,169104
85.47563195228577,169104
85.47839283943176,169104
85.48117423057556,169104
85.48394846916199,169104
85.48670387268066,169104
85.48947143554688,169104
85.4922468662262,169104
85.49502372741699,169104
85.49779438972473,169104
85.50054407119751,169104
85.50332188606262,169104
85.50608396530151,169104
85.50884819030762,169104
85.51162099838257,169104
85.51438331604004,169104
85.51715517044067,169104
85.5199191570282,169104
85.52269077301025,169104
85.52545499801636,169104
85.52822303771973,169104
85.531005859375,169104
85.53377318382263,169104
85.53652453422546,169104
85.53928685188293,169104
85.54206323623657,169104
85.5448350906372,169104
85.54759478569031,169104
85.55036306381226,169104
85.55314636230469,169104
85.55591940879822,169104
85.55867576599121,169104
85.5614447593689,169104
85.56422567367554,169104
85.56699562072754,169104
85.56976222991943,169104
85.57253050804138,169104
85.57529091835022,169104
85.57806706428528,169104
85.58084201812744,169104
85.58360552787781,169104
85.58637261390686,169104
85.58913588523865,169104
85.59191584587097,169104
85.59468126296997,169104
85.59743642807007,169104
85.60021328926086,169104
85.60299038887024,169104
85.60576701164246,169104
85.60852384567261,169104
85.61130118370056,169104
85.6140718460083,169104
85.61684823036194,169104
85.6196117401123,169104
85.62238788604736,169104
85.62515234947205,169104
85.62792181968689,169104
85.63067507743835,169104
85.63345265388489,169104
85.63621926307678,169104
85.63898968696594,169104
85.64176654815674,169104
85.64453053474426,169104
85.64729595184326,169104
85.65007615089417,169104
85.6528570652008,169104
85.6556224822998,169104
85.65837979316711,169104
85.66115713119507,169104
85.6639256477356,169104
85.66668891906738,169104
85.66945934295654,169104
85.67223358154297,169104
85.67500257492065,169104
85.6777732372284,169104
85.68053317070007,169104
85.68330836296082,169104
85.68607902526855,169104
85.68884301185608,169104
85.69161009788513,169104
85.69437551498413,169104
85.69714498519897,169104
85.69990754127502,169104
85.7026801109314,169104
85.70544338226318,169104
85.7082085609436,169104
85.71098184585571,169104
85.71374797821045,169104
85.71651315689087,169104
85.71928262710571,169104
85.72206139564514,169104
85.72483015060425,169104
85.72759127616882,169104
85.73035383224487,169104
85.73313593864441,169104
85.73590159416199,169104
85.73865985870361,169104
85.74142575263977,169104
85.74418807029724,169104
85.74695587158203,169104
85.74972009658813,169104
85.75248765945435,169104
85.75525760650635,169104
85.75802278518677,169104
85.7608094215393,169104
85.76356053352356,169104
85.76632618904114,169104
85.76909828186035,169104
85.77188372612,169104
85.77464365959167,169104
85.77740788459778,169104
85.78018093109131,169104
85.78295993804932,169104
85.78572630882263,169104
85.78850650787354,169104
85.79128885269165,169104
85.79405927658081,169104
85.7968282699585,169104
85.79959416389465,169104
85.8023681640625,169104
85.80513596534729,169104
85.8079023361206,169104
85.81066846847534,169104
85.81344199180603,169104
85.81620812416077,169104
85.81897830963135,169104
85.82176446914673,169104
85.82452416419983,169104
85.82729148864746,169104
85.83005619049072,169104
85.83284664154053,169104
85.83560514450073,169104
85.83836722373962,169104
85.84113574028015,169104
85.8439040184021,169104
85.84666132926941,169104
85.84942579269409,169104
85.85220766067505,169104
85.85497713088989,169104
85.85774779319763,169104
85.86050820350647,169104
85.86328411102295,169104
85.86605143547058,169104
85.86881685256958,169104
85.87158918380737,169104
85.87435293197632,169104
85.87712383270264,169104
85.87990283966064,169104
85.88267731666565,169104
85.88544082641602,169104
85.88820433616638,169104
85.89098501205444,169104
85.89376258850098,169104
85.89652109146118,169104
85.89928603172302,169104
85.90207290649414,169104
85.90485191345215,169104
85.90761423110962,169104
85.91039061546326,169104
85.91317677497864,169104
85.91595435142517,169104
85.91871619224548,169104
85.9214916229248,169104
85.92426180839539,169104
85.92703342437744,169104
85.92979216575623,169104
85.93256330490112,169104
85.9353244304657,169104
85.9380955696106,169104
85.94086861610413,169104
85.94364023208618,169104
85.9464054107666,169104
85.9491753578186,169104
85.95195817947388,169104
85.95472311973572,169104
85.95748901367188,169104
85.96025824546814,169104
85.96305108070374,169104
85.96581101417542,169104
85.96857953071594,169104
85.97135591506958,169104
85.97412157058716,169104
85.97689247131348,169104
85.97965121269226,169104
85.98241949081421,169104
85.98517966270447,169104
85.9879469871521,169104
85.99070882797241,169104
85.9934823513031,169104
85.99624562263489,169104
85.99900889396667,169104
86.00179243087769,169104
86.00456261634827,169104
86.00732684135437,169104
86.01010155677795,169104
86.01288628578186,169104
86.01565074920654,169104
86.01840496063232,169104
86.0211889743805,169104
86.02396249771118,169104
86.02673125267029,169104
86.02949333190918,169104
86.03227233886719,169104
86.03504037857056,169104
86.03781390190125,169104
86.04057002067566,169104
86.04334807395935,169104
86.04611778259277,169104
86.04888319969177,169104
86.05164790153503,169104
86.05441570281982,169104
86.05718350410461,169104
86.05995082855225,169104
86.06271958351135,169104
86.0654788017273,169104
86.06824493408203,169104
86.07102489471436,169104
86.0737988948822,169104
86.07655715942383,169104
86.07931661605835,169104
86.08209228515625,169104
86.08485460281372,169104
86.08760714530945,169104
86.09036421775818,169104
86.09315514564514,169104
86.0959255695343,169104
86.09868788719177,169104
86.10145950317383,169104
86.10422968864441,169104
86.10699677467346,169104
86.10976910591125,169104
86.11253523826599,169104
86.11529088020325,169104
86.11805272102356,169104
86.12083077430725,169104
86.12358593940735,169104
86.12635207176208,169104
86.12911939620972,169104
86.13189888000488,169104
86.13466024398804,169104
86.13742184638977,169104
86.14017939567566,169104
86.14295887947083,169104
86.14571332931519,169104
86.14848518371582,169104
86.15126085281372,169104
86.15403580665588,169104
86.15680742263794,169104
86.15957617759705,169104
86.16235208511353,169104
86.16511940956116,169104
86.16788101196289,169104
86.17063736915588,169104
86.17341113090515,169104
86.17617988586426,169104
86.17894792556763,169104
86.18172001838684,169104
86.18447875976562,169104
86.18724632263184,169104
86.19001650810242,169104
86.19280219078064,169104
86.19555354118347,169104
86.19831728935242,169104
86.20110082626343,169104
86.2038779258728,169104
86.20663714408875,169104
86.20940470695496,169104
86.21218061447144,169104
86.2149486541748,169104
86.21770906448364,169104
86.22046542167664,169104
86.2232415676117,169104
86.22601509094238,169104
86.22877955436707,169104
86.2315514087677,169104
86.23431324958801,169104
86.23708462715149,169104
86.23984909057617,169104
86.24261999130249,169104
86.24538922309875,169104
86.24816083908081,169104
86.25093841552734,169104
86.2537055015564,169104
86.2564754486084,169104
86.25924849510193,169104
86.26202249526978,169104
86.26479816436768,169104
86.26755118370056,169104
86.2703070640564,169104
86.27308988571167,169104
86.27585697174072,169104
86.27861213684082,169104
86.28138661384583,169104
86.28414964675903,169104
86.28692364692688,169104
86.28968238830566,169104
86.29245615005493,169104
86.29522132873535,169104
86.29799103736877,169104
86.30076813697815,169104
86.30353808403015,169104
86.30629420280457,169104
86.30906248092651,169104
86.31184458732605,169104
86.31461238861084,169104
86.31736707687378,169104
86.32012867927551,169104
86.32290530204773,169104
86.32567095756531,169104
86.32842922210693,169104
86.33120131492615,169104
86.33396673202515,169104
86.33673429489136,169104
86.33948564529419,169104
86.3422691822052,169104
86.34503602981567,169104
86.34781265258789,169104
86.35057044029236,169104
86.35333943367004,169104
86.35611152648926,169104
86.35888433456421,169104
86.36165738105774,169104
86.36442542076111,169104
86.3672034740448,169104
86.36997365951538,169104
86.37276005744934,169104
86.3755235671997,169104
86.37827968597412,169104
86.3810613155365,169104
86.38382840156555,169104
86.38659381866455,169104
86.38936161994934,169104
86.39213967323303,169104
86.39490222930908,169104
86.39766430854797,169104
86.40041756629944,169104
86.40320563316345,169104
86.40597677230835,169104
86.40875935554504,169104
86.41152930259705,169104
86.41429686546326,169104
86.41706705093384,169104
86.41983675956726,169104
86.42260837554932,169104
86.42537879943848,169104
86.42814350128174,169104
86.4309241771698,169104
86.43368411064148,169104
86.43644213676453,169104
86.43920922279358,169104
86.44199538230896,169104
86.4447591304779,169104
86.447514295578,169104
86.45027613639832,169104
86.4530520439148,169104
86.45581555366516,169104
86.45857524871826,169104
86.4613447189331,169104
86.46411061286926,169104
86.46688079833984,169104
86.46963691711426,169104
86.47241234779358,169104
86.47518491744995,169104
86.47795104980469,169104
86.48070955276489,169104
86.48347306251526,169104
86.48624897003174,169104
86.48902082443237,169104
86.49180603027344,169104
86.49456524848938,169104
86.49733448028564,169104
86.50009822845459,169104
86.50287318229675,169104
86.50563383102417,169104
86.50839734077454,169104
86.51117467880249,169104
86.51394891738892,169104
86.5167133808136,169104
86.51947808265686,169104
86.52225828170776,169104
86.52502369880676,169104
86.52778935432434,169104
86.53054356575012,169104
86.53332161903381,169104
86.53609490394592,169104
86.53885841369629,169104
86.54163384437561,169104
86.54440021514893,169104
86.54716277122498,169104
86.54993152618408,169104
86.55270290374756,169104
86.55547213554382,169104
86.55823540687561,169104
86.56100726127625,169104
86.56377601623535,169104
86.5665328502655,169104
86.56930088996887,169104
86.57207989692688,169104
86.57484889030457,169104
86.57760882377625,169104
86.58037161827087,169104
86.58315205574036,169104
86.58592772483826,169104
86.5886960029602,169104
86.59147667884827,169104
86.59423494338989,169104
86.59700131416321,169104
86.59977149963379,169104
86.60253882408142,169104
86.60530066490173,169104
86.60806894302368,169104
86.61084532737732,169104
86.61360168457031,169104
86.61635732650757,169104
86.61912870407104,169104
86.62190437316895,169104
86.6246657371521,169104
86.62743258476257,169104
86.63019680976868,169104
86.63296890258789,169104
86.63573670387268,169104
86.63849806785583,169104
86.64127230644226,169104
86.64403796195984,169104
86.64680528640747,169104
86.64955687522888,169104
86.65232467651367,169104
86.65508985519409,169104
86.65786123275757,169104
86.66062235832214,169104
86.66340065002441,169104
86.66616678237915,169104
86.6689383983612,169104
86.671710729599,169104
86.67447137832642,169104
86.6772301197052,169104
86.68000173568726,169104
86.68277931213379,169104
86.68553924560547,169104
86.68830633163452,169104
86.69107937812805,169104
86.69384932518005,169104
86.6966118812561,169104
86.6993772983551,169104
86.70215439796448,169104
86.70492124557495,169104
86.70768547058105,169104
86.7104480266571,169104
86.71323227882385,169104
86.71599555015564,169104
86.71876573562622,169104
86.72153377532959,169104
86.72429895401001,169104
86.72706532478333,169104
86.72983455657959,169104
86.73262476921082,169104
86.73538208007812,169104
86.73814964294434,169104
86.74093413352966,169104
86.74369239807129,169104
86.74645662307739,169104
86.74922823905945,169104
86.7520055770874,169104
86.75477290153503,169104
86.75753283500671,169104
86.76029014587402,169104
86.76306772232056,169104
86.76584029197693,169104
86.76859736442566,169104
86.77137398719788,169104
86.77414226531982,169104
86.7769079208374,169104
86.77966642379761,169104
86.78243398666382,169104
86.78520011901855,169104
86.7879798412323,169104
86.79075360298157,169104
86.79350423812866,169104
86.79627346992493,169104
86.79904365539551,169104
86.80182790756226,169104
86.80458521842957,169104
86.80735111236572,169104
86.81011605262756,169104
86.81289744377136,169104
86.81565546989441,169104
86.81841659545898,169104
86.82119560241699,169104
86.8239676952362,169104
86.82672429084778,169104
86.82949113845825,169104
86.83226537704468,169104
86.83503317832947,169104
86.83779740333557,169104
86.84055614471436,169104
86.8433256149292,169104
86.8460922241211,169104
86.84886336326599,169104
86.851633310318,169104
86.85438776016235,169104
86.85716438293457,169104
86.85993075370789,169104
86.86269998550415,169104
86.86546540260315,169104
86.86823916435242,169104
86.87101435661316,169104
86.87378668785095,169104
86.87654232978821,169104
86.87930798530579,169104
86.88208389282227,169104
86.88485503196716,169104
86.88761591911316,169104
86.89037036895752,169104
86.89314723014832,169104
86.8959264755249,169104
86.89869260787964,169104
86.90146732330322,169104
86.90423130989075,169104
86.90702724456787,169104
86.90980005264282,169104
86.91257047653198,169104
86.91533374786377,169104
86.91811394691467,169104
86.92088961601257,169104
86.923668384552,169104
86.92643523216248,169104
86.92920303344727,169104
86.93198990821838,169104
86.93476819992065,169104
86.9375262260437,169104
86.94029021263123,169104
86.94307398796082,169104
86.94584226608276,169104
86.94859910011292,169104
86.95138025283813,169104
86.95414710044861,169104
86.95691585540771,169104
86.95967888832092,169104
86.96246027946472,169104
86.9652247428894,169104
86.96800398826599,169104
86.97078037261963,169104
86.97354245185852,169104
86.97630167007446,169104
86.97906804084778,169104
86.98185133934021,169104
86.98461675643921,169104
86.98738765716553,169104
86.99015688896179,169104
86.99293255805969,169104
86.99569511413574,169104
86.99846076965332,169104
87.00124478340149,169104
87.00401401519775,169104
87.00677824020386,169104
87.00953841209412,169104
87.01232433319092,169104
87.01509642601013,169104
87.01787185668945,169104
87.02062940597534,169104
87.02340650558472,169104
87.02617239952087,169104
87.0289454460144,169104
87.03171420097351,169104
87.03447532653809,169104
87.03723621368408,169104
87.04000306129456,169104
87.04277849197388,169104
87.04553651809692,169104
87.04829239845276,169104
87.05108594894409,169104
87.05385851860046,169104
87.05662703514099,169104
87.05939173698425,169104
87.06217432022095,169104
87.06493949890137,169104
87.06769800186157,169104
87.0704596042633,169104
87.07324433326721,169104
87.07601141929626,169104
87.07878351211548,169104
87.0815498828888,169104
87.08431911468506,169104
87.08708715438843,169104
87.08985424041748,169104
87.09262990951538,169104
87.09538459777832,169104
87.0981547832489,169104
87.10093450546265,169104
87.10369563102722,169104
87.10645508766174,169104
87.1092164516449,169104
87.11199450492859,169104
87.11476492881775,169104
87.11752367019653,169104
87.12028455734253,169104
87.12306571006775,169104
87.12583327293396,169104
87.12858700752258,169104
87.1313624382019,169104
87.13413310050964,169104
87.13690042495728,169104
87.1396586894989,169104
87.14242196083069,169104
87.14518547058105,169104
87.14795279502869,169104
87.1507134437561,169104
87.1534833908081,169104
87.15624952316284,169104
87.15901446342468,169104
87.1617968082428,169104
87.16454577445984,169104
87.16731333732605,169104
87.17007684707642,169104
87.17285299301147,169104
87.17561459541321,169104
87.17837381362915,169104
87.18115139007568,169104
87.1839234828949,169104
87.18668532371521,169104
87.1894519329071,169104
87.19223403930664,169104
87.19500303268433,169104
87.19776368141174,169104
87.20052671432495,169104
87.20329427719116,169104
87.20605778694153,169104
87.20881915092468,169104
87.21159219741821,169104
87.21435713768005,169104
87.21712803840637,169104
87.21990323066711,169104
87.22267818450928,169104
87.22543668746948,169104
87.22819828987122,169104
87.23097229003906,169104
87.23374342918396,169104
87.23650074005127,169104
87.23927187919617,169104
87.24205040931702,169104
87.24482536315918,169104
87.24758768081665,169104
87.25035238265991,169104
87.25312185287476,169104
87.25589060783386,169104
87.25864815711975,169104
87.26143169403076,169104
87.2641954421997,169104
87.26697421073914,169104
87.2697365283966,169104
87.27251148223877,169104
87.2752845287323,169104
87.27805399894714,169104
87.28083729743958,169104
87.28359794616699,169104
87.28636288642883,169104
87.2891275882721,169104
87.29190444946289,169104
87.29466581344604,169104
87.29743266105652,169104
87.30020260810852,169104
87.302983045578,169104
87.3057472705841,169104
87.30850625038147,169104
87.31128191947937,169104
87.31405591964722,169104
87.31682181358337,169104
87.31958079338074,169104
87.32235884666443,169104
87.32512092590332,169104
87.32788968086243,169104
87.33065104484558,169104
87.33342790603638,169104
87.33619379997253,169104
87.33896160125732,169104
87.3417329788208,169104
87.34449195861816,169104
87.34725952148438,169104
87.3500337600708,169104
87.35280656814575,169104
87.35556626319885,169104
87.35832118988037,169104
87.36109924316406,169104
87.36387419700623,169104
87.36663699150085,169104
87.36939740180969,169104
87.37217879295349,169104
87.37494421005249,169104
87.37770223617554,169104
87.38046550750732,169104
87.3832471370697,169104
87.38601970672607,169104
87.38879013061523,169104
87.39154744148254,169104
87.39431095123291,169104
87.39707779884338,169104
87.39985013008118,169104
87.40261673927307,169104
87.40538144111633,169104
87.40815114974976,169104
87.41092824935913,169104
87.4136893749237,169104
87.41645884513855,169104
87.41922450065613,169104
87.42200326919556,169104
87.42477464675903,169104
87.42753744125366,169104
87.43030595779419,169104
87.4330894947052,169104
87.43586492538452,169104
87.4386293888092,169104
87.44140625,169104
87.44417929649353,169104
87.446950674057,169104
87.44971442222595,169104
87.45248317718506,169104
87.4552538394928,169104
87.45801782608032,169104
87.46079182624817,169104
87.4635534286499,169104
87.46632218360901,169104
87.46909236907959,169104
87.47187399864197,169104
87.47463631629944,169104
87.4773941040039,169104
87.48015999794006,169104
87.48294377326965,169104
87.48569917678833,169104
87.48845863342285,169104
87.49124073982239,169104
87.49401378631592,169104
87.49677801132202,169104
87.49953484535217,169104
87.50231432914734,169104
87.50508499145508,169104
87.50785374641418,169104
87.51061534881592,169104
87.51339197158813,169104
87.51616644859314,169104
87.51893544197083,169104
87.52171492576599,169104
87.52447485923767,169104
87.52723431587219,169104
87.52999925613403,169104
87.53278422355652,169104
87.53554153442383,169104
87.5383038520813,169104
87.54108262062073,169104
87.543860912323,169104
87.54661631584167,169104
87.54938554763794,169104
87.55216097831726,169104
87.55493211746216,169104
87.55769538879395,169104
87.56046199798584,169104
87.5632336139679,169104
87.56601071357727,169104
87.56877708435059,169104
87.57154202461243,169104
87.57430505752563,169104
87.57707357406616,169104
87.57983899116516,169104
87.5826187133789,169104
87.58537554740906,169104
87.58814764022827,169104
87.5909218788147,169104
87.59368252754211,169104
87.59644532203674,169104
87.5992226600647,169104
87.6019959449768,169104
87.60477089881897,169104
87.60752749443054,169104
87.61028981208801,169104
87.61307096481323,169104
87.61584162712097,169104
87.61859774589539,169104
87.62137055397034,169104
87.62413191795349,169104
87.62689995765686,169104
87.62966275215149,169104
87.6324360370636,169104
87.63520288467407,169104
87.63796997070312,169104
87.64071869850159,169104
87.64349341392517,169104
87.64624857902527,169104
87.64902091026306,169104
87.6517972946167,169104
87.65455317497253,169104
87.65731573104858,169104
87.660085439682,169104
87.66286110877991,169104
87.6656277179718,169104
87.66838145256042,169104
87.67116332054138,169104
87.67393040657043,169104
87.67669439315796,169104
87.67945623397827,169104
87.68223834037781,169104
87.68500208854675,169104
87.68777680397034,169104
87.6905288696289,169104
87.6933069229126,169104
87.69608044624329,169104
87.6988525390625,169104
87.70162320137024,169104
87.70439386367798,169104
87.70715570449829,169104
87.7099232673645,169104
87.71269178390503,169104
87.71545767784119,169104
87.71822357177734,169104
87.72101187705994,169104
87.7237811088562,169104
87.7265453338623,169104
87.72930860519409,169104
87.73209166526794,169104
87.73486375808716,169104
87.73762273788452,169104
87.7403826713562,169104
87.743159532547,169104
87.74592924118042,169104
87.74869728088379,169104
87.75146508216858,169104
87.75423216819763,169104
87.757004737854,169104
87.75977945327759,169104
87.76255011558533,169104
87.76531982421875,169104
87.76809191703796,169104
87.77087378501892,169104
87.7736394405365,169104
87.77640199661255,169104
87.77917170524597,169104
87.78196167945862,169104
87.7847261428833,169104
87.78749370574951,169104
87.79025197029114,169104
87.7930326461792,169104
87.79580545425415,169104
87.79857158660889,169104
87.80134725570679,169104
87.80411720275879,169104
87.80688858032227,169104
87.809650182724,169104
87.81241822242737,169104
87.8151957988739,169104
87.81796455383301,169104
87.82074642181396,169104
87.82350730895996,169104
87.8262677192688,169104
87.82903957366943,169104
87.83182644844055,169104
87.83459496498108,169104
87.83735871315002,169104
87.84012460708618,169104
87.84291577339172,169104
87.84567832946777,169104
87.84844732284546,169104
87.8512351512909,169104
87.85400938987732,169104
87.85678482055664,169104
87.85954523086548,169104
87.86231875419617,169104
87.86509943008423,169104
87.8678662776947,169104
87.87063336372375,169104
87.8734040260315,169104
87.8761727809906,169104
87.87894701957703,169104
87.88171887397766,169104
87.88447999954224,169104
87.88724994659424,169104
87.89001131057739,169104
87.89279460906982,169104
87.89555168151855,169104
87.89831638336182,169104
87.90109729766846,169104
87.9038724899292,169104
87.90663576126099,169104
87.9094009399414,169104
87.91216993331909,169104
87.9149432182312,169104
87.91770768165588,169104
87.92047882080078,169104
87.92325592041016,169104
87.92602682113647,169104
87.92879271507263,169104
87.9315595626831,169104
87.93432807922363,169104
87.9371030330658,169104
87.939870595932,169104
87.94264602661133,169104
87.94540977478027,169104
87.94819188117981,169104
87.95096969604492,169104
87.95374131202698,169104
87.95649862289429,169104
87.95927095413208,169104
87.9620475769043,169104
87.96482229232788,169104
87.96758556365967,169104
87.97035336494446,169104
87.97312307357788,169104
87.97589659690857,169104
87.97865700721741,169104
87.98143696784973,169104
87.98419857025146,169104
87.98697423934937,169104
87.98973822593689,169104
87.99250602722168,169104
87.99526357650757,169104
87.99804830551147,169104
88.00083088874817,169104
88.00360012054443,169104
88.00636339187622,169104
88.00912642478943,169104
88.01190280914307,169104
88.0146734714508,169104
88.01743292808533,169104
88.02020263671875,169104
88.02298021316528,169104
88.02574467658997,169104
88.02850437164307,169104
88.03128814697266,169104
88.03405928611755,169104
88.03683352470398,169104
88.03959774971008,169104
88.04237246513367,169104
88.04514694213867,169104
88.04792428016663,169104
88.05068230628967,169104
88.05346369743347,169104
88.05623459815979,169104
88.05900645256042,169104
88.06177854537964,169104
88.06454491615295,169104
88.06730699539185,169104
88.07008194923401,169104
88.07286477088928,169104
88.07562828063965,169104
88.07839441299438,169104
88.08117437362671,169104
88.08394455909729,169104
88.0867109298706,169104
88.08947229385376,169104
88.09225010871887,169104
88.0950219631195,169104
88.0978000164032,169104
88.10056400299072,169104
88.10334062576294,169104
88.10610604286194,169104
88.10887670516968,169104
88.1116464138031,169104
88.11441707611084,169104
88.11718201637268,169104
88.11995387077332,169104
88.12271785736084,169104
88.12548303604126,169104
88.12825107574463,169104
88.13103652000427,169104
88.13379669189453,169104
88.13655591011047,169104
88.13931035995483,169104
88.14209222793579,169104
88.14486336708069,169104
88.14762449264526,169104
88.15038847923279,169104
88.15316843986511,169104
88.15593338012695,169104
88.15869784355164,169104
88.16147136688232,169104
88.16424345970154,169104
88.16701340675354,169104
88.16978669166565,169104
88.17255115509033,169104
88.17531871795654,169104
88.17808747291565,169104
88.18087077140808,169104
88.1836404800415,169104
88.18640613555908,169104
88.18917465209961,169104
88.19195485115051,169104
88.19471311569214,169104
88.19747519493103,169104
88.20024561882019,169104
88.20302295684814,169104
88.2057957649231,169104
88.20855903625488,169104
88.21134090423584,169104
88.2141125202179,169104
88.21688461303711,169104
88.21964192390442,169104
88.22241377830505,169104
88.22517466545105,169104
88.22794580459595,169104
88.23071336746216,169104
88.2334816455841,169104
88.23624873161316,169104
88.23901152610779,169104
88.24179077148438,169104
88.24454689025879,169104
88.24731254577637,169104
88.25007724761963,169104
88.25286149978638,169104
88.25562167167664,169104
88.25838685035706,169104
88.26116228103638,169104
88.26393675804138,169104
88.26669883728027,169104
88.26946234703064,169104
88.27223491668701,169104
88.27500510215759,169104
88.27777171134949,169104
88.28053569793701,169104
88.28330206871033,169104
88.28607058525085,169104
88.28882908821106,169104
88.29159951210022,169104
88.29437112808228,169104
88.29714918136597,169104
88.29991412162781,169104
88.3026807308197,169104
88.30544257164001,169104
88.3082058429718,169104
88.31098532676697,169104
88.31376314163208,169104
88.31651949882507,169104
88.31927943229675,169104
88.32205748558044,169104
88.3248279094696,169104
88.32758951187134,169104
88.3303530216217,169104
88.33313202857971,169104
88.3359055519104,169104
88.33866834640503,169104
88.34144067764282,169104
88.34420537948608,169104
88.34696960449219,169104
88.34972143173218,169104
88.35248875617981,169104
88.35525393486023,169104
88.35803174972534,169104
88.36081290245056,169104
88.36358523368835,169104
88.36635255813599,169104
88.36912894248962,169104
88.37191104888916,169104
88.37467885017395,169104
88.37744188308716,169104
88.38021087646484,169104
88.3829882144928,169104
88.38575673103333,169104
88.38851022720337,169104
88.39128232002258,169104
88.3940486907959,169104
88.39681887626648,169104
88.39957118034363,169104
88.40234923362732,169104
88.40511798858643,169104
88.4078893661499,169104
88.41064453125,169104
88.41342854499817,169104
88.41619110107422,169104
88.41896080970764,169104
88.42173600196838,169104
88.4244978427887,169104
88.42726802825928,169104
88.43003582954407,169104
88.43281817436218,169104
88.43558168411255,169104
88.43833684921265,169104
88.44111967086792,169104
88.44388151168823,169104
88.44664525985718,169104
88.44940710067749,169104
88.45218420028687,169104
88.45496106147766,169104
88.4577214717865,169104
88.46047616004944,169104
88.46325778961182,169104
88.46602392196655,169104
88.46879434585571,169104
88.47156047821045,169104
88.47432732582092,169104
88.47709798812866,169104
88.47987294197083,169104
88.48263812065125,169104
88.48540019989014,169104
88.48816323280334,169104
88.49094080924988,169104
88.49370384216309,169104
88.49647068977356,169104
88.49923896789551,169104
88.50201272964478,169104
88.5047836303711,169104
88.5075433254242,169104
88.51031041145325,169104
88.51310539245605,169104
88.515878200531,169104
88.51865029335022,169104
88.5214262008667,169104
88.52419233322144,169104
88.52696299552917,169104
88.5297224521637,169104
88.53248977661133,169104
88.53525972366333,169104
88.53802537918091,169104
88.54080390930176,169104
88.54356145858765,169104
88.54632639884949,169104
88.54908919334412,169104
88.55187392234802,169104
88.55463409423828,169104
88.5574038028717,169104
88.56017470359802,169104
88.56296563148499,169104
88.56573486328125,169104
88.56849908828735,169104
88.57127070426941,169104
88.57404351234436,169104
88.57680368423462,169104
88.57956790924072,169104
88.58234310150146,169104
88.58511519432068,169104
88.58788347244263,169104
88.59064841270447,169104
88.5934202671051,169104
88.59619092941284,169104
88.59896349906921,169104
88.60174202919006,169104
88.60450005531311,169104
88.60726976394653,169104
88.61004376411438,169104
88.6128318309784,169104
88.61558794975281,169104
88.61835217475891,169104
88.62112164497375,169104
88.62390232086182,169104
88.62666296958923,169104
88.62943696975708,169104
88.63221573829651,169104
88.63498759269714,169104
88.63774824142456,169104
88.64050769805908,169104
88.64327692985535,169104
88.64605379104614,169104
88.64882040023804,169104
88.65159058570862,169104
88.65434908866882,169104
88.65711832046509,169104
88.65989089012146,169104
88.66267609596252,169104
88.66543078422546,169104
88.6682026386261,169104
88.67097783088684,169104
88.67375302314758,169104
88.6765067577362,169104
88.67928171157837,169104
88.68205547332764,169104
88.68483328819275,169104
88.6875913143158,169104
88.69035577774048,169104
88.69313311576843,169104
88.69590353965759,169104
88.6986632347107,169104
88.70143938064575,169104
88.70420289039612,169104
88.70697283744812,169104
88.70973920822144,169104
88.71251368522644,169104
88.71527671813965,169104
88.71804594993591,169104
88.72082328796387,169104
88.72358679771423,169104
88.72635078430176,169104
88.72912359237671,169104
88.73190188407898,169104
88.73466730117798,169104
88.73743605613708,169104
88.74020648002625,169104
88.7429871559143,169104
88.74576163291931,169104
88.7485179901123,169104
88.75128889083862,169104
88.75406122207642,169104
88.75683045387268,169104
88.75959038734436,169104
88.76237201690674,169104
88.76514005661011,169104
88.76791739463806,169104
88.77067708969116,169104
88.77345204353333,169104
88.77622175216675,169104
88.77900242805481,169104
88.78177833557129,169104
88.78454375267029,169104
88.78732538223267,169104
88.79010772705078,169104
88.79288625717163,169104
88.79565382003784,169104
88.79842162132263,169104
88.80120420455933,169104
88.80397891998291,169104
88.80674767494202,169104
88.8095076084137,169104
88.81228280067444,169104
88.81504535675049,169104
88.81781315803528,169104
88.82057476043701,169104
88.82334661483765,169104
88.82610654830933,169104
88.82888126373291,169104
88.83164882659912,169104
88.83441257476807,169104
88.83718204498291,169104
88.83994913101196,169104
88.84271931648254,169104
88.8454852104187,169104
88.8482460975647,169104
88.85102987289429,169104
88.85379910469055,169104
88.85655474662781,169104
88.85931396484375,169104
88.8620970249176,169104
88.86486101150513,169104
88.8676176071167,169104
88.8703830242157,169104
88.87315893173218,169104
88.87592315673828,169104
88.87868237495422,169104
88.88144493103027,169104
88.88421249389648,169104
88.88697218894958,169104
88.88974165916443,169104
88.89250588417053,169104
88.89526796340942,169104
88.8980348110199,169104
88.90080451965332,169104
88.90356802940369,169104
88.90633130073547,169104
88.90910267829895,169104
88.91187906265259,169104
88.91464614868164,169104
88.91740870475769,169104
88.92017197608948,169104
88.92294573783875,169104
88.92570638656616,169104
88.92847633361816,169104
88.93125128746033,169104
88.93402791023254,169104
88.93679094314575,169104
88.93954348564148,169104
88.94231414794922,169104
88.94508290290833,169104
88.94785261154175,169104
88.95061469078064,169104
88.95338201522827,169104
88.95615553855896,169104
88.95891857147217,169104
88.96169018745422,169104
88.9644513130188,169104
88.96721935272217,169104
88.96998739242554,169104
88.97277426719666,169104
88.97553133964539,169104
88.97830033302307,169104
88.9810848236084,169104
88.98386335372925,169104
88.9866156578064,169104
88.98938035964966,169104
88.99215626716614,169104
88.99493288993835,169104
88.99768471717834,169104
89.00045084953308,169104
89.0032250881195,169104
89.00599956512451,169104
89.00876784324646,169104
89.01154255867004,169104
89.0143039226532,169104
89.01706767082214,169104
89.01982975006104,169104
89.02259731292725,169104
89.02536153793335,169104
89.02812814712524,169104
89.03091239929199,169104
89.03367686271667,169104
89.03643679618835,169104
89.0392005443573,169104
89.04197692871094,169104
89.04474973678589,169104
89.04749917984009,169104
89.05027174949646,169104
89.05304884910583,169104
89.05582046508789,169104
89.05857253074646,169104
89.06135153770447,169104
89.06412172317505,169104
89.0668957233429,169104
89.069655418396,169104
89.07242918014526,169104
89.07519698143005,169104
89.07797145843506,169104
89.08074378967285,169104
89.083505153656,169104
89.086270570755,169104
89.0890371799469,169104
89.09181618690491,169104
89.09457445144653,169104
89.09733366966248,169104
89.10010647773743,169104
89.10288834571838,169104
89.10564422607422,169104
89.10840821266174,169104
89.1111912727356,169104
89.11395978927612,169104
89.11671590805054,169104
89.119473695755,169104
89.12225198745728,169104
89.12501549720764,169104
89.12778949737549,169104
89.13054823875427,169104
89.13332319259644,169104
89.13609147071838,169104
89.13886094093323,169104
89.14163446426392,169104
89.14441013336182,169104
89.14717388153076,169104
89.14994382858276,169104
89.15271615982056,169104
89.15547752380371,169104
89.15823888778687,169104
89.16102027893066,169104
89.16378784179688,169104
89.16654658317566,169104
89.16931176185608,169104
89.17209482192993,169104
89.17486476898193,169104
89.1776340007782,169104
89.18039917945862,169104
89.1831750869751,169104
89.18593740463257,169104
89.18869614601135,169104
89.19146156311035,169104
89.19423508644104,169104
89.1969985961914,169104
89.19977068901062,169104
89.20253324508667,169104
89.20529818534851,169104
89.20806670188904,169104
89.21084928512573,169104
89.21360373497009,169104
89.21636700630188,169104
89.21913313865662,169104
89.22190690040588,169104
89.2246630191803,169104
89.2274284362793,169104
89.23019170761108,169104
89.23297643661499,169104
89.23573422431946,169104
89.23849725723267,169104
89.24127388000488,169104
89.24405074119568,169104
89.24681830406189,169104
89.24957537651062,169104
89.25234699249268,169104
89.25511741638184,169104
89.25788140296936,169104
89.26065182685852,169104
89.26343059539795,169104
89.26618885993958,169104
89.26895260810852,169104
89.27172493934631,169104
89.27448177337646,169104
89.27724623680115,169104
89.28000283241272,169104
89.28277587890625,169104
89.28552985191345,169104
89.2882947921753,169104
89.29107666015625,169104
89.29384899139404,169104
89.29661059379578,169104
89.29937267303467,169104
89.30214238166809,169104
89.30491137504578,169104
89.30767154693604,169104
89.3104338645935,169104
89.31320595741272,169104
89.31597828865051,169104
89.31874346733093,169104
89.32149982452393,169104
89.32425737380981,169104
89.32702970504761,169104
89.3297917842865,169104
89.3325617313385,169104
89.33531880378723,169104
89.33807969093323,169104
89.34086227416992,169104
89.34362888336182,169104
89.34638857841492,169104
89.34915590286255,169104
89.35192561149597,169104
89.3546895980835,169104
89.3574481010437,169104
89.36022138595581,169104
89.36300158500671,169104
89.36576557159424,169104
89.36851644515991,169104
89.37129163742065,169104
89.37405824661255,169104
89.3768322467804,169104
89.37959718704224,169104
89.38238048553467,169104
89.38515067100525,169104
89.38791966438293,169104
89.39067959785461,169104
89.3934485912323,169104
89.39621019363403,169104
89.39897847175598,169104
89.40175533294678,169104
89.40451288223267,169104
89.40728187561035,169104
89.41004967689514,169104
89.41282486915588,169104
89.41558051109314,169104
89.41833972930908,169104
89.42112135887146,169104
89.42389249801636,169104
89.42666459083557,169104
89.42942881584167,169104
89.43221163749695,169104
89.43497610092163,169104
89.43774604797363,169104
89.44049453735352,169104
89.44327425956726,169104
89.446040391922,169104
89.448801279068,169104
89.45156574249268,169104
89.45433163642883,169104
89.45710325241089,169104
89.45987629890442,169104
89.4626407623291,169104
89.46539759635925,169104
89.46816158294678,169104
89.47094559669495,169104
89.47370839118958,169104
89.47646975517273,169104
89.47923040390015,169104
89.48201394081116,169104
89.48478937149048,169104
89.48754668235779,169104
89.49031114578247,169104
89.49309468269348,169104
89.49586176872253,169104
89.49861598014832,169104
89.50138354301453,169104
89.50414681434631,169104
89.50691366195679,169104
89.50968027114868,169104
89.51245760917664,169104
89.51522445678711,169104
89.51799082756042,169104
89.52076268196106,169104
89.52352356910706,169104
89.52629017829895,169104
89.52905535697937,169104
89.5318329334259,169104
89.53457999229431,169104
89.53734230995178,169104
89.54010939598083,169104
89.5428946018219,169104
89.54565358161926,169104
89.54840755462646,169104
89.55118203163147,169104
89.55395364761353,169104
89.55671310424805,169104
89.55947756767273,169104
89.56225752830505,169104
89.56503057479858,169104
89.56779265403748,169104
89.57054662704468,169104
89.57332181930542,169104
89.57609820365906,169104
89.57886171340942,169104
89.58163118362427,169104
89.584397315979,169104
89.58716034889221,169104
89.58992290496826,169104
89.59270310401917,169104
89.59547305107117,169104
89.59824657440186,169104
89.60101890563965,169104
89.60380244255066,169104
89.60655999183655,169104
89.60932612419128,169104
89.61210584640503,169104
89.61486411094666,169104
89.61761617660522,169104
89.6203761100769,169104
89.62315630912781,169104
89.62592768669128,169104
89.6286871433258,169104
89.63145351409912,169104
89.63421034812927,169104
89.63698315620422,169104
89.63974666595459,169104
89.64251732826233,169104
89.64527893066406,169104
89.64804720878601,169104
89.65082859992981,169104
89.65358757972717,169104
89.65634822845459,169104
89.65911817550659,169104
89.66189241409302,169104
89.66465282440186,169104
89.6674153804779,169104
89.6701831817627,169104
89.67296552658081,169104
89.67573118209839,169104
89.67847919464111,169104
89.68126440048218,169104
89.68403005599976,169104
89.6868007183075,169104
89.68956398963928,169104
89.6923406124115,169104
89.69510769844055,169104
89.69787263870239,169104
89.70063090324402,169104
89.70340919494629,169104
89.70617032051086,169104
89.70894646644592,169104
89.71171402931213,169104
89.71447849273682,169104
89.71724128723145,169104
89.72001147270203,169104
89.72279119491577,169104
89.7255470752716,169104
89.72830724716187,169104
89.7310848236084,169104
89.73385548591614,169104
89.73661494255066,169104
89.73936605453491,169104
89.74215006828308,169104
89.7449221611023,169104
89.74767708778381,169104
89.75043892860413,169104
89.75321936607361,169104
89.75598311424255,169104
89.75875163078308,169104
89.76152801513672,169104
89.7642891407013,169104
89.76705718040466,169104
89.76982164382935,169104
89.7725920677185,169104
89.77535390853882,169104
89.77812433242798,169104
89.78090405464172,169104
89.78366446495056,169104
89.78642845153809,169104
89.78920984268188,169104
89.79199504852295,169104
89.79476022720337,169104
89.79751539230347,169104
89.80027341842651,169104
89.80304503440857,169104
89.80582356452942,169104
89.80858206748962,169104
89.81135725975037,169104
89.81412386894226,169104
89.81688857078552,169104
89.8196496963501,169104
89.82242822647095,169104
89.82520365715027,169104
89.82797193527222,169104
89.83074140548706,169104
89.83349633216858,169104
89.83626222610474,169104
89.83902549743652,169104
89.84180641174316,169104
89.84457039833069,169104
89.84733033180237,169104
89.85010099411011,169104
89.85288071632385,169104
89.85563778877258,169104
89.85839796066284,169104
89.86117362976074,169104
89.86394095420837,169104
89.86669540405273,169104
89.86945843696594,169104
89.87223887443542,169104
89.87502145767212,169104
89.87778759002686,169104
89.88054299354553,169104
89.88331627845764,169104
89.8860878944397,169104
89.8888533115387,169104
89.89162683486938,169104
89.89438843727112,169104
89.89716029167175,169104
89.89992928504944,169104
89.90270018577576,169104
89.90547275543213,169104
89.90824818611145,169104
89.91102910041809,169104
89.91379952430725,169104
89.91655540466309,169104
89.91931962966919,169104
89.92209982872009,169104
89.92487096786499,169104
89.92762660980225,169104
89.9303891658783,169104
89.93316531181335,169104
89.93593382835388,169104
89.93869066238403,169104
89.94146609306335,169104
89.94423627853394,169104
89.94700121879578,169104
89.94976544380188,169104
89.95253157615662,169104
89.95529294013977,169104
89.9580717086792,169104
89.96085667610168,169104
89.96361756324768,169104
89.9663736820221,169104
89.96914196014404,169104
89.97191905975342,169104
89.97468686103821,169104
89.97745108604431,169104
89.98021841049194,169104
89.98299193382263,169104
89.98576307296753,169104
89.98851871490479,169104
89.99129891395569,169104
89.9940619468689,169104
89.9968364238739,169104
89.99960279464722,169104
90.00238108634949,169104
90.00514912605286,169104
90.00792145729065,169104
90.01068186759949,169104
90.01346468925476,169104
90.0162262916565,169104
90.01900172233582,169104
90.02177882194519,169104
90.02453589439392,169104
90.02730345726013,169104
90.03006792068481,169104
90.03283715248108,169104
90.03559708595276,169104
90.0383551120758,169104
90.0411388874054,169104
90.04390120506287,169104
90.04666495323181,169104
90.04942965507507,169104
90.0522108078003,169104
90.05497765541077,169104
90.05775189399719,169104
90.06051135063171,169104
90.06329607963562,169104
90.06606459617615,169104
90.06882548332214,169104
90.0715925693512,169104
90.07435894012451,169104
90.07712173461914,169104
90.07988810539246,169104
90.08265709877014,169104
90.08541655540466,169104
90.08818411827087,169104
90.09097051620483,169104
90.093740940094,169104
90.09650349617004,169104
90.09926390647888,169104
90.10204148292542,169104
90.104816198349,169104
90.10758376121521,169104
90.11035180091858,169104
90.11313533782959,169104
90.11590194702148,169104
90.11866402626038,169104
90.12143015861511,169104
90.1242024898529,169104
90.12697267532349,169104
90.12973618507385,169104
90.13251280784607,169104
90.13527584075928,169104
90.13805341720581,169104
90.14083576202393,169104
90.14359760284424,169104
90.14636206626892,169104
90.14912700653076,169104
90.1519193649292,169104
90.15468168258667,169104
90.15745091438293,169104
90.16022157669067,169104
90.1629991531372,169104
90.16576027870178,169104
90.16851568222046,169104
90.17129111289978,169104
90.1740620136261,169104
90.17683720588684,169104
90.17959308624268,169104
90.1823673248291,169104
90.18513512611389,169104
90.18790864944458,169104
90.19067549705505,169104
90.19345355033875,169104
90.19621801376343,169104
90.19898700714111,169104
90.2017776966095,169104
90.20453667640686,169104
90.20729947090149,169104
90.21006941795349,169104
90.21294617652893,169104
90.21804857254028,169104
90.22334551811218,169104
90.22835755348206,169104
90.23368287086487,169104
90.23853754997253,169104
90.2437732219696,169104
90.24852299690247,169104
90.2536506652832,169104
90.25846147537231,169104
90.26364135742188,169104
90.26857709884644,169104
90.27361130714417,169104
90.27862215042114,169104
90.28351354598999,169104
90.28865623474121,169104
90.29359316825867,169104
90.2988543510437,169104
90.30386328697205,169104
90.3091881275177,169104
90.3142945766449,169104
90.31955695152283,169104
90.32466697692871,169104
90.32989573478699,169104
90.3350157737732,169104
90.34033870697021,169104
90.34543204307556,169104
90.35078763961792,169104
90.35576820373535,169104
90.36109924316406,169104
90.36598420143127,169104
90.37124967575073,169104
90.37600994110107,169104
90.3811662197113,169104
90.38599801063538,169104
90.39115571975708,169104
90.39610934257507,169104
90.40117716789246,169104
90.40618062019348,169104
90.41108727455139,169104
90.4162700176239,169104
90.42117857933044,169104
90.42639875411987,169104
90.43139147758484,169104
90.43669581413269,169104
90.44174027442932,169104
90.44702243804932,169104
90.45213985443115,169104
90.45744132995605,169104
90.4625334739685,169104
90.46778535842896,169104
90.47288799285889,169104
90.47820925712585,169104
90.48322987556458,169104
90.48854279518127,169104
90.49342775344849,169104
90.498690366745,169104
90.50346255302429,169104
90.50861191749573,169104
90.51343584060669,169104
90.51862812042236,169104
90.52355575561523,169104
90.5285849571228,169104
90.53356838226318,169104
90.53847980499268,169104
90.54357361793518,169104
90.54847168922424,169104
90.55371189117432,169104
90.55870699882507,169104
90.56403517723083,169104
90.56909132003784,169104
90.5743772983551,169104
90.57948923110962,169104
90.58474683761597,169104
90.58983445167542,169104
90.59512209892273,169104
90.60018587112427,169104
90.60551285743713,169104
90.61043787002563,169104
90.61573338508606,169104
90.62055516242981,169104
90.62574672698975,169104
90.6305160522461,169104
90.63563060760498,169104
90.64052057266235,169104
90.64562964439392,169104
90.65057349205017,169104
90.65549683570862,169104
90.66060853004456,169104
90.6655023097992,169104
90.67070412635803,169104
90.67568016052246,169104
90.68100190162659,169104
90.68604302406311,169104
90.69128775596619,169104
90.69640231132507,169104
90.70167064666748,169104
90.70677447319031,169104
90.71209359169006,169104
90.71717810630798,169104
90.72247004508972,169104
90.72751545906067,169104
90.73288226127625,169104
90.7377622127533,169104
90.74306106567383,169104
90.74785041809082,169104
90.75302910804749,169104
90.75784468650818,169104
90.76301217079163,169104
90.7679283618927,169104
90.7730188369751,169104
90.77799725532532,169104
90.78292155265808,169104
90.78802013397217,169104
90.79292845726013,169104
90.79813122749329,169104
90.80314373970032,169104
90.80842709541321,169104
90.81348371505737,169104
90.81877088546753,169104
90.82391095161438,169104
90.8291974067688,169104
90.83431005477905,169104
90.83957982063293,169104
90.84467697143555,169104
90.8499858379364,169104
90.85506987571716,169104
90.86041378974915,169104
90.86536002159119,169104
90.87061905860901,169104
90.87542772293091,169104
90.88058376312256,169104
90.88536810874939,169104
90.89050507545471,169104
90.89542818069458,169104
90.9005024433136,169104
90.90547847747803,169104
90.91038346290588,169104
90.9155638217926,169104
90.92045712471008,169104
90.92569518089294,169104
90.9306845664978,169104
90.93600583076477,169104
90.94109344482422,169104
90.946368932724,169104
90.95149779319763,169104
90.95678377151489,169104
90.96189832687378,169104
90.96718525886536,169104
90.9722797870636,169104
90.97758293151855,169104
90.98259925842285,169104
90.98795771598816,169104
90.9928297996521,169104
90.99806475639343,169104
91.00281524658203,169104
91.00792717933655,169104
91.01276588439941,169104
91.01787185668945,169104
91.02284169197083,169104
91.02786827087402,169104
91.03288745880127,169104
91.03778409957886,169104
91.04295301437378,169104
91.0478777885437,169104
91.05314779281616,169104
91.05814504623413,169104
91.06346487998962,169104
91.06856036186218,169104
91.07386898994446,169104
91.07899403572083,169104
91.08428049087524,169104
91.08937740325928,169104
91.09466028213501,169104
91.09975409507751,169104
91.10506820678711,169104
91.11007809638977,169104
91.11545729637146,169104
91.12032699584961,169104
91.12560510635376,169104
91.13036513328552,169104
91.13551449775696,169104
91.1403214931488,169104
91.14542961120605,169104
91.15037393569946,169104
91.15540385246277,169104
91.16040396690369,169104
91.16531729698181,169104
91.17048406600952,169104
91.17538857460022,169104
91.180593252182,169104
91.18559527397156,169104
91.19091510772705,169104
91.19596886634827,169104
91.20126533508301,169104
91.20639681816101,169104
91.21168756484985,169104
91.21679925918579,169104
91.22207117080688,169104
91.22715663909912,169104
91.2324709892273,169104
91.2374963760376,169104
91.24286556243896,169104
91.24773836135864,169104
91.25302696228027,169104
91.25779151916504,169104
91.26294994354248,169104
91.26776790618896,169104
91.27292084693909,169104
91.27784538269043,169104
91.28288006782532,169104
91.28786826133728,169104
91.29277610778809,169104
91.29793429374695,169104
91.3028519153595,169104
91.30809569358826,169104
91.31309413909912,169104
91.31837677955627,169104
91.32344365119934,169104
91.32874989509583,169104
91.33387494087219,169104
91.33916354179382,169104
91.34427046775818,169104
91.34956550598145,169104
91.35466408729553,169104
91.35997605323792,169104
91.36502242088318,169104
91.37036657333374,169104
91.37524032592773,169104
91.38049840927124,169104
91.38526439666748,169104
91.39039921760559,169104
91.39522695541382,169104
91.40034294128418,169104
91.40529012680054,169104
91.4103307723999,169104
91.41533017158508,169104
91.42021656036377,169104
91.42540121078491,169104
91.43029499053955,169104
91.43551874160767,169104
91.44048881530762,169104
91.44582867622375,169104
91.4508945941925,169104
91.45619058609009,169104
91.46132111549377,169104
91.46659588813782,169104
91.4717025756836,169104
91.4769971370697,169104
91.482102394104,169104
91.48739910125732,169104
91.49242854118347,169104
91.49778461456299,169104
91.50263357162476,169104
91.5079026222229,169104
91.51266193389893,169104
91.51777768135071,169104
91.52258539199829,169104
91.5276734828949,169104
91.53262400627136,169104
91.53765773773193,169104
91.54266405105591,169104
91.54757761955261,169104
91.55273294448853,169104
91.55764269828796,169104
91.56288123130798,169104
91.56786918640137,169104
91.57318377494812,169104
91.57823705673218,169104
91.5835280418396,169104
91.58863258361816,169104
91.59392166137695,169104
91.59903478622437,169104
91.60429644584656,169104
91.60938811302185,169104
91.61470341682434,169104
91.61974000930786,169104
91.62510013580322,169104
91.62998676300049,169104
91.63528513908386,169104
91.64006304740906,169104
91.64523911476135,169104
91.65004634857178,169104
91.65519571304321,169104
91.66011548042297,169104
91.66517972946167,169104
91.67014932632446,169104
91.67508149147034,169104
91.68019413948059,169104
91.68509006500244,169104
91.69028234481812,169104
91.69527864456177,169104
91.70057225227356,169104
91.70562815666199,169104
91.71093344688416,169104
91.71605515480042,169104
91.72129726409912,169104
91.726389169693,169104
91.73170733451843,169104
91.7368049621582,169104
91.74210524559021,169104
91.74710822105408,169104
91.75249552726746,169104
91.7573676109314,169104
91.76265048980713,169104
91.76739454269409,169104
91.77253031730652,169104
91.77735352516174,169104
91.78249883651733,169104
91.78745150566101,169104
91.7925124168396,169104
91.79753160476685,169104
91.80243754386902,169104
91.80761337280273,169104
91.81256747245789,169104
91.81781458854675,169104
91.82281684875488,169104
91.82815361022949,169104
91.83322596549988,169104
91.83848524093628,169104
91.84359622001648,169104
91.84886646270752,169104
91.85397672653198,169104
91.85929822921753,169104
91.86438941955566,169104
91.86970376968384,169104
91.87467932701111,169104
91.88003516197205,169104
91.88488936424255,169104
91.89009809494019,169104
91.8948495388031,169104
91.89994859695435,169104
91.90480828285217,169104
91.90990853309631,169104
91.91489052772522,169104
91.91992473602295,169104
91.92499923706055,169104
91.92989730834961,169104
91.93509697914124,169104
91.94001317024231,169104
91.94529485702515,169104
91.95031213760376,169104
91.95566201210022,169104
91.96074867248535,169104
91.96604442596436,169104
91.97115659713745,169104
91.97641849517822,169104
91.98152112960815,169104
91.98685121536255,169104
91.99194002151489,169104
91.99722647666931,169104
92.00221061706543,169104
92.00759196281433,169104
92.01245665550232,169104
92.01762843132019,169104
92.0223639011383,169104
92.02747011184692,169104
92.03230786323547,169104
92.03740549087524,169104
92.04235792160034,169104
92.04738163948059,169104
92.05244708061218,169104
92.0573194026947,169104
92.06244850158691,169104
92.06739616394043,169104
92.07266139984131,169104
92.07769346237183,169104
92.08302760124207,169104
92.08809351921082,169104
92.0933747291565,169104
92.09847474098206,169104
92.10373902320862,169104
92.10883331298828,169104
92.11413836479187,169104
92.11922335624695,169104
92.12455534934998,169104
92.12956237792969,169104
92.13494896888733,169104
92.1398138999939,169104
92.1450879573822,169104
92.14983367919922,169104
92.15492653846741,169104
92.15974855422974,169104
92.16490507125854,169104
92.16986536979675,169104
92.17489790916443,169104
92.17992782592773,169104
92.18482780456543,169104
92.18999195098877,169104
92.19493007659912,169104
92.2001953125,169104
92.20519542694092,169104
92.21051096916199,169104
92.21559762954712,169104
92.22090435028076,169104
92.22601509094238,169104
92.23133111000061,169104
92.23642301559448,169104
92.24175930023193,169104
92.2468409538269,169104
92.25215482711792,169104
92.25715160369873,169104
92.26251673698425,169104
92.2673921585083,169104
92.2726378440857,169104
92.27738213539124,169104
92.28250408172607,169104
92.28732967376709,169104
92.2924416065216,169104
92.29739165306091,169104
92.30244874954224,169104
92.3074836730957,169104
92.31236958503723,169104
92.31753849983215,169104
92.32247352600098,169104
92.32773947715759,169104
92.33273816108704,169104
92.33807063102722,169104
92.34314584732056,169104
92.34842991828918,169104
92.35356283187866,169104
92.3588171005249,169104
92.36392498016357,169104
92.36923551559448,169104
92.3743314743042,169104
92.37963485717773,169104
92.38465237617493,169104
92.39000988006592,169104
92.39488768577576,169104
92.40011668205261,169104
92.4048764705658,169104
92.40994930267334,169104
92.41478991508484,169104
92.41994142532349,169104
92.4249095916748,169104
92.42993903160095,169104
92.43498182296753,169104
92.43987345695496,169104
92.44505786895752,169104
92.44997811317444,169104
92.45520520210266,169104
92.46020531654358,169104
92.46551251411438,169104
92.47060298919678,169104
92.4759030342102,169104
92.48103094100952,169104
92.48629355430603,169104
92.49139428138733,169104
92.49668216705322,169104
92.50178933143616,169104
92.50709652900696,169104
92.5121009349823,169104
92.51747536659241,169104
92.5223639011383,169104
92.52761459350586,169104
92.53235507011414,169104
92.53748321533203,169104
92.54231691360474,169104
92.5474488735199,169104
92.55241465568542,169104
92.55746293067932,169104
92.56249475479126,169104
92.56739115715027,169104
92.57252645492554,169104
92.57745099067688,169104
92.58270621299744,169104
92.58769941329956,169104
92.5930540561676,169104
92.59813737869263,169104
92.603431224823,169104
92.60854935646057,169104
92.61375761032104,169104
92.61885643005371,169104
92.62411761283875,169104
92.62920451164246,169104
92.6344985961914,169104
92.63947868347168,169104
92.64488387107849,169104
92.64974737167358,169104
92.65500283241272,169104
92.65975761413574,169104
92.66487050056458,169104
92.66969704627991,169104
92.67478609085083,169104
92.67974710464478,169104
92.68478846549988,169104
92.68983244895935,169104
92.69470810890198,169104
92.69989061355591,169104
92.70481872558594,169104
92.71004509925842,169104
92.71505999565125,169104
92.72037649154663,169104
92.72546458244324,169104
92.73078966140747,169104
92.7358992099762,169104
92.7411572933197,169104
92.74624872207642,169104
92.75153708457947,169104
92.75662899017334,169104
92.76194834709167,169104
92.76693439483643,169104
92.7723240852356,169104
92.77718472480774,169104
92.78242492675781,169104
92.78718709945679,169104
92.79232239723206,169104
92.79714584350586,169104
92.80230164527893,169104
92.80725622177124,169104
92.81231474876404,169104
92.81734347343445,169104
92.82224154472351,169104
92.82740807533264,169104
92.83234405517578,169104
92.83757996559143,169104
92.84257984161377,169104
92.84789156913757,169104
92.85296320915222,169104
92.85824346542358,169104
92.86338329315186,169104
92.86863470077515,169104
92.87373924255371,169104
92.87905645370483,169104
92.88414525985718,169104
92.88945055007935,169104
92.89446783065796,169104
92.8998544216156,169104
92.90473484992981,169104
92.91000652313232,169104
92.91476964950562,169104
92.9198899269104,169104
92.92470479011536,169104
92.92988181114197,169104
92.93483996391296,169104
92.93986988067627,169104
92.94489002227783,169104
92.94978928565979,169104
92.9549720287323,169104
92.95986604690552,169104
92.96508002281189,169104
92.97006177902222,169104
92.97539138793945,169104
92.98045134544373,169104
92.98575949668884,169104
92.99089169502258,169104
92.99615406990051,169104
93.00127172470093,169104
93.00655961036682,169104
93.01165914535522,169104
93.01695847511292,169104
93.02199149131775,169104
93.02734684944153,169104
93.03223133087158,169104
93.03751063346863,169104
93.0422830581665,169104
93.04742932319641,169104
93.05223536491394,169104
93.05734086036682,169104
93.06230449676514,169104
93.0673234462738,169104
93.07236289978027,169104
93.0772716999054,169104
93.08240365982056,169104
93.08734798431396,169104
93.092609167099,169104
93.09760642051697,169104
93.10295009613037,169104
93.10801887512207,169104
93.11332106590271,169104
93.11843085289001,169104
93.12367248535156,169104
93.1287727355957,169104
93.13412308692932,169104
93.13920640945435,169104
93.14450478553772,169104
93.14950609207153,169104
93.15488791465759,169104
93.15976619720459,169104
93.16503596305847,169104
93.16978740692139,169104
93.1748673915863,169104
93.17968845367432,169104
93.18483281135559,169104
93.18979597091675,169104
93.19484424591064,169104
93.19988346099854,169104
93.20479941368103,169104
93.20998215675354,169104
93.21489143371582,169104
93.22011280059814,169104
93.22511911392212,169104
93.23042392730713,169104
93.23547315597534,169104
93.24077439308167,169104
93.24588990211487,169104
93.25119066238403,169104
93.25628280639648,169104
93.26158547401428,169104
93.266672372818,169104
93.27197456359863,169104
93.27696681022644,169104
93.28234243392944,169104
93.28719592094421,169104
93.29242730140686,169104
93.29717564582825,169104
93.30229902267456,169104
93.30711889266968,169104
93.31225562095642,169104
93.31721663475037,169104
93.32225799560547,169104
93.32726383209229,169104
93.33217525482178,169104
93.33733773231506,169104
93.34226584434509,169104
93.34747314453125,169104
93.35247159004211,169104
93.35780382156372,169104
93.36287879943848,169104
93.36816596984863,169104
93.37330317497253,169104
93.37850832939148,169104
93.38361644744873,169104
93.38892006874084,169104
93.39401745796204,169104
93.39931845664978,169104
93.40431094169617,169104
93.40825700759888,169104
93.41105318069458,169104
93.41382050514221,169104
93.416579246521,169104
93.41934132575989,169104
93.42211747169495,169104
93.42488431930542,169104
93.42764806747437,169104
93.43041467666626,169104
93.43320441246033,169104
93.43597602844238,169104
93.43875002861023,169104
93.44152021408081,169104
93.44429445266724,169104
93.44706702232361,169104
93.44984364509583,169104
93.45261764526367,169104
93.45538353919983,169104
93.45814967155457,169104
93.46093654632568,169104
93.46370124816895,169104
93.46646618843079,169104
93.46923470497131,169104
93.47201681137085,169104
93.47478103637695,169104
93.47754335403442,169104
93.48030996322632,169104
93.48308873176575,169104
93.4858558177948,169104
93.48861312866211,169104
93.49138712882996,169104
93.49416542053223,169104
93.4969425201416,169104
93.49970483779907,169104
93.50247645378113,169104
93.50524497032166,169104
93.50801801681519,169104
93.51079893112183,169104
93.51356077194214,169104
93.5163266658783,169104
93.5190942287445,169104
93.52187538146973,169104
93.52463221549988,169104
93.52739763259888,169104
93.5301616191864,169104
93.53294634819031,169104
93.53570294380188,169104
93.53846907615662,169104
93.54124021530151,169104
93.54401111602783,169104
93.54678201675415,169104
93.54954528808594,169104
93.55232262611389,169104
93.55509352684021,169104
93.5578670501709,169104
93.56062889099121,169104
93.56339955329895,169104
93.5661723613739,169104
93.56894421577454,169104
93.57171320915222,169104
93.57447576522827,169104
93.57724475860596,169104
93.58001565933228,169104
93.5828025341034,169104
93.5855565071106,169104
93.58832812309265,169104
93.59110975265503,169104
93.59388422966003,169104
93.59664630889893,169104
93.59941029548645,169104
93.6021945476532,169104
93.60496830940247,169104
93.60773873329163,169104
93.61049938201904,169104
93.61326909065247,169104
93.6160352230072,169104
93.61880922317505,169104
93.62157988548279,169104
93.62434220314026,169104
93.62710881233215,169104
93.62988090515137,169104
93.63266158103943,169104
93.63542628288269,169104
93.63819599151611,169104
93.64097380638123,169104
93.6437439918518,169104
93.64650177955627,169104
93.64926481246948,169104
93.65204310417175,169104
93.65481686592102,169104
93.65757870674133,169104
93.66034483909607,169104
93.66312146186829,169104
93.66588997840881,169104
93.66865038871765,169104
93.67142701148987,169104
93.6741943359375,169104
93.67696213722229,169104
93.6797227859497,169104
93.6824996471405,169104
93.68526458740234,169104
93.68803548812866,169104
93.69081377983093,169104
93.69357395172119,169104
93.69633388519287,169104
93.69910430908203,169104
93.70187878608704,169104
93.70463347434998,169104
93.7073986530304,169104
93.7101719379425,169104
93.71295619010925,169104
93.71573114395142,169104
93.71847820281982,169104
93.72126078605652,169104
93.72403192520142,169104
93.72680044174194,169104
93.72955870628357,169104
93.73233938217163,169104
93.7351005077362,169104
93.73787450790405,169104
93.74063467979431,169104
93.74341154098511,169104
93.74617600440979,169104
93.74894666671753,169104
93.75171184539795,169104
93.75447106361389,169104
93.75723576545715,169104
93.76001191139221,169104
93.76280450820923,169104
93.7655668258667,169104
93.76833152770996,169104
93.77110695838928,169104
93.77387595176697,169104
93.77663779258728,169104
93.77939414978027,169104
93.78216576576233,169104
93.78493189811707,169104
93.78770422935486,169104
93.79046726226807,169104
93.79324793815613,169104
93.79601311683655,169104
93.79878282546997,169104
93.80154514312744,169104
93.80430436134338,169104
93.80707025527954,169104
93.8098418712616,169104
93.81260919570923,169104
93.81537365913391,169104
93.81813621520996,169104
93.82091188430786,169104
93.82366991043091,169104
93.82643699645996,169104
93.82920217514038,169104
93.83198404312134,169104
93.83474850654602,169104
93.83751034736633,169104
93.84027218818665,169104
93.84305262565613,169104
93.84581804275513,169104
93.8485779762268,169104
93.85134935379028,169104
93.85412621498108,169104
93.85689544677734,169104
93.85965991020203,169104
93.86242747306824,169104
93.8651921749115,169104
93.86796307563782,169104
93.87072587013245,169104
93.87349605560303,169104
93.8762595653534,169104
93.87902808189392,169104
93.8818085193634,169104
93.88456058502197,169104
93.88732576370239,169104
93.89009308815002,169104
93.89287519454956,169104
93.89563179016113,169104
93.8984022140503,169104
93.90117979049683,169104
93.90395092964172,169104
93.9067108631134,169104
93.90947437286377,169104
93.91224670410156,169104
93.91501498222351,169104
93.91777992248535,169104
93.92053365707397,169104
93.92330861091614,169104
93.92608213424683,169104
93.92884993553162,169104
93.9316177368164,169104
93.93438720703125,169104
93.93715596199036,169104
93.9399311542511,169104
93.94270324707031,169104
93.94545722007751,169104
93.94822454452515,169104
93.95099687576294,169104
93.95377087593079,169104
93.95653033256531,169104
93.95929384231567,169104
93.96206378936768,169104
93.96483755111694,169104
93.9675977230072,169104
93.97035789489746,169104
93.9731376171112,169104
93.97590756416321,169104
93.97866535186768,169104
93.98143982887268,169104
93.98420190811157,169104
93.98696875572205,169104
93.98973560333252,169104
93.9924988746643,169104
93.99526405334473,169104
93.99803113937378,169104
94.00080895423889,169104
94.00357437133789,169104
94.00633788108826,169104
94.0091142654419,169104
94.01189160346985,169104
94.01465702056885,169104
94.01741600036621,169104
94.02018594741821,169104
94.0229640007019,169104
94.02572536468506,169104
94.02848744392395,169104
94.03126120567322,169104
94.03402209281921,169104
94.0367820262909,169104
94.03953862190247,169104
94.04232144355774,169104
94.04508519172668,169104
94.04784941673279,169104
94.05060815811157,169104
94.05338549613953,169104
94.0561466217041,169104
94.05891752243042,169104
94.06168484687805,169104
94.06445240974426,169104
94.06721568107605,169104
94.06998825073242,169104
94.07277321815491,169104
94.07552695274353,169104
94.07828688621521,169104
94.08107018470764,169104
94.08383417129517,169104
94.0865957736969,169104
94.08935976028442,169104
94.09214425086975,169104
94.09491157531738,169104
94.09767723083496,169104
94.10044312477112,169104
94.10322737693787,169104
94.10599279403687,169104
94.10875964164734,169104
94.11152029037476,169104
94.11428928375244,169104
94.11705017089844,169104
94.11982131004333,169104
94.12259602546692,169104
94.12535977363586,169104
94.1281259059906,169104
94.13090109825134,169104
94.13366031646729,169104
94.13642930984497,169104
94.13920092582703,169104
94.14198446273804,169104
94.14475440979004,169104
94.14751076698303,169104
94.15027260780334,169104
94.15305352210999,169104
94.15582990646362,169104
94.15859246253967,169104
94.16136407852173,169104
94.16413021087646,169104
94.16689562797546,169104
94.16964769363403,169104
94.17242455482483,169104
94.17518877983093,169104
94.17795085906982,169104
94.18071460723877,169104
94.18348360061646,169104
94.18625092506409,169104
94.18901824951172,169104
94.19180226325989,169104
94.19455194473267,169104
94.19731307029724,169104
94.20007729530334,169104
94.2028636932373,169104
94.2056245803833,169104
94.20838618278503,169104
94.21115255355835,169104
94.21392011642456,169104
94.21667337417603,169104
94.21943354606628,169104
94.22221207618713,169104
94.22497868537903,169104
94.22773885726929,169104
94.23050045967102,169104
94.23327422142029,169104
94.2360451221466,169104
94.23881244659424,169104
94.24158978462219,169104
94.24434971809387,169104
94.24711513519287,169104
94.24987530708313,169104
94.25264763832092,169104
94.25541067123413,169104
94.25818061828613,169104
94.2609555721283,169104
94.26371574401855,169104
94.26647424697876,169104
94.26924920082092,169104
94.27203130722046,169104
94.27480387687683,169104
94.27755832672119,169104
94.28032803535461,169104
94.28310251235962,169104
94.28586745262146,169104
94.28862380981445,169104
94.29139995574951,169104
94.29416036605835,169104
94.29693126678467,169104
94.29968857765198,169104
94.30246567726135,169104
94.30523228645325,169104
94.30800342559814,169104
94.31078720092773,169104
94.31357908248901,169104
94.31633615493774,169104
94.31910753250122,169104
94.32187986373901,169104
94.32464146614075,169104
94.32740044593811,169104
94.33016395568848,169104
94.33294296264648,169104
94.33570981025696,169104
94.33847188949585,169104
94.34125185012817,169104
94.34401774406433,169104
94.34678769111633,169104
94.34954071044922,169104
94.35232281684875,169104
94.35509538650513,169104
94.35786819458008,169104
94.36062216758728,169104
94.36339616775513,169104
94.3661675453186,169104
94.36894297599792,169104
94.37171864509583,169104
94.3744764328003,169104
94.37724089622498,169104
94.3800163269043,169104
94.38279461860657,169104
94.38554644584656,169104
94.38830280303955,169104
94.39107894897461,169104
94.39385151863098,169104
94.39661383628845,169104
94.39937615394592,169104
94.40215516090393,169104
94.40492367744446,169104
94.40770244598389,169104
94.41047358512878,169104
94.4132490158081,169104
94.41601467132568,169104
94.41878485679626,169104
94.42154741287231,169104
94.42431545257568,169104
94.42707824707031,169104
94.429847240448,169104
94.43261289596558,169104
94.43537831306458,169104
94.43813920021057,169104
94.44092273712158,169104
94.44367980957031,169104
94.44644117355347,169104
94.44920945167542,169104
94.4519898891449,169104
94.45475172996521,169104
94.457515001297,169104
94.46027827262878,169104
94.46305847167969,169104
94.46582436561584,169104
94.46858382225037,169104
94.47135972976685,169104
94.47412705421448,169104
94.4769036769867,169104
94.4796690940857,169104
94.48244667053223,169104
94.48521280288696,169104
94.4879732131958,169104
94.49075198173523,169104
94.49350833892822,169104
94.49626803398132,169104
94.49903702735901,169104
94.50182008743286,169104
94.50457668304443,169104
94.50733304023743,169104
94.51009464263916,169104
94.51287961006165,169104
94.51563429832458,169104
94.51839399337769,169104
94.52117490768433,169104
94.52394652366638,169104
94.52670335769653,169104
94.52946352958679,169104
94.53223729133606,169104
94.53501391410828,169104
94.5377779006958,169104
94.54053235054016,169104
94.54330849647522,169104
94.54607367515564,169104
94.54883790016174,169104
94.55160784721375,169104
94.55436992645264,169104
94.55713295936584,169104
94.55989980697632,169104
94.56267809867859,169104
94.5654444694519,169104
94.56821155548096,169104
94.5709867477417,169104
94.57376170158386,169104
94.57651805877686,169104
94.57927680015564,169104
94.58205389976501,169104
94.58482575416565,169104
94.58758020401001,169104
94.59033942222595,169104
94.59311652183533,169104
94.5958833694458,169104
94.59864735603333,169104
94.60143113136292,169104
94.60419869422913,169104
94.60697388648987,169104
94.60972476005554,169104
94.61250448226929,169104
94.61527299880981,169104
94.61804151535034,169104
94.6208221912384,169104
94.62358403205872,169104
94.62635016441345,169104
94.62912392616272,169104
94.63190031051636,169104
94.63466024398804,169104
94.63742160797119,169104
94.64018750190735,169104
94.64296627044678,169104
94.6457371711731,169104
94.64849066734314,169104
94.65126872062683,169104
94.65403127670288,169104
94.65680003166199,169104
94.65955758094788,169104
94.66234302520752,169104
94.66510581970215,169104
94.66787457466125,169104
94.6706314086914,169104
94.67340612411499,169104
94.67617011070251,169104
94.67893624305725,169104
94.68170070648193,169104
94.68447160720825,169104
94.68723392486572,169104
94.69000124931335,169104
94.69277572631836,169104
94.69553089141846,169104
94.6982934474945,169104
94.70107221603394,169104
94.70383977890015,169104
94.70660185813904,169104
94.70936965942383,169104
94.7121512889862,169104
94.71492409706116,169104
94.71768426895142,169104
94.72044491767883,169104
94.72322130203247,169104
94.72598123550415,169104
94.72875690460205,169104
94.73152184486389,169104
94.73429751396179,169104
94.73706555366516,169104
94.73983407020569,169104
94.74259996414185,169104
94.74536776542664,169104
94.7481279373169,169104
94.75090098381042,169104
94.75366020202637,169104
94.75642609596252,169104
94.75918936729431,169104
94.76197290420532,169104
94.76473569869995,169104
94.76749992370605,169104
94.77025961875916,169104
94.77303504943848,169104
94.77580952644348,169104
94.77856993675232,169104
94.78133964538574,169104
94.78410911560059,169104
94.78688383102417,169104
94.78964805603027,169104
94.79241824150085,169104
94.7951865196228,169104
94.79794716835022,169104
94.80070567131042,169104
94.80347323417664,169104
94.80623269081116,169104
94.80899357795715,169104
94.8117733001709,169104
94.81452941894531,169104
94.81729459762573,169104
94.82006621360779,169104
94.82284641265869,169104
94.82559967041016,169104
94.82835865020752,169104
94.83113217353821,169104
94.83389735221863,169104
94.83665490150452,169104
94.83941721916199,169104
94.84219264984131,169104
94.84496307373047,169104
94.84772276878357,169104
94.85048246383667,169104
94.8532567024231,169104
94.85610246658325,169104
94.85886478424072,169104
94.8616418838501,169104
94.86439871788025,169104
94.86716794967651,169104
94.86992502212524,169104
94.87270498275757,169104
94.87546706199646,169104
94.87823796272278,169104
94.88101410865784,169104
94.88378477096558,169104
94.8865315914154,169104
94.88929963111877,169104
94.89208269119263,169104
94.89485383033752,169104
94.89760947227478,169104
94.90037536621094,169104
94.90314984321594,169104
94.90592122077942,169104
94.9087028503418,169104
94.91147637367249,169104
94.9142484664917,169104
94.91701889038086,169104
94.91979122161865,169104
94.92256593704224,169104
94.92533469200134,169104
94.9281063079834,169104
94.93088173866272,169104
94.93364191055298,169104
94.93639755249023,169104
94.93916702270508,169104
94.94194507598877,169104
94.94470739364624,169104
94.94746971130371,169104
94.95023488998413,169104
94.95302033424377,169104
94.95578336715698,169104
94.9585371017456,169104
94.96131157875061,169104
94.96408724784851,169104
94.96685528755188,169104
94.96961498260498,169104
94.97238564491272,169104
94.97514605522156,169104
94.97791504859924,169104
94.9806718826294,169104
94.98344874382019,169104
94.98620986938477,169104
94.98898363113403,169104
94.99176049232483,169104
94.99451923370361,169104
94.99728083610535,169104
95.00004887580872,169104
95.00282526016235,169104
95.00559115409851,169104
95.00835752487183,169104
95.01113295555115,169104
95.01389646530151,169104
95.01666212081909,169104
95.01942181587219,169104
95.0221962928772,169104
95.02495861053467,169104
95.02772212028503,169104
95.0304799079895,169104
95.03326058387756,169104
95.03602743148804,169104
95.03879690170288,169104
95.04156923294067,169104
95.04433703422546,169104
95.04710340499878,169104
95.04987072944641,169104
95.05263924598694,169104
95.05539917945862,169104
95.05816078186035,169104
95.06094551086426,169104
95.0637059211731,169104
95.06647777557373,169104
95.06924271583557,169104
95.07202219963074,169104
95.07479906082153,169104
95.07755088806152,169104
95.08032155036926,169104
95.08310079574585,169104
95.0858690738678,169104
95.08862137794495,169104
95.09139275550842,169104
95.09416246414185,169104
95.09692907333374,169104
95.09969186782837,169104
95.10246014595032,169104
95.10523557662964,169104
95.10800766944885,169104
95.11078763008118,169104
95.11355304718018,169104
95.11632084846497,169104
95.1190915107727,169104
95.12187099456787,169104
95.12463164329529,169104
95.12739372253418,169104
95.13015913963318,169104
95.13293671607971,169104
95.13569474220276,169104
95.13845491409302,169104
95.14123344421387,169104
95.14400315284729,169104
95.14676523208618,169104
95.14951729774475,169104
95.15228652954102,169104
95.15504908561707,169104
95.15781354904175,169104
95.16057515144348,169104
95.16334772109985,169104
95.16610980033875,169104
95.16887187957764,169104
95.17163562774658,169104
95.17439770698547,169104
95.17716813087463,169104
95.17993879318237,169104
95.1827175617218,169104
95.18547296524048,169104
95.18824172019958,169104
95.19102191925049,169104
95.19378614425659,169104
95.19653558731079,169104
95.19929051399231,169104
95.20207118988037,169104
95.20483803749084,169104
95.20760226249695,169104
95.21036624908447,169104
95.21314573287964,169104
95.21590900421143,169104
95.2186689376831,169104
95.22144031524658,169104
95.2242043018341,169104
95.22697901725769,169104
95.22974610328674,169104
95.23251509666443,169104
95.2352774143219,169104
95.23804640769958,169104
95.24082636833191,169104
95.24359488487244,169104
95.24635982513428,169104
95.24912905693054,169104
95.2519052028656,169104
95.25465607643127,169104
95.25741457939148,169104
95.26017689704895,169104
95.26295733451843,169104
95.26571297645569,169104
95.268470287323,169104
95.27124643325806,169104
95.27401232719421,169104
95.27677702903748,169104
95.2795250415802,169104
95.28230142593384,169104
95.2850730419159,169104
95.28784370422363,169104
95.29060363769531,169104
95.29338431358337,169104
95.29615306854248,169104
95.29892158508301,169104
95.3016848564148,169104
95.30445122718811,169104
95.30722427368164,169104
95.30998969078064,169104
95.31275963783264,169104
95.31552290916443,169104
95.31829333305359,169104
95.32107043266296,169104
95.32384610176086,169104
95.32660984992981,169104
95.32937550544739,169104
95.33215570449829,169104
95.3349256515503,169104
95.33768773078918,169104
95.34045076370239,169104
95.34323287010193,169104
95.3460021018982,169104
95.34877443313599,169104
95.35154294967651,169104
95.35430121421814,169104
95.35706686973572,169104
95.35984230041504,169104
95.36261248588562,169104
95.36537718772888,169104
95.36814093589783,169104
95.3709180355072,169104
95.37367868423462,169104
95.37644100189209,169104
95.37921500205994,169104
95.38199257850647,169104
95.38475108146667,169104
95.38750672340393,169104
95.39026832580566,169104
95.39304876327515,169104
95.39582228660583,169104
95.3985869884491,169104
95.40135407447815,169104
95.4041268825531,169104
95.40689897537231,169104
95.40965938568115,169104
95.41242337226868,169104
95.41518473625183,169104
95.41795039176941,169104
95.42071175575256,169104
95.42347955703735,169104
95.42625331878662,169104
95.42902112007141,169104
95.4317991733551,169104
95.43455672264099,169104
95.43731808662415,169104
95.44008016586304,169104
95.44285750389099,169104
95.44562077522278,169104
95.44838094711304,169104
95.4511570930481,169104
95.45392751693726,169104
95.45668172836304,169104
95.45944666862488,169104
95.46222400665283,169104
95.46499443054199,169104
95.46776819229126,169104
95.47052574157715,169104
95.473304271698,169104
95.47606873512268,169104
95.47883534431458,169104
95.4815981388092,169104
95.48435878753662,169104
95.48712611198425,169104
95.48989534378052,169104
95.4926598072052,169104
95.49542117118835,169104
95.4981837272644,169104
95.50096368789673,169104
95.50373435020447,169104
95.50649070739746,169104
95.50924825668335,169104
95.51202535629272,169104
95.5147910118103,169104
95.5175473690033,169104
95.52031588554382,169104
95.5230917930603,169104
95.52585935592651,169104
95.52861714363098,169104
95.53139019012451,169104
95.53414964675903,169104
95.53691673278809,169104
95.53967428207397,169104
95.54244875907898,169104
95.54521703720093,169104
95.54798603057861,169104
95.55075645446777,169104
95.55350685119629,169104
95.55626559257507,169104
95.55903244018555,169104
95.56181025505066,169104
95.56456923484802,169104
95.56732439994812,169104
95.5700912475586,169104
95.57286548614502,169104
95.5756242275238,169104
95.57838797569275,169104
95.5811710357666,169104
95.58393716812134,169104
95.58669376373291,169104
95.58946418762207,169104
95.59224796295166,169104
95.59501552581787,169104
95.59778380393982,169104
95.60052919387817,169104
95.60329508781433,169104
95.60605907440186,169104
95.6088228225708,169104
95.61158800125122,169104
95.61435770988464,169104
95.61712837219238,169104
95.61989641189575,169104
95.62266182899475,169104
95.62543106079102,169104
95.62820100784302,169104
95.63098120689392,169104
95.63374638557434,169104
95.6364974975586,169104
95.63925457000732,169104
95.64203405380249,169104
95.64480209350586,169104
95.64756321907043,169104
95.6503279209137,169104
95.65309715270996,169104
95.65586543083191,169104
95.658620595932,169104
95.66138911247253,169104
95.66415119171143,169104
95.66692113876343,169104
95.66968011856079,169104
95.67245841026306,169104
95.67523264884949,169104
95.67799639701843,169104
95.68077659606934,169104
95.68353533744812,169104
95.68630123138428,169104
95.68907117843628,169104
95.69185423851013,169104
95.6946108341217,169104
95.69737434387207,169104
95.7001428604126,169104
95.70292615890503,169104
95.70568203926086,169104
95.70844221115112,169104
95.71121311187744,169104
95.71397829055786,169104
95.71673774719238,169104
95.71949648857117,169104
95.72226881980896,169104
95.72503280639648,169104
95.7277991771698,169104
95.73055338859558,169104
95.73332905769348,169104
95.73610377311707,169104
95.73887300491333,169104
95.74164199829102,169104
95.74440908432007,169104
95.74717593193054,169104
95.7499487400055,169104
95.75273299217224,169104
95.75548911094666,169104
95.75825786590576,169104
95.7610399723053,169104
95.76381182670593,169104
95.76656913757324,169104
95.76933097839355,169104
95.77211356163025,169104
95.77487993240356,169104
95.77764129638672,169104
95.78040289878845,169104
95.78318071365356,169104
95.78594613075256,169104
95.78871440887451,169104
95.79148411750793,169104
95.79424786567688,169104
95.79701709747314,169104
95.7997817993164,169104
95.80254673957825,169104
95.80530953407288,169104
95.80807423591614,169104
95.81085062026978,169104
95.81361389160156,169104
95.81637692451477,169104
95.81914973258972,169104
95.82193326950073,169104
95.82469773292542,169104
95.82745742797852,169104
95.83022451400757,169104
95.83299326896667,169104
95.83576345443726,169104
95.83852314949036,169104
95.84130191802979,169104
95.84407806396484,169104
95.84684777259827,169104
95.84960889816284,169104
95.85238027572632,169104
95.85514497756958,169104
95.85790967941284,169104
95.86067461967468,169104
95.86345958709717,169104
95.86622524261475,169104
95.86900210380554,169104
95.87177848815918,169104
95.87454271316528,169104
95.87730598449707,169104
95.88007044792175,169104
95.88284754753113,169104
95.8856098651886,169104
95.88836717605591,169104
95.89114046096802,169104
95.89391040802002,169104
95.89667201042175,169104
95.89943265914917,169104
95.90220308303833,169104
95.90497088432312,169104
95.90772461891174,169104
95.91048431396484,169104
95.91326880455017,169104
95.9160406589508,169104
95.91881108283997,169104
95.92157554626465,169104
95.92434000968933,169104
95.92711234092712,169104
95.92988014221191,169104
95.93264484405518,169104
95.9354043006897,169104
95.93817472457886,169104
95.94095540046692,169104
95.94371342658997,169104
95.94647789001465,169104
95.94924998283386,169104
95.95202875137329,169104
95.9547975063324,169104
95.9575526714325,169104
95.96031284332275,169104
95.96310186386108,169104
95.96587371826172,169104
95.96863317489624,169104
95.97140336036682,169104
95.97417664527893,169104
95.97694444656372,169104
95.97971510887146,169104
95.98249650001526,169104
95.98526644706726,169104
95.98803210258484,169104
95.99081182479858,169104
95.99357390403748,169104
95.99634194374084,169104
95.99910950660706,169104
96.00188755989075,169104
96.0046443939209,169104
96.0074074268341,169104
96.01017379760742,169104
96.01295447349548,169104
96.01571249961853,169104
96.01847171783447,169104
96.02124381065369,169104
96.02401113510132,169104
96.02677631378174,169104
96.0295341014862,169104
96.03231406211853,169104
96.03509163856506,169104
96.03785371780396,169104
96.04061245918274,169104
96.04338645935059,169104
96.04615449905396,169104
96.04892039299011,169104
96.05169796943665,169104
96.0544662475586,169104
96.05722880363464,169104
96.05999708175659,169104
96.06278157234192,169104
96.06554055213928,169104
96.06830477714539,169104
96.07107973098755,169104
96.07384967803955,169104
96.07661390304565,169104
96.07937359809875,169104
96.08215355873108,169104
96.08492660522461,169104
96.08768630027771,169104
96.09045624732971,169104
96.0932343006134,169104
96.09600615501404,169104
96.0987696647644,169104
96.10153484344482,169104
96.10429787635803,169104
96.10706925392151,169104
96.10982918739319,169104
96.1126000881195,169104
96.11535859107971,169104
96.11812257766724,169104
96.12090516090393,169104
96.1236720085144,169104
96.1264398097992,169104
96.12920498847961,169104
96.13198518753052,169104
96.13475465774536,169104
96.13751006126404,169104
96.14027857780457,169104
96.14306211471558,169104
96.1458330154419,169104
96.14859175682068,169104
96.15137028694153,169104
96.15413904190063,169104
96.15691041946411,169104
96.15967464447021,169104
96.16245079040527,169104
96.16521692276001,169104
96.16798663139343,169104
96.1707706451416,169104
96.17352795600891,169104
96.17628812789917,169104
96.17905902862549,169104
96.18183922767639,169104
96.18459630012512,169104
96.1873562335968,169104
96.19012308120728,169104
96.19290351867676,169104
96.1956615447998,169104
96.19842553138733,169104
96.2012071609497,169104
96.20397639274597,169104
96.20674562454224,169104
96.20950102806091,169104
96.2122814655304,169104
96.2150604724884,169104
96.21782541275024,169104
96.2205901145935,169104
96.2233669757843,169104
96.22613191604614,169104
96.22889256477356,169104
96.23166275024414,169104
96.23443055152893,169104
96.23719382286072,169104
96.23995733261108,169104
96.24273705482483,169104
96.24548673629761,169104
96.24825382232666,169104
96.25103878974915,169104
96.25380277633667,169104
96.25655603408813,169104
96.25931310653687,169104
96.26209783554077,169104
96.26486945152283,169104
96.2676329612732,169104
96.27039647102356,169104
96.27318215370178,169104
96.2759485244751,169104
96.2787082195282,169104
96.28148031234741,169104
96.28424954414368,169104
96.28701376914978,169104
96.28978872299194,169104
96.29255628585815,169104
96.29532527923584,169104
96.29809474945068,169104
96.30087018013,169104
96.30363655090332,169104
96.30640363693237,169104
96.30916786193848,169104
96.31195139884949,169104
96.31470584869385,169104
96.31746983528137,169104
96.32023501396179,169104
96.32301688194275,169104
96.32577157020569,169104
96.32852959632874,169104
96.33130836486816,169104
96.33407497406006,169104
96.3368444442749,169104
96.33961057662964,169104
96.3423764705658,169104
96.34514474868774,169104
96.34791874885559,169104
96.35067796707153,169104
96.35344910621643,169104
96.35621666908264,169104
96.3589940071106,169104
96.36177444458008,169104
96.36452555656433,169104
96.36728882789612,169104
96.37005758285522,169104
96.37283253669739,169104
96.37558770179749,169104
96.37835478782654,169104
96.38113474845886,169104
96.38389921188354,169104
96.38665390014648,169104
96.38942265510559,169104
96.39219760894775,169104
96.39496493339539,169104
96.39772486686707,169104
96.40048861503601,169104
96.4032609462738,169104
96.4060287475586,169104
96.40879511833191,169104
96.41156053543091,169104
96.41433024406433,169104
96.41709494590759,169104
96.41986632347107,169104
96.4226381778717,169104
96.42539548873901,169104
96.42816352844238,169104
96.43094611167908,169104
96.43370366096497,169104
96.43646001815796,169104
96.43923807144165,169104
96.44201111793518,169104
96.4447853565216,169104
96.44754528999329,169104
96.4503059387207,169104
96.45307445526123,169104
96.45584464073181,169104
96.45860147476196,169104
96.4613709449768,169104
96.46413397789001,169104
96.46690034866333,169104
96.46965718269348,169104
96.47242736816406,169104
96.47519755363464,169104
96.47796654701233,169104
96.48074078559875,169104
96.48349142074585,169104
96.48626112937927,169104
96.48902630805969,169104
96.49181318283081,169104
96.4945740699768,169104
96.4973394870758,169104
96.5001130104065,169104
96.50289273262024,169104
96.5056505203247,169104
96.50840616226196,169104
96.51118397712708,169104
96.51395416259766,169104
96.51671314239502,169104
96.51946973800659,169104
96.52224731445312,169104
96.5250186920166,169104
96.5277853012085,169104
96.53054213523865,169104
96.53331661224365,169104
96.53607773780823,169104
96.53884220123291,169104
96.54161643981934,169104
96.5443799495697,169104
96.54714059829712,169104
96.5499005317688,169104
96.55266690254211,169104
96.55544328689575,169104
96.55821299552917,169104
96.56099057197571,169104
96.56375789642334,169104
96.56651973724365,169104
96.56927704811096,169104
96.57205963134766,169104
96.57482481002808,169104
96.57758498191833,169104
96.58034157752991,169104
96.5831184387207,169104
96.58588433265686,169104
96.58864736557007,169104
96.59140706062317,169104
96.59417605400085,169104
96.59694480895996,169104
96.59971308708191,169104
96.60248017311096,169104
96.6052474975586,169104
96.6080071926117,169104
96.61078596115112,169104
96.61353969573975,169104
96.61629676818848,169104
96.6190595626831,169104
96.62184023857117,169104
96.62460279464722,169104
96.62736940383911,169104
96.6301326751709,169104
96.63291525840759,169104
96.6356725692749,169104
96.63844037055969,169104
96.6412193775177,169104
96.64400362968445,169104
96.64676594734192,169104
96.6495258808136,169104
96.65230965614319,169104
96.6550817489624,169104
96.65784978866577,169104
96.66060972213745,169104
96.66338157653809,169104
96.6661446094513,169104
96.66891360282898,169104
96.6716890335083,169104
96.67444968223572,169104
96.67721152305603,169104
96.67998433113098,169104
96.6827564239502,169104
96.68551301956177,169104
96.68828010559082,169104
96.69106030464172,169104
96.69382667541504,169104
96.69658422470093,169104
96.69935083389282,169104
96.70212602615356,169104
96.70489645004272,169104
96.70765042304993,169104
96.71041917800903,169104
96.71320867538452,169104
96.71597409248352,169104
96.7187352180481,169104
96.72150158882141,169104
96.72427296638489,169104
96.72704529762268,169104
96.72980904579163,169104
96.73257613182068,169104
96.7353413105011,169104
96.7381112575531,169104
96.74089241027832,169104
96.74366331100464,169104
96.74642014503479,169104
96.74918556213379,169104
96.75196766853333,169104
96.75473356246948,169104
96.75748825073242,169104
96.76025128364563,169104
96.76302218437195,169104
96.76579213142395,169104
96.76854228973389,169104
96.77131485939026,169104
96.77407813072205,169104
96.77684998512268,169104
96.7796106338501,169104
96.78238534927368,169104
96.78516006469727,169104
96.78793406486511,169104
96.79069375991821,169104
96.79346561431885,169104
96.79623365402222,169104
96.79901003837585,169104
96.80178356170654,169104
96.80454540252686,169104
96.80730986595154,169104
96.81007599830627,169104
96.8128592967987,169104
96.81562376022339,169104
96.81838607788086,169104
96.82116389274597,169104
96.82393407821655,169104
96.82669401168823,169104
96.82946157455444,169104
96.83223843574524,169104
96.83500599861145,169104
96.83777356147766,169104
96.84052848815918,169104
96.84329605102539,169104
96.84605884552002,169104
96.84881973266602,169104
96.85158514976501,169104
96.85434913635254,169104
96.85711765289307,169104
96.85988545417786,169104
96.86266016960144,169104
96.8654236793518,169104
96.86818790435791,169104
96.87096667289734,169104
96.87374210357666,169104
96.87650561332703,169104
96.8792655467987,169104
96.88204455375671,169104
96.88481831550598,169104
96.8875823020935,169104
96.89033722877502,169104
96.89311838150024,169104
96.89588522911072,169104
96.89864301681519,169104
96.90140652656555,169104
96.90417957305908,169104
96.90694999694824,169104
96.90970969200134,169104
96.9124846458435,169104
96.91524982452393,169104
96.91801428794861,169104
96.92079520225525,169104
96.92355036735535,169104
96.92631268501282,169104
96.92908191680908,169104
96.93186450004578,169104
96.93463277816772,169104
96.93739986419678,169104
96.94016575813293,169104
96.94294548034668,169104
96.94570660591125,169104
96.94846677780151,169104
96.9512403011322,169104
96.95401287078857,169104
96.95677876472473,169104
96.9595320224762,169104
96.96230125427246,169104
96.96505880355835,169104
96.96782612800598,169104
96.97058534622192,169104
96.97335290908813,169104
96.97611832618713,169104
96.97889232635498,169104
96.98166513442993,169104
96.98442840576172,169104
96.98719596862793,169104
96.98996353149414,169104
96.99273324012756,169104
96.99548888206482,169104
96.99825048446655,169104
97.00103163719177,169104
97.00380492210388,169104
97.00655889511108,169104
97.00933027267456,169104
97.0121078491211,169104
97.01487374305725,169104
97.0176408290863,169104
97.02040147781372,169104
97.02317547798157,169104
97.02594184875488,169104
97.02870273590088,169104
97.03148245811462,169104
97.03424668312073,169104
97.03701138496399,169104
97.03977394104004,169104
97.04254508018494,169104
97.04531455039978,169104
97.04808568954468,169104
97.05086493492126,169104
97.053631067276,169104
97.056391954422,169104
97.05915355682373,169104
97.06193256378174,169104
97.06469798088074,169104
97.067467212677,169104
97.07023787498474,169104
97.07301592826843,169104
97.07578921318054,169104
97.07854509353638,169104
97.08132529258728,169104
97.08409309387207,169104
97.08686423301697,169104
97.0896258354187,169104
97.09240365028381,169104
97.09517073631287,169104
97.09794473648071,169104
97.10070562362671,169104
97.10347986221313,169104
97.10624623298645,169104
97.10901141166687,169104
97.11178922653198,169104
97.1145453453064,169104
97.11731052398682,169104
97.12007594108582,169104
97.12285447120667,169104
97.12561678886414,169104
97.12838387489319,169104
97.1311616897583,169104
97.13393688201904,169104
97.13669538497925,169104
97.1394567489624,169104
97.14223623275757,169104
97.14500641822815,169104
97.14777779579163,169104
97.1505343914032,169104
97.15331792831421,169104
97.15608167648315,169104
97.15884971618652,169104
97.16162395477295,169104
97.16439533233643,169104
97.16715502738953,169104
97.16992497444153,169104
97.17269134521484,169104
97.17546463012695,169104
97.1782341003418,169104
97.1810188293457,169104
97.18379282951355,169104
97.18655514717102,169104
97.18931698799133,169104
97.19210076332092,169104
97.19486784934998,169104
97.19762420654297,169104
97.20037984848022,169104
97.20315933227539,169104
97.20591950416565,169104
97.20867824554443,169104
97.21145343780518,169104
97.21421194076538,169104
97.21698045730591,169104
97.21975231170654,169104
97.22251319885254,169104
97.22528266906738,169104
97.22805213928223,169104
97.23082900047302,169104
97.23359370231628,169104
97.23635768890381,169104
97.2391266822815,169104
97.24191045761108,169104
97.2446722984314,169104
97.24743580818176,169104
97.25019788742065,169104
97.25297784805298,169104
97.25574135780334,169104
97.25850248336792,169104
97.2612693309784,169104
97.26403713226318,169104
97.26680541038513,169104
97.26956939697266,169104
97.27234101295471,169104
97.27511978149414,169104
97.27788805961609,169104
97.28065180778503,169104
97.28342723846436,169104
97.28619837760925,169104
97.28897166252136,169104
97.29174757003784,169104
97.29451155662537,169104
97.29727292060852,169104
97.30003547668457,169104
97.30281066894531,169104
97.30557084083557,169104
97.30833864212036,169104
97.31112289428711,169104
97.31389856338501,169104
97.31664991378784,169104
97.3194146156311,169104
97.3221960067749,169104
97.32496809959412,169104
97.3277337551117,169104
97.33049488067627,169104
97.33327102661133,169104
97.33604097366333,169104
97.3388020992279,169104
97.34157729148865,169104
97.34434819221497,169104
97.34712076187134,169104
97.34988856315613,169104
97.35266637802124,169104
97.35543942451477,169104
97.35820484161377,169104
97.3609790802002,169104
97.36375689506531,169104
97.3665120601654,169104
97.36928677558899,169104
97.37206649780273,169104
97.3748517036438,169104
97.37761545181274,169104
97.38037729263306,169104
97.38315463066101,169104
97.38592648506165,169104
97.38869071006775,169104
97.39146208763123,169104
97.39423394203186,169104
97.39701342582703,169104
97.39977693557739,169104
97.40254282951355,169104
97.40529799461365,169104
97.40807485580444,169104
97.41085529327393,169104
97.4136152267456,169104
97.41637825965881,169104
97.41915512084961,169104
97.42193722724915,169104
97.42469716072083,169104
97.42745757102966,169104
97.43023180961609,169104
97.43300914764404,169104
97.43577361106873,169104
97.43852734565735,169104
97.44130444526672,169104
97.44407892227173,169104
97.44684624671936,169104
97.44960284233093,169104
97.45238256454468,169104
97.45515060424805,169104
97.45792078971863,169104
97.46067571640015,169104
97.46345043182373,169104
97.46621823310852,169104
97.468989610672,169104
97.47176504135132,169104
97.474524974823,169104
97.4772880077362,169104
97.48005819320679,169104
97.482839345932,169104
97.48560214042664,169104
97.4883599281311,169104
97.49114847183228,169104
97.49391913414001,169104
97.49668645858765,169104
97.49944949150085,169104
97.50222754478455,169104
97.5049946308136,169104
97.50777173042297,169104
97.5105242729187,169104
97.51330018043518,169104
97.51606440544128,169104
97.51882410049438,169104
97.52159190177917,169104
97.5243592262268,169104
97.52713108062744,169104
97.52989959716797,169104
97.53267097473145,169104
97.53543186187744,169104
97.53819537162781,169104
97.54097175598145,169104
97.54374384880066,169104
97.54650449752808,169104
97.54926872253418,169104
97.55204582214355,169104
97.5548107624054,169104
97.55756902694702,169104
97.56033372879028,169104
97.5631172657013,169104
97.5658791065216,169104
97.5686457157135,169104
97.57141733169556,169104
97.57418942451477,169104
97.57695984840393,169104
97.5797233581543,169104
97.58249258995056,169104
97.58526015281677,169104
97.58803296089172,169104
97.59081697463989,169104
97.59365844726562,169104
97.59641671180725,169104
97.59917688369751,169104
97.60195732116699,169104
97.60472345352173,169104
97.6074948310852,169104
97.61025500297546,169104
97.61303734779358,169104
97.61580777168274,169104
97.61856579780579,169104
97.62134027481079,169104
97.62411332130432,169104
97.626882314682,169104
97.62963914871216,169104
97.63241243362427,169104
97.63518810272217,169104
97.63795852661133,169104
97.64072442054749,169104
97.64349818229675,169104
97.64626741409302,169104
97.64903569221497,169104
97.65181756019592,169104
97.6545774936676,169104
97.65734624862671,169104
97.66010761260986,169104
97.66288924217224,169104
97.66565370559692,169104
97.66842222213745,169104
97.67119598388672,169104
97.67397046089172,169104
97.6767361164093,169104
97.67949771881104,169104
97.6822714805603,169104
97.68504405021667,169104
97.6878125667572,169104
97.69058465957642,169104
97.69335746765137,169104
97.69612646102905,169104
97.69889092445374,169104
97.70166826248169,169104
97.70443606376648,169104
97.70720958709717,169104
97.70997929573059,169104
97.71276307106018,169104
97.71551704406738,169104
97.71828484535217,169104
97.72106909751892,169104
97.7238495349884,169104
97.72660613059998,169104
97.72937488555908,169104
97.73215007781982,169104
97.73492550849915,169104
97.73768281936646,169104
97.74044370651245,169104
97.74321961402893,169104
97.74598979949951,169104
97.74876999855042,169104
97.75154280662537,169104
97.75430750846863,169104
97.75707960128784,169104
97.75985050201416,169104
97.76261949539185,169104
97.76537847518921,169104
97.76814270019531,169104
97.7709174156189,169104
97.77368211746216,169104
97.77643990516663,169104
97.77920866012573,169104
97.78198051452637,169104
97.78474855422974,169104
97.78751182556152,169104
97.79028463363647,169104
97.79306840896606,169104
97.79583525657654,169104
97.798593044281,169104
97.80138182640076,169104
97.80415654182434,169104
97.80692505836487,169104
97.80968165397644,169104
97.81246185302734,169104
97.81522631645203,169104
97.81800055503845,169104
97.82077836990356,169104
97.82354307174683,169104
97.82630515098572,169104
97.82907176017761,169104
97.83184432983398,169104
97.83461403846741,169104
97.83736991882324,169104
97.8401391506195,169104
97.84291791915894,169104
97.84568500518799,169104
97.8484411239624,169104
97.85122299194336,169104
97.85399770736694,169104
97.85676717758179,169104
97.85952019691467,169104
97.86229848861694,169104
97.8650734424591,169104
97.86783790588379,169104
97.87058997154236,169104
97.8733720779419,169104
97.87614679336548,169104
97.87891983985901,169104
97.88168549537659,169104
97.884450674057,169104
97.88721323013306,169104
97.88999009132385,169104
97.89275932312012,169104
97.89552164077759,169104
97.89828300476074,169104
97.90106129646301,169104
97.90382552146912,169104
97.90658688545227,169104
97.90935158729553,169104
97.91212868690491,169104
97.91489672660828,169104
97.91766667366028,169104
97.92042374610901,169104
97.92319917678833,169104
97.92596411705017,169104
97.9287223815918,169104
97.93149042129517,169104
97.93426036834717,169104
97.93702912330627,169104
97.93980169296265,169104
97.94257068634033,169104
97.94534015655518,169104
97.94811224937439,169104
97.9508957862854,169104
97.9536600112915,169104
97.95641613006592,169104
97.95918154716492,169104
97.96196126937866,169104
97.96471810340881,169104
97.96748971939087,169104
97.97025179862976,169104
97.97303104400635,169104
97.97580099105835,169104
97.9785647392273,169104
97.98133516311646,169104
97.98410558700562,169104
97.98687553405762,169104
97.98964262008667,169104
97.9924099445343,169104
97.99518084526062,169104
97.99794292449951,169104
98.00071597099304,169104
98.00348711013794,169104
98.00625729560852,169104
98.00902390480042,169104
98.01180338859558,169104
98.01456427574158,169104
98.01732587814331,169104
98.0200879573822,169104
98.02287173271179,169104
98.02562975883484,169104
98.02838611602783,169104
98.0311632156372,169104
98.03393077850342,169104
98.0366907119751,169104
98.03945112228394,169104
98.04222798347473,169104
98.04500341415405,169104
98.04777550697327,169104
98.05053210258484,169104
98.05330777168274,169104
98.05607962608337,169104
98.05885171890259,169104
98.06162905693054,169104
98.06439208984375,169104
98.06716465950012,169104
98.06992697715759,169104
98.0726945400238,169104
98.07545876502991,169104
98.07823348045349,169104
98.08100891113281,169104
98.08377432823181,169104
98.08652901649475,169104
98.08929133415222,169104
98.09206771850586,169104
98.09484076499939,169104
98.09759449958801,169104
98.10036301612854,169104
98.10314631462097,169104
98.10591077804565,169104
98.1086757183075,169104
98.11145281791687,169104
98.1142201423645,169104
98.11699032783508,169104
98.11974549293518,169104
98.12251543998718,169104
98.12528038024902,169104
98.12805509567261,169104
98.13082838058472,169104
98.13359570503235,169104
98.13635420799255,169104
98.13912224769592,169104
98.14189767837524,169104
98.14466547966003,169104
98.14742016792297,169104
98.15018486976624,169104
98.15296864509583,169104
98.15573716163635,169104
98.15849375724792,169104
98.16126012802124,169104
98.16431879997253,169104
98.16941165924072,169104
98.17322587966919,169104
98.17600107192993,169104
98.17876482009888,169104
98.18153643608093,169104
98.18430209159851,169104
98.18707466125488,169104
98.191659450531,169104
98.19619131088257,169104
98.19897103309631,169104
98.20175957679749,169104
98.20451474189758,169104
98.2072925567627,169104
98.21200180053711,169104
98.21705269813538,169104
98.22194647789001,169104
98.22714900970459,169104
98.232106924057,169104
98.23737645149231,169104
98.24240040779114,169104
98.24770951271057,169104
98.25284051895142,169104
98.25811958312988,169104
98.26323699951172,169104
98.2685444355011,169104
98.27363109588623,169104
98.27896809577942,169104
98.28396153450012,169104
98.28931736946106,169104
98.29418563842773,169104
98.2994167804718,169104
98.30417847633362,169104
98.30931162834167,169104
98.31418514251709,169104
98.31925916671753,169104
98.32421445846558,169104
98.3291916847229,169104
98.33428859710693,169104
98.33918619155884,169104
98.34437966346741,169104
98.3493390083313,169104
98.35464549064636,169104
98.35969233512878,169104
98.36499738693237,169104
98.37010717391968,169104
98.37540984153748,169104
98.38051462173462,169104
98.38584613800049,169104
98.39095091819763,169104
98.39626336097717,169104
98.40122842788696,169104
98.40657901763916,169104
98.41145324707031,169104
98.41670322418213,169104
98.42148542404175,169104
98.42660856246948,169104
98.43148636817932,169104
98.43657517433167,169104
98.44155192375183,169104
98.4465343952179,169104
98.451655626297,169104
98.45654296875,169104
98.46178793907166,169104
98.46675968170166,169104
98.47207450866699,169104
98.47710943222046,169104
98.48243403434753,169104
98.48754978179932,169104
98.4928526878357,169104
98.49793457984924,169104
98.50327396392822,169104
98.50834918022156,169104
98.51364970207214,169104
98.51864457130432,169104
98.52401947975159,169104
98.52888751029968,169104
98.53416848182678,169104
98.53891777992249,169104
98.5440981388092,169104
98.54892706871033,169104
98.55408239364624,169104
98.55905103683472,169104
98.56408500671387,169104
98.56913185119629,169104
98.57404279708862,169104
98.57922196388245,169104
98.58416604995728,169104
98.58942413330078,169104
98.59443664550781,169104
98.59972214698792,169104
98.60485696792603,169104
98.6101245880127,169104
98.61522316932678,169104
98.6205370426178,169104
98.62563824653625,169104
98.63096642494202,169104
98.63596844673157,169104
98.64131665229797,169104
98.64620351791382,169104
98.65146994590759,169104
98.65622735023499,169104
98.66140031814575,169104
98.6662483215332,169104
98.67138028144836,169104
98.67635798454285,169104
98.6814112663269,169104
98.68645644187927,169104
98.69135236740112,169104
98.69654321670532,169104
98.70146632194519,169104
98.70675563812256,169104
98.7117567062378,169104
98.71708583831787,169104
98.72219800949097,169104
98.72749519348145,169104
98.73260068893433,169104
98.73792123794556,169104
98.74301195144653,169104
98.74830412864685,169104
98.75330376625061,169104
98.75867795944214,169104
98.76355290412903,169104
98.7687714099884,169104
98.77350187301636,169104
98.77864146232605,169104
98.78350067138672,169104
98.78860282897949,169104
98.79356670379639,169104
98.79854655265808,169104
98.80364227294922,169104
98.80852794647217,169104
98.81373500823975,169104
98.818687915802,169104
98.82400703430176,169104
98.82904267311096,169104
98.83435320854187,169104
98.83948731422424,169104
98.84477210044861,169104
98.84986305236816,169104
98.855220079422,169104
98.86031103134155,169104
98.8656439781189,169104
98.87063550949097,169104
98.87606024742126,169104
98.88094425201416,169104
98.88615131378174,169104
98.89090919494629,169104
98.89604091644287,169104
98.9009017944336,169104
98.90601825714111,169104
98.91099858283997,169104
98.91597938537598,169104
98.92108416557312,169104
98.92598915100098,169104
98.93118739128113,169104
98.93611860275269,169104
98.94139003753662,169104
98.94642066955566,169104
98.95174050331116,169104
98.95685362815857,169104
98.9621422290802,169104
98.96725344657898,169104
98.97259497642517,169104
98.97766757011414,169104
98.98299217224121,169104
98.98796892166138,169104
98.9933853149414,169104
98.9982476234436,169104
99.00344038009644,169104
99.00819373130798,169104
99.01330733299255,169104
99.01817846298218,169104
99.0232629776001,169104
99.02824211120605,169104
99.03322649002075,169104
99.03831052780151,169104
99.04322910308838,169104
99.04840755462646,169104
99.05336999893188,169104
99.05862522125244,169104
99.06365656852722,169104
99.06898093223572,169104
99.07412242889404,169104
99.07931756973267,169104
99.08441662788391,169104
99.08975028991699,169104
99.0948531627655,169104
99.10016441345215,169104
99.10515713691711,169104
99.11050510406494,169104
99.11537671089172,169104
99.12056732177734,169104
99.1253309249878,169104
99.1304543018341,169104
99.13532400131226,169104
99.14041447639465,169104
99.14538860321045,169104
99.15034508705139,169104
99.15545225143433,169104
99.16035485267639,169104
99.16559052467346,169104
99.17055201530457,169104
99.17586207389832,169104
99.18090176582336,169104
99.18620991706848,169104
99.1913161277771,169104
99.1965742111206,169104
99.20165967941284,169104
99.20700144767761,169104
99.21209573745728,169104
99.21742939949036,169104
99.22238779067993,169104
99.22773814201355,169104
99.2325758934021,169104
99.23776865005493,169104
99.24255681037903,169104
99.24769687652588,169104
99.25260066986084,169104
99.25770878791809,169104
99.26268649101257,169104
99.26762413978577,169104
99.27270197868347,169104
99.27758169174194,169104
99.28279376029968,169104
99.28776788711548,169104
99.2930896282196,169104
99.29813170433044,169104
99.30341172218323,169104
99.30853009223938,169104
99.31377649307251,169104
99.31887030601501,169104
99.3241822719574,169104
99.32926607131958,169104
99.33461093902588,169104
99.33956241607666,169104
99.34491229057312,169104
99.349769115448,169104
99.35498690605164,169104
99.35975861549377,169104
99.36488628387451,169104
99.36977219581604,169104
99.37488794326782,169104
99.37985706329346,169104
99.3848352432251,169104
99.38994646072388,169104
99.39484810829163,169104
99.4000551700592,169104
99.40502333641052,169104
99.41032433509827,169104
99.41535544395447,169104
99.42062830924988,169104
99.4257378578186,169104
99.4310348033905,169104
99.43613600730896,169104
99.44146013259888,169104
99.44654750823975,169104
99.45190620422363,169104
99.45687508583069,169104
99.46224236488342,169104
99.46707677841187,169104
99.47230291366577,169104
99.47706151008606,169104
99.48218989372253,169104
99.48707056045532,169104
99.49215030670166,169104
99.49713206291199,169104
99.50209355354309,169104
99.50720000267029,169104
99.51210117340088,169104
99.51729083061218,169104
99.52227306365967,169104
99.52754807472229,169104
99.53260231018066,169104
99.53791403770447,169104
99.54305744171143,169104
99.54827737808228,169104
99.5533857345581,169104
99.55872249603271,169104
99.56383872032166,169104
99.56920051574707,169104
99.57419514656067,169104
99.57954573631287,169104
99.58441233634949,169104
99.58962273597717,169104
99.59438967704773,169104
99.59952068328857,169104
99.60438776016235,169104
99.60946774482727,169104
99.6144347190857,169104
99.61941623687744,169104
99.6245219707489,169104
99.62940573692322,169104
99.6346321105957,169104
99.63958239555359,169104
99.64490580558777,169104
99.64993214607239,169104
99.65522241592407,169104
99.66032671928406,169104
99.66563773155212,169104
99.67071890830994,169104
99.6760721206665,169104
99.6811535358429,169104
99.68645000457764,169104
99.69143295288086,169104
99.6967990398407,169104
99.70164346694946,169104
99.70685362815857,169104
99.71160864830017,169104
99.71674394607544,169104
99.72161912918091,169104
99.72670412063599,169104
99.7316734790802,169104
99.73663377761841,169104
99.74176001548767,169104
99.7466311454773,169104
99.75183653831482,169104
99.75681757926941,169104
99.76214027404785,169104
99.76719617843628,169104
99.77243733406067,169104
99.77753973007202,169104
99.78280019760132,169104
99.787912607193,169104
99.79322099685669,169104
99.79829025268555,169104
99.80361461639404,169104
99.80854558944702,169104
99.8138816356659,169104
99.81870722770691,169104
99.82392907142639,169104
99.82869458198547,169104
99.83388805389404,169104
99.83878111839294,169104
99.8438994884491,169104
99.8488872051239,169104
99.8538167476654,169104
99.85894894599915,169104
99.86384272575378,169104
99.8690733909607,169104
99.87405729293823,169104
99.87937831878662,169104
99.8844347000122,169104
99.88973665237427,169104
99.894859790802,169104
99.90016198158264,169104
99.90527987480164,169104
99.91061878204346,169104
99.91570830345154,169104
99.92104864120483,169104
99.92600274085999,169104
99.93135666847229,169104
99.93621134757996,169104
99.94142746925354,169104
99.94619035720825,169104
99.9513726234436,169104
99.95624542236328,169104
99.96133828163147,169104
99.96629667282104,169104
99.97124338150024,169104
99.97636413574219,169104
99.98125767707825,169104
99.98646521568298,169104
99.99145174026489,169104
99.99676370620728,169104
100.00181913375854,169104
100.00212907791138,169104
