Time,Objective value
0.0030107498168945312,126900
0.0032765865325927734,126900
0.007158994674682617,126900
0.010979652404785156,126900
0.01475667953491211,126900
0.018594026565551758,126900
0.022413969039916992,124610
0.02624058723449707,124610
0.03007960319519043,124610
0.03389143943786621,124610
0.03775310516357422,124610
0.04164552688598633,123980
0.04561352729797363,123980
0.04961895942687988,123980
0.05355262756347656,123980
0.0575711727142334,123480
0.06155705451965332,123480
0.06536459922790527,122330
0.06925201416015625,122330
0.07315635681152344,122330
0.07702493667602539,122330
0.08073639869689941,122330
0.08465337753295898,122330
0.08846068382263184,122330
0.09238934516906738,122330
0.09632444381713867,122330
0.10032248497009277,122330
0.10430359840393066,122330
0.10826921463012695,122330
0.11223125457763672,122330
0.11601734161376953,122330
0.1197519302368164,122330
0.12363743782043457,122330
0.12743854522705078,122330
0.1311323642730713,122330
0.1349351406097412,121180
0.138824462890625,121180
0.14269590377807617,121180
0.14657831192016602,121180
0.15030956268310547,121180
0.15417242050170898,121180
0.15796947479248047,121180
0.16168689727783203,121180
0.16542601585388184,121180
0.1692521572113037,121180
0.17303872108459473,121180
0.1768054962158203,121180
0.18050217628479004,121180
0.1842937469482422,121180
0.18804645538330078,121180
0.1916801929473877,121180
0.1953291893005371,121180
0.19914960861206055,121180
0.20286059379577637,121180
0.20664405822753906,121180
0.21059083938598633,121180
0.2145853042602539,121180
0.21845126152038574,121180
0.22232270240783691,121180
0.22631311416625977,119970
0.23017048835754395,119970
0.23404479026794434,119970
0.23782873153686523,119970
0.24160099029541016,119970
0.24522137641906738,119970
0.2488245964050293,119970
0.25243663787841797,119970
0.25613975524902344,119970
0.2601499557495117,119970
0.26398539543151855,119970
0.26784586906433105,119970
0.2716526985168457,119970
0.2755558490753174,119970
0.27947211265563965,119970
0.2831878662109375,119970
0.286893367767334,119970
0.2906632423400879,119970
0.29448723793029785,119970
0.298290491104126,119970
0.3020439147949219,119970
0.30588531494140625,119970
0.3097066879272461,119970
0.3134951591491699,119970
0.31740379333496094,119970
0.32123875617980957,119970
0.3250296115875244,119970
0.3287618160247803,119970
0.3325042724609375,119970
0.33625006675720215,119970
0.339993953704834,119970
0.34378600120544434,119970
0.3476834297180176,119970
0.35148119926452637,119970
0.35523343086242676,119970
0.35895347595214844,119970
0.3626692295074463,119970
0.36648106575012207,119970
0.3702871799468994,119970
0.3741025924682617,119970
0.3779580593109131,119970
0.3817756175994873,119970
0.38556408882141113,119970
0.38949036598205566,119970
0.39322328567504883,119970
0.3969731330871582,119970
0.4007420539855957,119970
0.4046926498413086,119970
0.4085211753845215,119970
0.4123818874359131,119970
0.41619062423706055,119970
0.4200727939605713,119970
0.42395853996276855,119970
0.4277536869049072,119970
0.4316420555114746,119970
0.4353489875793457,119970
0.43906426429748535,119970
0.44286656379699707,119970
0.44676709175109863,119970
0.45050501823425293,119970
0.45422863960266113,119970
0.45804810523986816,119970
0.4617283344268799,119970
0.4653773307800293,119970
0.46907687187194824,119970
0.4727463722229004,119970
0.4764668941497803,119970
0.4801926612854004,119970
0.48395466804504395,119970
0.48781251907348633,119970
0.4917113780975342,119970
0.4955251216888428,119970
0.4993252754211426,119970
0.503136396408081,119970
0.5069618225097656,119970
0.5107738971710205,119970
0.5146455764770508,119970
0.5185492038726807,119970
0.522336483001709,119970
0.5259764194488525,119970
0.5297596454620361,119970
0.5334084033966064,119970
0.5371332168579102,119970
0.5408644676208496,119970
0.5445940494537354,119970
0.5483291149139404,119970
0.5520498752593994,119970
0.5558218955993652,119970
0.5595011711120605,119970
0.5631721019744873,119970
0.5668501853942871,119970
0.5706069469451904,119970
0.5742740631103516,119970
0.577974796295166,119970
0.5816924571990967,119970
0.5855045318603516,119970
0.5891492366790771,119970
0.5928325653076172,119970
0.5965292453765869,119970
0.6002547740936279,119970
0.6039512157440186,119970
0.6076662540435791,119970
0.6114912033081055,119970
0.6152148246765137,119970
0.6189637184143066,119970
0.6227617263793945,119970
0.6265852451324463,119970
0.6304576396942139,119970
0.6343226432800293,119970
0.6381702423095703,119970
0.6420402526855469,119970
0.6458957195281982,119970
0.649763822555542,119970
0.6536192893981934,119970
0.6575253009796143,119970
0.6612324714660645,119970
0.6650269031524658,119970
0.6687581539154053,119970
0.6725313663482666,119970
0.6764113903045654,119970
0.6802034378051758,119970
0.6840503215789795,113960
0.6878108978271484,113960
0.6916525363922119,113960
0.695554256439209,113960
0.699270486831665,113960
0.702979564666748,113960
0.7066566944122314,113960
0.71038818359375,113960
0.714069128036499,113960
0.7178206443786621,113960
0.7215688228607178,113960
0.7253906726837158,113960
0.729252815246582,113960
0.7330441474914551,113960
0.7369410991668701,113960
0.7407112121582031,113960
0.7444729804992676,113960
0.7482619285583496,113960
0.7520687580108643,113960
0.7558863162994385,113960
0.7597134113311768,113960
0.7637112140655518,113960
0.7675759792327881,113960
0.7715580463409424,113960
0.7753231525421143,113960
0.7792625427246094,113960
0.7830746173858643,113960
0.7870416641235352,113960
0.7909317016601562,113960
0.7946138381958008,113960
0.7983307838439941,113960
0.8020224571228027,113960
0.8057332038879395,113960
0.8094704151153564,113960
0.8132107257843018,113960
0.8169524669647217,113960
0.8207008838653564,113960
0.8245201110839844,113960
0.8283796310424805,113960
0.8322420120239258,113960
0.8360834121704102,113960
0.8399519920349121,113960
0.8438005447387695,113960
0.8476569652557373,113960
0.8515164852142334,113960
0.8553719520568848,113960
0.8592391014099121,113960
0.863133430480957,113960
0.866823673248291,113960
0.870560884475708,113960
0.8743157386779785,113960
0.8781332969665527,113960
0.8819937705993652,113960
0.8858485221862793,113960
0.8897247314453125,113960
0.8935818672180176,113960
0.8974497318267822,113960
0.9011540412902832,113960
0.9048342704772949,113960
0.9085483551025391,113960
0.9123187065124512,113960
0.9161279201507568,113960
0.9199888706207275,113960
0.9238357543945312,113960
0.9276983737945557,113960
0.9314959049224854,113960
0.9352648258209229,113960
0.9391546249389648,113960
0.9428896903991699,113960
0.9466097354888916,113960
0.9503719806671143,113960
0.9541275501251221,113960
0.9577419757843018,113960
0.961313009262085,113960
0.9648611545562744,113960
0.968414306640625,113960
0.9718766212463379,113960
0.9753425121307373,113960
0.9787721633911133,113960
0.9822399616241455,113960
0.9856734275817871,113960
0.9891095161437988,113960
0.9925472736358643,113960
0.9960019588470459,113960
0.9994869232177734,113960
1.0029680728912354,113960
1.0064635276794434,113960
1.0099945068359375,113960
1.0135362148284912,113960
1.0170738697052002,113960
1.0206007957458496,113960
1.0241022109985352,113960
1.0276048183441162,113960
1.0311322212219238,113960
1.0346429347991943,113960
1.0381700992584229,113960
1.0417232513427734,113960
1.045276403427124,113960
1.0488150119781494,113960
1.0523743629455566,113960
1.055906057357788,113960
1.059462070465088,113960
1.0630013942718506,113960
1.0665433406829834,113960
1.0700891017913818,113960
1.0736138820648193,113960
1.0771288871765137,113960
1.0806796550750732,113960
1.0842316150665283,113960
1.087773323059082,113960
1.0913341045379639,113960
1.0948724746704102,113960
1.0984148979187012,113960
1.1019620895385742,113960
1.1055083274841309,113960
1.109039068222046,113960
1.1125872135162354,113960
1.1161258220672607,113960
1.119675874710083,113960
1.123215675354004,113960
1.1267330646514893,113960
1.1302478313446045,113960
1.1337618827819824,113960
1.1373016834259033,113960
1.1409478187561035,113960
1.1444315910339355,113960
1.1479160785675049,113960
1.1514344215393066,113960
1.1549196243286133,113960
1.1584484577178955,113960
1.1619937419891357,113960
1.1655349731445312,113960
1.169076919555664,113960
1.1727280616760254,113960
1.1762974262237549,113960
1.1797542572021484,113960
1.1831984519958496,113960
1.186657428741455,113960
1.1901295185089111,113960
1.1936192512512207,113960
1.1971068382263184,113960
1.200730800628662,113960
1.2042229175567627,113960
1.2077014446258545,113960
1.2112069129943848,113960
1.2147066593170166,113960
1.2182080745697021,113960
1.2217302322387695,113960
1.2252709865570068,113960
1.2289090156555176,113960
1.2324047088623047,113960
1.2358813285827637,113960
1.2393872737884521,113960
1.242908000946045,113960
1.2464501857757568,113960
1.2499785423278809,113960
1.253476858139038,113960
1.256990671157837,113960
1.2605385780334473,113960
1.2640783786773682,113960
1.2676212787628174,113960
1.2711687088012695,113960
1.2747104167938232,113960
1.2782642841339111,113960
1.281804084777832,113960
1.2853426933288574,113960
1.2888779640197754,113960
1.2924363613128662,113960
1.295968770980835,113960
1.2995264530181885,113960
1.3031225204467773,113960
1.3066236972808838,113960
1.3101279735565186,113960
1.3136622905731201,113960
1.3171916007995605,113960
1.320690393447876,113960
1.3242135047912598,113960
1.3277413845062256,113960
1.3313016891479492,113960
1.3348312377929688,113960
1.338379144668579,113960
1.3419241905212402,113960
1.3454663753509521,113960
1.348999261856079,113960
1.3525564670562744,113960
1.3560936450958252,113960
1.35964035987854,113960
1.3631854057312012,113960
1.366720199584961,113960
1.3702712059020996,113960
1.373809576034546,113960
1.3773469924926758,113960
1.3808963298797607,113960
1.3844385147094727,113960
1.3879735469818115,113960
1.3915290832519531,113960
1.3950672149658203,113960
1.3986046314239502,113960
1.4021577835083008,113960
1.4056951999664307,113960
1.4092507362365723,113960
1.4127883911132812,113960
1.4163358211517334,113960
1.41988205909729,113960
1.4234318733215332,113960
1.4269318580627441,113960
1.4304282665252686,113960
1.434014081954956,113960
1.4376521110534668,113960
1.4411299228668213,113960
1.4446122646331787,113960
1.4481003284454346,113960
1.4516348838806152,113960
1.4551820755004883,113960
1.4587211608886719,113960
1.4622771739959717,113960
1.465794324874878,113960
1.4693191051483154,113960
1.4728538990020752,113960
1.4763975143432617,113960
1.479942798614502,113960
1.4834868907928467,113960
1.487020492553711,113960
1.4905719757080078,113960
1.494105577468872,113960
1.497642993927002,113960
1.5011653900146484,113960
1.5046615600585938,113960
1.5081686973571777,113960
1.5117120742797852,113960
1.5152578353881836,113960
1.5188980102539062,113960
1.5223746299743652,113960
1.5259435176849365,113960
1.5294101238250732,113960
1.5328612327575684,113960
1.536329984664917,113960
1.539823055267334,113960
1.543318748474121,113960
1.5468313694000244,113960
1.5503854751586914,113960
1.5539214611053467,113960
1.5574603080749512,113960
1.561004877090454,113960
1.564544677734375,113960
1.5680556297302246,113960
1.5715491771697998,113960
1.5750319957733154,113960
1.5785410404205322,113960
1.582061767578125,113960
1.5855908393859863,113960
1.5891354084014893,113960
1.5926799774169922,113960
1.596226692199707,113960
1.5997779369354248,113960
1.6033270359039307,113960
1.606860876083374,113960
1.6104190349578857,113960
1.6140155792236328,113960
1.6175057888031006,113960
1.6210083961486816,113960
1.624527931213379,113960
1.6280686855316162,113960
1.6317124366760254,113960
1.635195016860962,113960
1.6386630535125732,113960
1.642282485961914,113960
1.6457221508026123,113960
1.6491687297821045,113960
1.6526710987091064,113960
1.6561295986175537,113960
1.6596276760101318,113960
1.6631324291229248,113960
1.6666259765625,113960
1.6701648235321045,113960
1.673712968826294,113960
1.6772513389587402,113960
1.6807971000671387,113960
1.6843419075012207,113960
1.6878738403320312,113960
1.6914217472076416,113960
1.694962739944458,113960
1.6985135078430176,113960
1.702059268951416,113960
1.705594778060913,113960
1.7091257572174072,113960
1.712759017944336,113960
1.7162420749664307,113960
1.719724416732788,113960
1.7232234477996826,113960
1.7267379760742188,113960
1.730302095413208,113960
1.7339327335357666,113960
1.73740553855896,113960
1.7408974170684814,113960
1.7443974018096924,113960
1.7479181289672852,113960
1.7514715194702148,113960
1.7550077438354492,113960
1.7585508823394775,113960
1.7620971202850342,113960
1.7656474113464355,113960
1.7691941261291504,113960
1.772731065750122,113960
1.7762761116027832,113960
1.779822826385498,113960
1.7833621501922607,113960
1.7868986129760742,113960
1.7904596328735352,113960
1.7940022945404053,113960
1.7975428104400635,113960
1.8010830879211426,113960
1.8046238422393799,113960
1.8081648349761963,113960
1.811716079711914,113960
1.8152709007263184,113960
1.818812608718872,113960
1.8223650455474854,113960
1.825901746749878,113960
1.8294622898101807,113960
1.8329925537109375,113960
1.836531400680542,113960
1.8400774002075195,113960
1.8436200618743896,113960
1.847151756286621,113960
1.8507020473480225,113960
1.8542451858520508,113960
1.8577885627746582,113960
1.8613440990447998,113960
1.8648772239685059,113960
1.8684215545654297,113960
1.8719744682312012,113960
1.8755197525024414,113960
1.879056453704834,113960
1.8825759887695312,113960
1.8860621452331543,113960
1.8895621299743652,113960
1.8930566310882568,113960
1.8965730667114258,113960
1.9000999927520752,113960
1.90360426902771,113960
1.9071366786956787,113960
1.910689353942871,113960
1.9142327308654785,113960
1.917766809463501,113960
1.9213242530822754,113960
1.9248554706573486,113960
1.9284017086029053,113960
1.9319484233856201,113960
1.9355804920196533,113960
1.9390583038330078,113960
1.9425442218780518,113960
1.9460363388061523,113960
1.9495694637298584,113960
1.9531052112579346,113960
1.9566495418548584,113960
1.960198163986206,113960
1.9637107849121094,113960
1.9672136306762695,113960
1.9708492755889893,113960
1.9743757247924805,113960
1.9779183864593506,113960
1.9815583229064941,113960
1.9850342273712158,113960
1.9885127544403076,113960
1.9920108318328857,113960
1.9955363273620605,113960
1.9990723133087158,113960
2.0026228427886963,113960
2.0061588287353516,113960
2.0097057819366455,113960
2.0132501125335693,113960
2.016789197921753,113960
2.0203511714935303,113960
2.0238776206970215,113960
2.0274252891540527,113960
2.0309743881225586,113960
2.034515380859375,113960
2.038055419921875,113960
2.0417046546936035,113960
2.0451650619506836,113960
2.048645257949829,113960
2.052147626876831,113960
2.055668830871582,113960
2.059222459793091,113960
2.06276535987854,113960
2.0663082599639893,113960
2.0698530673980713,113960
2.073394775390625,113960
2.076930522918701,113960
2.08048152923584,113960
2.0840179920196533,113960
2.0876526832580566,113960
2.0911405086517334,113960
2.094627857208252,113960
2.0981035232543945,113960
2.1016042232513428,113960
2.1051204204559326,113960
2.108661413192749,113960
2.1122183799743652,113960
2.115764856338501,113960
2.119326591491699,113960
2.12286376953125,113960
2.1264023780822754,113960
2.1299502849578857,113960
2.1334903240203857,113960
2.1370279788970947,113960
2.1405835151672363,113960
2.144115924835205,113960
2.1476542949676514,113960
2.1512069702148438,113960
2.1547510623931885,113960
2.158287286758423,113960
2.161834478378296,113960
2.1653788089752197,113960
2.168912649154663,113960
2.172468900680542,113960
2.1760003566741943,113960
2.1795578002929688,113960
2.1830930709838867,113960
2.186634063720703,113960
2.1901872158050537,113960
2.193725347518921,113960
2.197260856628418,113960
2.2007787227630615,113960
2.2042884826660156,113960
2.2079544067382812,113960
2.2115097045898438,113960
2.215052604675293,113960
2.2186012268066406,113960
2.2221431732177734,113960
2.225687026977539,113960
2.2293643951416016,113960
2.2328813076019287,113960
2.2364144325256348,113960
2.2399587631225586,113960
2.243504524230957,113960
2.247036933898926,113960
2.2505886554718018,113960
2.2541275024414062,113960
2.25766921043396,113960
2.261221170425415,113960
2.2647318840026855,113960
2.268232583999634,113960
2.2717514038085938,113960
2.2752938270568848,113960
2.278830051422119,113960
2.282383680343628,113960
2.2859225273132324,113960
2.289480209350586,113960
2.2930171489715576,113960
2.2965643405914307,113960
2.300111770629883,113960
2.3036599159240723,113960
2.3072056770324707,113960
2.310756206512451,113960
2.314300537109375,113960
2.3178317546844482,113960
2.3213870525360107,113960
2.3249244689941406,113960
2.3284685611724854,113960
2.332017660140991,113960
2.335562229156494,113960
2.3390750885009766,113960
2.3425991535186768,113960
2.346135377883911,113960
2.349699020385742,113960
2.3533098697662354,113960
2.3568010330200195,113960
2.3603129386901855,113960
2.363834857940674,113960
2.367344379425049,113960
2.3708322048187256,113960
2.374332904815674,113960
2.377816915512085,113960
2.381324291229248,113960
2.384943962097168,113960
2.3884670734405518,113960
2.3920135498046875,113960
2.395564079284668,113960
2.3991036415100098,113960
2.4026572704315186,113960
2.4062013626098633,113960
2.409745454788208,113960
2.4132914543151855,113960
2.4168262481689453,113960
2.4203786849975586,113960
2.4239184856414795,113960
2.4274520874023438,113960
2.4309966564178467,113960
2.4345288276672363,113960
2.4380626678466797,113960
2.441610813140869,113960
2.4451544284820557,113960
2.448695421218872,113960
2.4522478580474854,113960
2.455883026123047,113960
2.459360122680664,113960
2.4629151821136475,113960
2.4663825035095215,113960
2.469857931137085,113960
2.473343849182129,113960
2.476836681365967,113960
2.4803755283355713,113960
2.4839107990264893,113960
2.487457275390625,113960
2.4910004138946533,113960
2.4945521354675293,113960
2.4980862140655518,113960
2.501640558242798,113960
2.5051815509796143,113960
2.508716344833374,113960
2.5122692584991455,113960
2.515800714492798,113960
2.5193533897399902,113960
2.522895574569702,113960
2.5264337062835693,113960
2.52998423576355,113960
2.533529043197632,113960
2.53706693649292,113960
2.5406196117401123,113960
2.544163227081299,113960
2.547711133956909,113960
2.551267385482788,113960
2.55480694770813,113960
2.5583510398864746,113960
2.5619020462036133,113960
2.56544828414917,113960
2.568981409072876,113960
2.572540283203125,113960
2.576073408126831,113960
2.579627752304077,113960
2.5831618309020996,113960
2.586702823638916,113960
2.590261220932007,113960
2.5938026905059814,113960
2.5973541736602783,113960
2.6008968353271484,113960
2.6044347286224365,113960
2.6079726219177246,113960
2.6115283966064453,113960
2.6150715351104736,113960
2.6186068058013916,113960
2.6221587657928467,113960
2.6257097721099854,113960
2.6292643547058105,113960
2.632800340652466,113960
2.636347532272339,113960
2.6399002075195312,113960
2.6434507369995117,113960
2.6469855308532715,113960
2.650542736053467,113960
2.654081106185913,113960
2.657623052597046,113960
2.6611640453338623,113960
2.6647114753723145,113960
2.6682302951812744,113960
2.6717400550842285,113960
2.675262451171875,113960
2.6787965297698975,113960
2.6823580265045166,113960
2.6858911514282227,113960
2.6894426345825195,113960
2.692981004714966,113960
2.696519613265991,113960
2.700068235397339,113960
2.7036120891571045,113960
2.707145929336548,113960
2.7106945514678955,113960
2.7142367362976074,113960
2.7177717685699463,113960
2.7213258743286133,113960
2.724848985671997,113960
2.72839617729187,113960
2.7319443225860596,113960
2.735488176345825,113960
2.7390220165252686,113960
2.74257755279541,113960
2.7461071014404297,113960
2.749659776687622,113960
2.7532074451446533,113960
2.7567451000213623,113960
2.760300874710083,113960
2.7638392448425293,113960
2.767374038696289,113960
2.770920753479004,113960
2.77445912361145,113960
2.778000593185425,113960
2.781545877456665,113960
2.7850863933563232,113960
2.7886250019073486,113960
2.7921745777130127,113960
2.7957165241241455,113960
2.7992706298828125,113960
2.802809000015259,113960
2.8063509464263916,113960
2.809892416000366,113960
2.813443660736084,113960
2.816981077194214,113960
2.8205320835113525,113960
2.8240554332733154,113960
2.8275954723358154,113960
2.83113956451416,113960
2.8346877098083496,113960
2.8382294178009033,113960
2.841773748397827,113960
2.8453197479248047,113960
2.848855495452881,113960
2.852407932281494,113960
2.855943441390991,113960
2.8594987392425537,113960
2.8630380630493164,113960
2.866576910018921,113960
2.8701303005218506,113960
2.8736703395843506,113960
2.877218246459961,113960
2.8807637691497803,113960
2.8843140602111816,113960
2.8878512382507324,113960
2.891409158706665,113960
2.8949403762817383,113960
2.8984854221343994,113960
2.9020373821258545,113960
2.9055840969085693,113960
2.90912127494812,113960
2.912667751312256,113960
2.9162049293518066,113960
2.9197564125061035,113960
2.923306465148926,113960
2.926920175552368,113960
2.9304144382476807,113960
2.933992862701416,113960
2.937450647354126,113960
2.9409117698669434,113960
2.9443743228912354,113960
2.9478511810302734,113960
2.951361894607544,113960
2.954878091812134,113960
2.958414077758789,113960
2.9619672298431396,113960
2.965507984161377,113960
2.969041585922241,113960
2.9725914001464844,113960
2.976221799850464,113960
2.9797074794769287,113960
2.9831864833831787,113960
2.9866809844970703,113960
2.9901938438415527,113960
2.993712902069092,113960
2.9972596168518066,113960
3.0008010864257812,113960
3.004326343536377,113960
3.007946729660034,113960
3.0114858150482178,113960
3.01499080657959,113960
3.018498182296753,113960
3.0220179557800293,113960
3.025557041168213,113960
3.029102325439453,113960
3.0326311588287354,113960
3.036118507385254,113960
3.0396509170532227,113960
3.043189287185669,113960
3.0467376708984375,113960
3.0502941608428955,113960
3.053830862045288,113960
3.057374954223633,113960
3.060920000076294,113960
3.064471483230591,113960
3.0680153369903564,113960
3.0716536045074463,113960
3.075129985809326,113960
3.0786123275756836,113960
3.0821051597595215,113960
3.0856211185455322,113960
3.0891597270965576,113960
3.092710494995117,113960
3.0962531566619873,113960
3.0997979640960693,113960
3.103344678878784,113960
3.106867551803589,113960
3.110426664352417,113960
3.114036798477173,113960
3.117523670196533,113960
3.1210224628448486,113960
3.1245498657226562,113960
3.1281657218933105,113960
3.1316516399383545,113960
3.1351284980773926,113960
3.1386139392852783,113960
3.1421477794647217,113960
3.145693063735962,113960
3.149244546890259,113960
3.1527862548828125,113960
3.1563358306884766,113960
3.1598868370056152,113960
3.1634292602539062,113960
3.1669623851776123,113960
3.170562982559204,113960
3.17404842376709,113960
3.1775760650634766,113960
3.181119441986084,113960
3.1846585273742676,113960
3.1881983280181885,113960
3.1917428970336914,113960
3.195286273956299,113960
3.1987926959991455,113960
3.2023119926452637,113960
3.205825090408325,113960
3.209376811981201,113960
3.2129127979278564,113960
3.2164604663848877,113960
3.220008611679077,113960
3.2235586643218994,113960
3.227097511291504,113960
3.2306525707244873,113960
3.234199285507202,113960
3.237743854522705,113960
3.241292953491211,113960
3.2448365688323975,113960
3.248379707336426,113960
3.2519242763519287,113960
3.25546932220459,113960
3.259005069732666,113960
3.2625625133514404,113960
3.266096830368042,113960
3.269651412963867,113960
3.273197889328003,113960
3.2767369747161865,113960
3.280386447906494,113960
3.2839419841766357,113960
3.2873880863189697,113960
3.2908437252044678,113960
3.2943062782287598,113960
3.297772169113159,113960
3.3012642860412598,113960
3.304769277572632,113960
3.3082709312438965,113960
3.311802625656128,113960
3.3153464794158936,113960
3.3188858032226562,113960
3.3224432468414307,113960
3.3259739875793457,113960
3.3295257091522217,113960
3.3330705165863037,113960
3.336606979370117,113960
3.340158462524414,113960
3.3437020778656006,113960
3.347243309020996,113960
3.350794792175293,113960
3.3543431758880615,113960
3.3578755855560303,113960
3.3614346981048584,113960
3.364971876144409,113960
3.368520498275757,113960
3.3720672130584717,113960
3.375612497329712,113960
3.379148244857788,113960
3.3826944828033447,113960
3.3862485885620117,113960
3.389793872833252,113960
3.393343925476074,113960
3.3968756198883057,113960
3.40043044090271,113960
3.403975486755371,113960
3.4075167179107666,113960
3.411067485809326,113960
3.4146080017089844,113960
3.4181480407714844,113960
3.4217026233673096,113960
3.4252476692199707,113960
3.428786277770996,113960
3.432340383529663,113960
3.435882091522217,113960
3.4394419193267822,113960
3.4429683685302734,113960
3.4465179443359375,113960
3.4500577449798584,113960
3.4536049365997314,113960
3.4571444988250732,113960
3.4606943130493164,113960
3.4642345905303955,113960
3.467770576477051,113960
3.4713191986083984,113960
3.474862813949585,113960
3.4784023761749268,113960
3.481948137283325,113960
3.4854836463928223,113960
3.489020586013794,113960
3.4925777912139893,113960
3.496112108230591,113960
3.4996583461761475,113960
3.50321364402771,113960
3.506755828857422,113960
3.5103085041046143,113960
3.5138423442840576,113960
3.5173962116241455,113960
3.520944833755493,113960
3.5244956016540527,113960
3.528032064437866,113960
3.5315911769866943,113960
3.535123348236084,113960
3.5386717319488525,113960
3.542222023010254,113960
3.545762777328491,113960
3.5493228435516357,113960
3.5528624057769775,113960
3.5564093589782715,113960
3.559931516647339,113960
3.563441276550293,113960
3.5669541358947754,113960
3.5705034732818604,113960
3.574043035507202,113960
3.577580451965332,113960
3.581127405166626,113960
3.584672451019287,113960
3.588310956954956,113960
3.591783285140991,113960
3.595266103744507,113960
3.598759174346924,113960
3.602292537689209,113960
3.6058342456817627,113960
3.609389066696167,113960
3.612921953201294,113960
3.616464376449585,113960
3.6200058460235596,113960
3.6235463619232178,113960
3.6270782947540283,113960
3.6306283473968506,113960
3.6341614723205566,113960
3.6377017498016357,113960
3.6412546634674072,113960
3.6447904109954834,113960
3.6483383178710938,113960
3.6518826484680176,113960
3.655425786972046,113960
3.658963680267334,113960
3.6625099182128906,113960
3.6660397052764893,113960
3.669598340988159,113960
3.67313814163208,113960
3.6766788959503174,113960
3.68023419380188,113960
3.683774948120117,113960
3.687324047088623,113960
3.690869092941284,113960
3.694416046142578,113960
3.6979479789733887,113960
3.70150089263916,113960
3.705029010772705,113960
3.7085657119750977,113960
3.712114095687866,113960
3.7156550884246826,113960
3.7192060947418213,113960
3.722740411758423,113960
3.726285457611084,113960
3.7299187183380127,113960
3.7334043979644775,113960
3.736872911453247,113960
3.7403883934020996,113960
3.7439026832580566,113960
3.747452735900879,113960
3.750999689102173,113960
3.754551410675049,113960
3.7580740451812744,113960
3.7616209983825684,113960
3.7651546001434326,113960
3.7686972618103027,113960
3.7722532749176025,113960
3.7757859230041504,113960
3.779343605041504,113960
3.7828731536865234,113960
3.7864155769348145,113960
3.7899632453918457,113960
3.793503761291504,113960
3.7970387935638428,113960
3.8005921840667725,113960
3.8041226863861084,113960
3.8076629638671875,113960
3.8112192153930664,113960
3.8148422241210938,113960
3.818328380584717,113960
3.8218157291412354,113960
3.8253142833709717,113960
3.828836679458618,113960
3.8323936462402344,113960
3.835937261581421,113960
3.83950138092041,113960
3.8430426120758057,113960
3.8465871810913086,113960
3.8501360416412354,113960
3.8536789417266846,113960
3.8572275638580322,113960
3.8607749938964844,113960
3.8643252849578857,113960
3.8679563999176025,113960
3.871441125869751,113960
3.8749148845672607,113960
3.8784139156341553,113960
3.8819544315338135,113960
3.885497808456421,113960
3.889040946960449,113960
3.892591714859009,113960
3.896125078201294,113960
3.8996756076812744,113960
3.9032273292541504,113960
3.906751871109009,113960
3.9103076457977295,113960
3.913853645324707,113960
3.9174046516418457,113960
3.920952558517456,113960
3.924503803253174,113960
3.928029775619507,113960
3.931581735610962,113960
3.935117721557617,113960
3.938659429550171,113960
3.942214250564575,113960
3.9457595348358154,113960
3.949317216873169,113960
3.952857494354248,113960
3.956401824951172,113960
3.9599432945251465,113960
3.9634833335876465,113960
3.967024087905884,113960
3.970580577850342,113960
3.9741172790527344,113960
3.9776673316955566,113960
3.981320858001709,113960
3.9847819805145264,113960
3.988267183303833,113960
3.991767168045044,113960
3.9952967166900635,113960
3.998828411102295,113960
4.002378940582275,113960
4.0059075355529785,113960
4.009461402893066,113960
4.013000965118408,113960
4.016541957855225,113960
4.02009391784668,113960
4.023634433746338,113960
4.027185678482056,113960
4.03073263168335,113960
4.03427529335022,113960
4.037815809249878,113960
4.0413689613342285,113960
4.044903516769409,113960
4.048447608947754,113960
4.051989555358887,113960
4.055535793304443,113960
4.059070587158203,113960
4.062623739242554,113960
4.066159009933472,113960
4.069716930389404,113960
4.0732598304748535,113960
4.0767951011657715,113960
4.08035135269165,113960
4.08389139175415,113960
4.087437868118286,113960
4.090989351272583,113960
4.094533443450928,113960
4.098066568374634,113960
4.101619720458984,113960
4.105217456817627,113960
4.1087164878845215,113960
4.1122260093688965,113960
4.115739107131958,113960
4.119295835494995,113960
4.122828245162964,113960
4.1263720989227295,113960
4.1299097537994385,113960
4.13345193862915,113960
4.136990308761597,113960
4.140544414520264,113960
4.144083499908447,113960
4.147624969482422,113960
4.151170492172241,113960
4.15471625328064,113960
4.158259391784668,113960
4.161809206008911,113960
4.1653618812561035,113960
4.168895244598389,113960
4.1724302768707275,113960
4.175934314727783,113960
4.179485321044922,113960
4.183022737503052,113960
4.186566114425659,113960
4.190115690231323,113960
4.193659543991089,113960
4.197204351425171,113960
4.200754404067993,113960
4.2043986320495605,113960
4.207862854003906,113960
4.211359024047852,113960
4.214860439300537,113960
4.218391418457031,113960
4.221944808959961,113960
4.225493431091309,113960
4.2291014194488525,113960
4.232587575912476,113960
4.236081600189209,113960
4.239621162414551,113960
4.243197441101074,113960
4.2467005252838135,113960
4.250243186950684,113960
4.253783702850342,113960
4.257314920425415,113960
4.260860204696655,113960
4.264408111572266,113960
4.2679443359375,113960
4.271503210067749,113960
4.275047302246094,113960
4.278590679168701,113960
4.282139301300049,113960
4.285685300827026,113960
4.289243459701538,113960
4.292789936065674,113960
4.296337842941284,113960
4.299884557723999,113960
4.303431510925293,113960
4.306977033615112,113960
4.310529708862305,113960
4.314069032669067,113960
4.317626237869263,113960
4.3211681842803955,113960
4.324711799621582,113960
4.328256368637085,113960
4.331802129745483,113960
4.335349082946777,113960
4.3388893604278564,113960
4.342443466186523,113960
4.345982789993286,113960
4.3495423793792725,113960
4.353077411651611,113960
4.35662841796875,113960
4.360183238983154,113960
4.363729000091553,113960
4.367280960083008,113960
4.370840549468994,113960
4.374390125274658,113960
4.377931118011475,113960
4.381582498550415,113960
4.385049343109131,113960
4.388533115386963,113960
4.392043352127075,113960
4.395574331283569,113960
4.399116516113281,113960
4.4026641845703125,113960
4.40620756149292,113960
4.409753322601318,113960
4.413306474685669,113960
4.416843414306641,113960
4.4204113483428955,113960
4.423953533172607,113960
4.427482843399048,113960
4.431013822555542,113960
4.434562921524048,113960
4.438103199005127,113960
4.441656589508057,113960
4.445200443267822,113960
4.448736667633057,113960
4.452304363250732,113960
4.455843448638916,113960
4.459400653839111,113960
4.462951421737671,113960
4.466505289077759,113960
4.470055818557739,113960
4.473608016967773,113960
4.477151870727539,113960
4.48070502281189,113960
4.484257221221924,113960
4.487807750701904,113960
4.491366386413574,113960
4.494898557662964,113960
4.498505592346191,113960
4.502012729644775,113960
4.505519866943359,113960
4.509051322937012,113960
4.512596845626831,113960
4.516136169433594,113960
4.519687652587891,113960
4.523244619369507,113960
4.526785612106323,113960
4.530347585678101,113960
4.5338826179504395,113960
4.537437915802002,113960
4.541085958480835,113960
4.544562578201294,113960
4.548051834106445,113960
4.55159330368042,113960
4.555099010467529,113960
4.558638095855713,113960
4.56220555305481,113960
4.565752744674683,113960
4.569309234619141,113960
4.572946071624756,113960
4.576423168182373,113960
4.579916715621948,113960
4.583423376083374,113960
4.586929798126221,113960
4.590461015701294,113960
4.593955755233765,113960
4.597480535507202,113960
4.601038694381714,113960
4.604588270187378,113960
4.60811972618103,113960
4.6116721630096436,113960
4.615228891372681,113960
4.6187663078308105,113960
4.6223366260528564,113960
4.625872850418091,113960
4.629434823989868,113960
4.632970094680786,113960
4.636512994766235,113960
4.640064477920532,113960
4.643614768981934,113960
4.6471264362335205,113960
4.650638580322266,113960
4.654153823852539,113960
4.657689332962036,113960
4.6612548828125,113960
4.66479754447937,113960
4.668346166610718,113960
4.6718926429748535,113960
4.675443410873413,113960
4.6789844036102295,113960
4.682541131973267,113960
4.68608021736145,113960
4.689636468887329,113960
4.69317364692688,113960
4.696720838546753,113960
4.700284004211426,113960
4.7038257122039795,113960
4.707377672195435,113960
4.710923433303833,113960
4.71446967124939,113960
4.718001842498779,113960
4.721559762954712,113960
4.725099086761475,113960
4.728652477264404,113960
4.732183933258057,113960
4.735676288604736,113960
4.739206790924072,113960
4.742741823196411,113960
4.746295928955078,113960
4.749849319458008,113960
4.7533934116363525,113960
4.756930828094482,113960
4.760486364364624,113960
4.764031410217285,113960
4.767578363418579,113960
4.771125078201294,113960
4.774667978286743,113960
4.778217315673828,113960
4.781761646270752,113960
4.785317420959473,113960
4.7888593673706055,113960
4.7924158573150635,113960
4.795948028564453,113960
4.7995078563690186,113960
4.803049087524414,113960
4.806591749191284,113960
4.810142993927002,113960
4.813683032989502,113960
4.817232847213745,113960
4.820789098739624,113960
4.824337959289551,113960
4.827876329421997,113960
4.831424713134766,113960
4.834969758987427,113960
4.838515758514404,113960
4.842071533203125,113960
4.845622539520264,113960
4.849170684814453,113960
4.852728843688965,113960
4.856276035308838,113960
4.859822511672974,113960
4.863374710083008,113960
4.866918087005615,113960
4.8704750537872314,113960
4.874014139175415,113960
4.877561092376709,113960
4.881111145019531,113960
4.884657144546509,113960
4.8882060050964355,113960
4.891760349273682,113960
4.895305395126343,113960
4.8988401889801025,113960
4.902397155761719,113960
4.905947208404541,113960
4.909503936767578,113960
4.913049936294556,113960
4.916599273681641,113960
4.920150995254517,113960
4.923692226409912,113960
4.92724084854126,113960
4.930786609649658,113960
4.934333801269531,113960
4.937875986099243,113960
4.941436767578125,113960
4.944983005523682,113960
4.948529243469238,113960
4.952077627182007,113960
4.955624341964722,113960
4.959171533584595,113960
4.9627320766448975,113960
4.966285705566406,113960
4.969833850860596,113960
4.973383665084839,113960
4.976918935775757,113960
4.980480670928955,113960
4.98401951789856,113960
4.987565755844116,113960
4.991117715835571,113960
4.99312686920166,113960
4.995078802108765,113960
4.997046232223511,113960
4.998994827270508,113960
5.000953197479248,113960
5.002909421920776,113960
5.004878997802734,113960
5.006824493408203,113960
5.008776903152466,113960
5.010739803314209,113960
5.012684106826782,113960
5.014704704284668,113960
5.016649484634399,113960
5.0185866355896,113960
5.020533800125122,113960
5.022544860839844,113960
5.024487018585205,113960
5.026433944702148,113960
5.028380632400513,113960
5.0303380489349365,113960
5.032294511795044,113960
5.034240484237671,113960
5.036173105239868,113960
5.038123369216919,113960
5.040077209472656,113960
5.042022705078125,113960
5.043966293334961,113960
5.0458996295928955,113960
5.047850131988525,113960
5.049803256988525,113960
5.051747560501099,113960
5.053692102432251,113960
5.055635690689087,113960
5.0575854778289795,113960
5.059540033340454,113960
5.0614824295043945,113960
5.063425540924072,113960
5.065372943878174,113960
5.067321062088013,113960
5.0692784786224365,113960
5.071226119995117,113960
5.073161602020264,113960
5.075100898742676,113960
5.077040195465088,113960
5.078981876373291,113960
5.080930948257446,113960
5.082878112792969,113960
5.084820747375488,113960
5.08676552772522,113960
5.088711738586426,113960
5.090665817260742,113960
5.092616319656372,113960
5.09455943107605,113960
5.096510410308838,113960
5.098464488983154,113960
5.1004273891448975,113960
5.102374315261841,113960
5.1043195724487305,113960
5.106263637542725,113960
5.108202695846558,113960
5.110144376754761,113960
5.112086057662964,113960
5.114035367965698,113960
5.1159772872924805,113960
5.11791467666626,113960
5.119860649108887,113960
5.121805191040039,113960
5.123749494552612,113960
5.125696897506714,113960
5.1276445388793945,113960
5.129601001739502,113960
5.131552457809448,113960
5.133499383926392,113960
5.135441780090332,113960
5.137389421463013,113960
5.13934588432312,113960
5.141294002532959,113960
5.14324164390564,113960
5.1451826095581055,113960
5.147122144699097,113960
5.149065256118774,113960
5.151011943817139,113960
5.152954578399658,113960
5.1549036502838135,113960
5.1568520069122314,113960
5.1587934494018555,113960
5.160750865936279,113960
5.162694215774536,113960
5.164639234542847,113960
5.166580438613892,113960
5.168524503707886,113960
5.1704747676849365,113960
5.172421455383301,113960
5.174365520477295,113960
5.176309823989868,113960
5.178259372711182,113960
5.180207014083862,113960
5.182141304016113,113960
5.184088468551636,113960
5.186036109924316,113960
5.1879847049713135,113960
5.189937114715576,113960
5.191884756088257,113960
5.193822860717773,113960
5.195770263671875,113960
5.197709560394287,113960
5.199662446975708,113960
5.201611280441284,113960
5.203552484512329,113960
5.205497980117798,113960
5.207442760467529,113960
5.209394931793213,113960
5.211341619491577,113960
5.213281631469727,113960
5.215217590332031,113960
5.2171595096588135,113960
5.219105243682861,113960
5.221055507659912,113960
5.223003625869751,113960
5.224954128265381,113960
5.226893186569214,113960
5.228835582733154,113960
5.230795621871948,113960
5.232742547988892,113960
5.234681844711304,113960
5.236626863479614,113960
5.238567352294922,113960
5.240521192550659,113960
5.24246621131897,113960
5.244416952133179,113960
5.246354579925537,113960
5.248303413391113,113960
5.250264406204224,113960
5.252208948135376,113960
5.254148006439209,113960
5.256097793579102,113960
5.258039236068726,113960
5.259991407394409,113960
5.2619311809539795,113960
5.263880491256714,113960
5.26582932472229,113960
5.267771005630493,113960
5.269733428955078,113960
5.2716827392578125,113960
5.273627281188965,113960
5.275559425354004,113960
5.277501821517944,113960
5.279460906982422,113960
5.281396865844727,113960
5.283340930938721,113960
5.285280704498291,113960
5.287271499633789,113960
5.289228677749634,113960
5.291159629821777,113960
5.293091773986816,113960
5.295032024383545,113960
5.296970844268799,113960
5.2989137172698975,113960
5.300872325897217,113960
5.302815914154053,113960
5.3047568798065186,113960
5.306700706481934,113960
5.308647871017456,113960
5.310599088668823,113960
5.312536954879761,113960
5.3144800662994385,113960
5.316425800323486,113960
5.318365573883057,113960
5.320326089859009,113960
5.322270154953003,113960
5.324211835861206,113960
5.326152563095093,113960
5.328097581863403,113960
5.330051898956299,113960
5.331990957260132,113960
5.333928108215332,113960
5.33586859703064,113960
5.337810754776001,113960
5.3397626876831055,113960
5.341702699661255,113960
5.343640327453613,113960
5.345582723617554,113960
5.347524404525757,113960
5.3494813442230225,113960
5.351423978805542,113960
5.3533642292022705,113960
5.35530948638916,113960
5.3572492599487305,113960
5.35919976234436,113960
5.361137628555298,113960
5.363086700439453,113960
5.365023612976074,113960
5.366960525512695,113960
5.368903160095215,113960
5.3708579540252686,113960
5.3727991580963135,113960
5.374744892120361,113960
5.376683473587036,113960
5.378702402114868,113960
5.380661725997925,113960
5.382607698440552,113960
5.384542465209961,113960
5.386491060256958,113960
5.388432025909424,113960
5.3903796672821045,113960
5.392318248748779,113960
5.394253253936768,113960
5.3961944580078125,113960
5.398126125335693,113960
5.400076389312744,113960
5.402017116546631,113960
5.403958320617676,113960
5.4058942794799805,113960
5.4078309535980225,113960
5.409777402877808,113960
5.411722421646118,113960
5.413737058639526,113960
5.41568660736084,113960
5.41762900352478,113960
5.419572830200195,113960
5.421513557434082,113960
5.423456430435181,113960
5.425400972366333,113960
5.427347421646118,113960
5.429305791854858,113960
5.4312474727630615,113960
5.433190584182739,113960
5.435127258300781,113960
5.437062501907349,113960
5.439002752304077,113960
5.440952301025391,113960
5.442898988723755,113960
5.444843053817749,113960
5.44678521156311,113960
5.448732376098633,113960
5.4506895542144775,113960
5.452631950378418,113960
5.454579830169678,113960
5.4565269947052,113960
5.458469390869141,113960
5.4604222774505615,113960
5.462361812591553,113960
5.464306116104126,113960
5.4662511348724365,113960
5.468198537826538,113960
5.470147371292114,113960
5.47209095954895,113960
5.4740378856658936,113960
5.4759721755981445,113960
5.477912664413452,113960
5.4798688888549805,113960
5.481815814971924,113960
5.483757734298706,113960
5.485701322555542,113960
5.487639665603638,113960
5.489592790603638,113960
5.491539001464844,113960
5.493488788604736,113960
5.495425224304199,113960
5.497370958328247,113960
5.499318361282349,113960
5.50126576423645,113960
5.5032057762146,113960
5.505140542984009,113960
5.507081747055054,113960
5.509029388427734,113960
5.510981321334839,113960
5.512925863265991,113960
5.514867782592773,113960
5.516803026199341,113960
5.518742322921753,113960
5.520694971084595,113960
5.522629499435425,113960
5.524576902389526,113960
5.526516675949097,113960
5.5284583568573,113960
5.530415058135986,113960
5.532439470291138,113960
5.534375429153442,113960
5.536319017410278,113960
5.538259029388428,113960
5.540215253829956,113960
5.542144775390625,113960
5.544086694717407,113960
5.546014070510864,113960
5.5479466915130615,113960
5.549894094467163,113960
5.551843166351318,113960
5.55377984046936,113960
5.555715322494507,113960
5.557648658752441,113960
5.559607982635498,113960
5.561544179916382,113960
5.563481330871582,113960
5.565420150756836,113960
5.567357540130615,113960
5.569305658340454,113960
5.5712456703186035,113960
5.573181629180908,113960
5.575117826461792,113960
5.577061891555786,113960
5.5789971351623535,113960
5.580941677093506,113960
5.58288049697876,113960
5.584819316864014,113960
5.586759090423584,113960
5.588736057281494,113960
5.590692043304443,113960
5.592629432678223,113960
5.5945634841918945,113960
5.596504211425781,113960
5.5984437465667725,113960
5.6003923416137695,113960
5.602328777313232,113960
5.60426664352417,113960
5.606200933456421,113960
5.608133554458618,113960
5.610083818435669,113960
5.612018585205078,113960
5.613951683044434,113960
5.615885257720947,113960
5.617819309234619,113960
5.6197662353515625,113960
5.621703147888184,113960
5.623645067214966,113960
5.625582695007324,113960
5.627523899078369,113960
5.629472017288208,113960
5.631497383117676,113960
5.633433103561401,113960
5.635372161865234,113960
5.637301445007324,113960
5.639324426651001,113960
5.6412672996521,113960
5.643199443817139,113960
5.64512825012207,113960
5.64706826210022,113960
5.649001359939575,113960
5.65095591545105,113960
5.652892827987671,113960
5.654826402664185,113960
5.656763553619385,113960
5.658701658248901,113960
5.660651445388794,113960
5.662590026855469,113960
5.664525747299194,113960
5.66646933555603,113960
5.66841721534729,113960
5.6703691482543945,113960
5.67231559753418,113960
5.67424750328064,113960
5.6761860847473145,113960
5.6781206130981445,113960
5.680068254470825,113960
5.682005405426025,113960
5.683947324752808,113960
5.685887575149536,113960
5.687824964523315,113960
5.689765691757202,113960
5.691710710525513,113960
5.693650484085083,113960
5.695590257644653,113960
5.697533130645752,113960
5.699498891830444,113960
5.701441526412964,113960
5.703383922576904,113960
5.7053210735321045,113960
5.707258939743042,113960
5.7091991901397705,113960
5.71113920211792,113960
5.713069915771484,113960
5.715003252029419,113960
5.716936111450195,113960
5.718873500823975,113960
5.720835447311401,113960
5.722775936126709,113960
5.7247185707092285,113960
5.726660966873169,113960
5.72860860824585,113960
5.730560064315796,113960
5.732502698898315,113960
5.734439849853516,113960
5.73637843132019,113960
5.738319158554077,113960
5.740275621414185,113960
5.742218971252441,113960
5.74415135383606,113960
5.746094703674316,113960
5.748032093048096,113960
5.749980688095093,113960
5.751914978027344,113960
5.753853797912598,113960
5.755797624588013,113960
5.7577338218688965,113960
5.7596821784973145,113960
5.761620283126831,113960
5.763557434082031,113960
5.765496253967285,113960
5.767444849014282,113960
5.769397974014282,113960
5.77133584022522,113960
5.773279428482056,113960
5.775224208831787,113960
5.777163028717041,113960
5.779098272323608,113960
5.781049013137817,113960
5.78298544883728,113960
5.784927606582642,113960
5.786868333816528,113960
5.788812637329102,113960
5.7907655239105225,113960
5.7927141189575195,113960
5.7946507930755615,113960
5.79659104347229,113960
5.79853367805481,113960
5.8004841804504395,113960
5.802424669265747,113960
5.804367780685425,113960
5.806309223175049,113960
5.808252811431885,113960
5.810203790664673,113960
5.812134742736816,113960
5.814071416854858,113960
5.816012620925903,113960
5.817949056625366,113960
5.819899320602417,113960
5.82183575630188,113960
5.823774099349976,113960
5.825717210769653,113960
5.827661037445068,113960
5.8296074867248535,113960
5.831547498703003,113960
5.833490371704102,113960
5.835428714752197,113960
5.8373658657073975,113960
5.839319944381714,113960
5.841259002685547,113960
5.8431971073150635,113960
5.845127820968628,113960
5.847066640853882,113960
5.849004030227661,113960
5.8509461879730225,113960
5.852888107299805,113960
5.854824066162109,113960
5.856762170791626,113960
5.858703851699829,113960
5.860652208328247,113960
5.862592458724976,113960
5.864532709121704,113960
5.866463899612427,113960
5.868399143218994,113960
5.87034797668457,113960
5.872287750244141,113960
5.8742265701293945,113960
5.876147985458374,113960
5.878089189529419,113960
5.880042314529419,113960
5.881979703903198,113960
5.8839216232299805,113960
5.885852813720703,113960
5.8877832889556885,113960
5.889739274978638,113960
5.891681671142578,113960
5.893622875213623,113960
5.895564794540405,113960
5.897505283355713,113960
5.89945125579834,113960
5.901394844055176,113960
5.90333104133606,113960
5.905273675918579,113960
5.9072182178497314,113960
5.909147262573242,113960
5.9110987186431885,113960
5.9130449295043945,113960
5.914980411529541,113960
5.91691517829895,113960
5.918848276138306,113960
5.920799732208252,113960
5.922739267349243,113960
5.924679517745972,113960
5.9266228675842285,113960
5.928562164306641,113960
5.930514812469482,113960
5.932458162307739,113960
5.934387683868408,113960
5.936327695846558,113960
5.938265800476074,113960
5.940213441848755,113960
5.942146301269531,113960
5.944087743759155,113960
5.946025609970093,113960
5.947963237762451,113960
5.949907541275024,113960
5.95185399055481,113960
5.953792333602905,113960
5.955732107162476,113960
5.957671165466309,113960
5.959626197814941,113960
5.961562156677246,113960
5.963501453399658,113960
5.965447664260864,113960
5.967390775680542,113960
5.969335556030273,113960
5.971270799636841,113960
5.973214626312256,113960
5.9751482009887695,113960
5.977087020874023,113960
5.979028940200806,113960
5.980983257293701,113960
5.982913494110107,113960
5.9848551750183105,113960
5.9868004322052,113960
5.988738536834717,113960
5.990689039230347,113960
5.9926276206970215,113960
5.994571685791016,113960
5.996513605117798,113960
5.998451471328735,113960
6.0004026889801025,113960
6.002349615097046,113960
6.0042853355407715,113960
6.006223678588867,113960
6.008158922195435,113960
6.010103702545166,113960
6.012042284011841,113960
6.013984680175781,113960
6.015913009643555,113960
6.017855882644653,113960
6.0198681354522705,113960
6.021812200546265,113960
6.023755311965942,113960
6.0256922245025635,113960
6.027627944946289,113960
6.0295867919921875,113960
6.031529664993286,113960
6.033465147018433,113960
6.0354108810424805,113960
6.0373475551605225,113960
6.039294719696045,113960
6.041238784790039,113960
6.043168067932129,113960
6.045100927352905,113960
6.047041177749634,113960
6.048970937728882,113960
6.050917387008667,113960
6.052865505218506,113960
6.05480432510376,113960
6.056804180145264,113960
6.058753252029419,113960
6.06071138381958,113960
6.0626490116119385,113960
6.064589738845825,113960
6.066538095474243,113960
6.068480730056763,113960
6.070436239242554,113960
6.07237982749939,113960
6.074321985244751,113960
6.076267719268799,113960
6.07820463180542,113960
6.080152988433838,113960
6.082100868225098,113960
6.084040403366089,113960
6.0859785079956055,113960
6.087916612625122,113960
6.0898683071136475,113960
6.091809034347534,113960
6.093749523162842,113960
6.095691680908203,113960
6.097623348236084,113960
6.099570989608765,113960
6.101515531539917,113960
6.1034605503082275,113960
6.105398893356323,113960
6.107340097427368,113960
6.109289646148682,113960
6.1112306118011475,113960
6.1131651401519775,113960
6.115104913711548,113960
6.117048978805542,113960
6.118989706039429,113960
6.120929956436157,113960
6.122869253158569,113960
6.124814033508301,113960
6.126754283905029,113960
6.128695964813232,113960
6.130646467208862,113960
6.132585525512695,113960
6.134533882141113,113960
6.136472940444946,113960
6.138418436050415,113960
6.140377998352051,113960
6.142322540283203,113960
6.1442646980285645,113960
6.146203279495239,113960
6.148143768310547,113960
6.150094032287598,113960
6.152038812637329,113960
6.153977870941162,113960
6.155915021896362,113960
6.1578528881073,113960
6.159796714782715,113960
6.16174054145813,113960
6.1636786460876465,113960
6.165627956390381,113960
6.167572975158691,113960
6.1695239543914795,113960
6.17147159576416,113960
6.173411846160889,113960
6.175356388092041,113960
6.17729926109314,113960
6.1792519092559814,113960
6.1811909675598145,113960
6.183120012283325,113960
6.1850550174713135,113960
6.186993837356567,113960
6.188936710357666,113960
6.190887928009033,113960
6.192830562591553,113960
6.194777488708496,113960
6.196718215942383,113960
6.1986589431762695,113960
6.200613975524902,113960
6.202553033828735,113960
6.204495429992676,113960
6.206438064575195,113960
6.208375453948975,113960
6.210336208343506,113960
6.212281703948975,113960
6.2142205238342285,113960
6.216153860092163,113960
6.218098402023315,113960
6.220040321350098,113960
6.221976280212402,113960
6.223921060562134,113960
6.2258594036102295,113960
6.22780179977417,113960
6.229757785797119,113960
6.231696128845215,113960
6.233640670776367,113960
6.235581159591675,113960
6.237517833709717,113960
6.239464044570923,113960
6.241407871246338,113960
6.243352651596069,113960
6.245290756225586,113960
6.247228145599365,113960
6.249162912368774,113960
6.25111722946167,113960
6.253057956695557,113960
6.254994869232178,113960
6.256935119628906,113960
6.258873224258423,113960
6.260826349258423,113960
6.262777328491211,113960
6.2647247314453125,113960
6.266667127609253,113960
6.268605709075928,113960
6.270559310913086,113960
6.2724995613098145,113960
6.274440765380859,113960
6.27638053894043,113960
6.27832293510437,113960
6.280280113220215,113960
6.282230854034424,113960
6.284158945083618,113960
6.286101818084717,113960
6.28804349899292,113960
6.289991855621338,113960
6.291926622390747,113960
6.293870687484741,113960
6.295810222625732,113960
6.297749996185303,113960
6.2997047901153564,113960
6.301647663116455,113960
6.303590774536133,113960
6.3055315017700195,113960
6.3074774742126465,113960
6.309431314468384,113960
6.311377048492432,113960
6.313320875167847,113960
6.315269947052002,113960
6.317211151123047,113960
6.31914758682251,113960
6.321102142333984,113960
6.323045969009399,113960
6.324988603591919,113960
6.326932907104492,113960
6.328875780105591,113960
6.330841064453125,113960
6.3327858448028564,113960
6.33473014831543,113960
6.33667516708374,113960
6.338618278503418,113960
6.340579986572266,113960
6.342521667480469,113960
6.344470500946045,113960
6.346412897109985,113960
6.348352432250977,113960
6.350302219390869,113960
6.352250099182129,113960
6.354191303253174,113960
6.356127023696899,113960
6.35806679725647,113960
6.3600170612335205,113960
6.361963510513306,113960
6.36391019821167,113960
6.365849018096924,113960
6.3677942752838135,113960
6.369750022888184,113960
6.371691465377808,113960
6.373636960983276,113960
6.375589370727539,113960
6.3775317668914795,113960
6.379482269287109,113960
6.381428956985474,113960
6.383373260498047,113960
6.38530707359314,113960
6.387252330780029,113960
6.389194965362549,113960
6.3911292552948,113960
6.393075704574585,113960
6.395012617111206,113960
6.396950960159302,113960
6.398897647857666,113960
6.40085768699646,113960
6.402796030044556,113960
6.404735803604126,113960
6.406678199768066,113960
6.408624649047852,113960
6.410576581954956,113960
6.412513971328735,113960
6.414458751678467,113960
6.416404962539673,113960
6.418353080749512,113960
6.42031192779541,113960
6.4222540855407715,113960
6.424197435379028,113960
6.426137685775757,113960
6.42807936668396,113960
6.430030822753906,113960
6.431974411010742,113960
6.433919429779053,113960
6.435853719711304,113960
6.4378015995025635,113960
6.439758539199829,113960
6.441702127456665,113960
6.443646192550659,113960
6.445594310760498,113960
6.447529077529907,113960
6.449481964111328,113960
6.451425075531006,113960
6.4533751010894775,113960
6.455313682556152,113960
6.457259893417358,113960
6.45920991897583,113960
6.461150646209717,113960
6.463100910186768,113960
6.46504545211792,113960
6.466986656188965,113960
6.468923330307007,113960
6.470874309539795,113960
6.472821950912476,113960
6.474767684936523,113960
6.476713418960571,113960
6.478653907775879,113960
6.4806153774261475,113960
6.482553720474243,113960
6.484499454498291,113960
6.486447811126709,113960
6.488394498825073,113960
6.490350246429443,113960
6.492300033569336,113960
6.494243383407593,113960
6.496181011199951,113960
6.498116731643677,113960
6.5000622272491455,113960
6.502011060714722,113960
6.503965139389038,113960
6.505907773971558,113960
6.507852077484131,113960
6.509805202484131,113960
6.51175594329834,113960
6.5137012004852295,113960
6.515651226043701,113960
6.51759672164917,113960
6.519550085067749,113960
6.521494626998901,113960
6.523438453674316,113960
6.52537989616394,113960
6.5273261070251465,113960
6.529278516769409,113960
6.531228303909302,113960
6.533166170120239,113960
6.535106420516968,113960
6.5370495319366455,113960
6.5389862060546875,113960
6.540927410125732,113960
6.542862415313721,113960
6.544810771942139,113960
6.546752452850342,113960
6.548691987991333,113960
6.550652027130127,113960
6.552588701248169,113960
6.554530620574951,113960
6.5564799308776855,113960
6.558426856994629,113960
6.560387849807739,113960
6.562333106994629,113960
6.564275503158569,113960
6.566217422485352,113960
6.568151473999023,113960
6.570106267929077,113960
6.572048902511597,113960
6.573991060256958,113960
6.575930118560791,113960
6.577867269515991,113960
6.57982325553894,113960
6.5817718505859375,113960
6.583714008331299,113960
6.5856568813323975,113960
6.587597370147705,113960
6.589545965194702,113960
6.591491937637329,113960
6.5934367179870605,113960
6.59537672996521,113960
6.597323417663574,113960
6.599278450012207,113960
6.601221561431885,113960
6.603164911270142,113960
6.605106592178345,113960
6.607044219970703,113960
6.608980178833008,113960
6.610921144485474,113960
6.612865924835205,113960
6.614809513092041,113960
6.616752624511719,113960
6.618693590164185,113960
6.620649814605713,113960
6.622591018676758,113960
6.624531984329224,113960
6.626480340957642,113960
6.628429174423218,113960
6.630384683609009,113960
6.632328271865845,113960
6.634269714355469,113960
6.636217355728149,113960
6.638155221939087,113960
6.640113353729248,113960
6.642055988311768,113960
6.643993139266968,113960
6.645932674407959,113960
6.64787745475769,113960
6.649834394454956,113960
6.651781797409058,113960
6.6537275314331055,113960
6.655679225921631,113960
6.65762734413147,113960
6.659580945968628,113960
6.661526203155518,113960
6.663471698760986,113960
6.665411710739136,113960
6.667357683181763,113960
6.6693055629730225,113960
6.6712493896484375,113960
6.673185348510742,113960
6.675121068954468,113960
6.677135229110718,113960
6.679075002670288,113960
6.681039333343506,113960
6.682974576950073,113960
6.684914827346802,113960
6.686862945556641,113960
6.688802003860474,113960
6.690754652023315,113960
6.692701578140259,113960
6.694644927978516,113960
6.6965882778167725,113960
6.698532581329346,113960
6.7004921436309814,113960
6.702435731887817,113960
6.704386472702026,113960
6.706335067749023,113960
6.708279609680176,113960
6.710244417190552,113960
6.712184906005859,113960
6.714127540588379,113960
6.716074228286743,113960
6.718016862869263,113960
6.719963073730469,113960
6.721915245056152,113960
6.723856687545776,113960
6.725801467895508,113960
6.727748394012451,113960
6.72969913482666,113960
6.73164701461792,113960
6.733590364456177,113960
6.735533237457275,113960
6.737472295761108,113960
6.739425897598267,113960
6.741375684738159,113960
6.743317127227783,113960
6.745265960693359,113960
6.747211217880249,113960
6.749155282974243,113960
6.751111268997192,113960
6.753053188323975,113960
6.75499415397644,113960
6.756936073303223,113960
6.7588794231414795,113960
6.760831117630005,113960
6.762798070907593,113960
6.764745712280273,113960
6.766689300537109,113960
6.768631935119629,113960
6.770599126815796,113960
6.7725512981414795,113960
6.774497985839844,113960
6.776443719863892,113960
6.778388738632202,113960
6.780345916748047,113960
6.782289028167725,113960
6.784240007400513,113960
6.786187648773193,113960
6.7881178855896,113960
6.790072679519653,113960
6.792012929916382,113960
6.793959140777588,113960
6.795902729034424,113960
6.797852277755737,113960
6.799813270568848,113960
6.801760911941528,113960
6.803699731826782,113960
6.805645704269409,113960
6.807594537734985,113960
6.8095543384552,113960
6.811498165130615,113960
6.813441514968872,113960
6.815382480621338,113960
6.817326545715332,113960
6.8192808628082275,113960
6.821226358413696,113960
6.823165655136108,113960
6.825104475021362,113960
6.827043771743774,113960
6.828981161117554,113960
6.830931663513184,113960
6.832872152328491,113960
6.834817886352539,113960
6.836761474609375,113960
6.838705062866211,113960
6.84065580368042,113960
6.842675447463989,113960
6.844615697860718,113960
6.8465635776519775,113960
6.848504543304443,113960
6.850461483001709,113960
6.852406978607178,113960
6.854353427886963,113960
6.856304883956909,113960
6.858249187469482,113960
6.860198259353638,113960
6.8621299266815186,113960
6.864069938659668,113960
6.866052627563477,113960
6.86798882484436,113960
6.8699400424957275,113960
6.871881723403931,113960
6.873821258544922,113960
6.875767707824707,113960
6.877716302871704,113960
6.879674673080444,113960
6.881617069244385,113960
6.883561372756958,113960
6.885504484176636,113960
6.88744592666626,113960
6.889404296875,113960
6.891352653503418,113960
6.8932929039001465,113960
6.8952391147613525,113960
6.897184610366821,113960
6.899128437042236,113960
6.9010820388793945,113960
6.903020143508911,113960
6.904958724975586,113960
6.906898736953735,113960
6.908838987350464,113960
6.910798072814941,113960
6.912743091583252,113960
6.9146811962127686,113960
6.916620969772339,113960
6.918567419052124,113960
6.920520305633545,113960
6.922463893890381,113960
6.924410343170166,113960
6.926353454589844,113960
6.928299188613892,113960
6.930259943008423,113960
6.932200908660889,113960
6.934134244918823,113960
6.936076641082764,113960
6.938021183013916,113960
6.939969062805176,113960
6.941904067993164,113960
6.943846225738525,113960
6.945788145065308,113960
6.9477338790893555,113960
6.949690818786621,113960
6.951642274856567,113960
6.953590631484985,113960
6.955529451370239,113960
6.9574713706970215,113960
6.959423542022705,113960
6.9613730907440186,113960
6.963320732116699,113960
6.965264797210693,113960
6.967213153839111,113960
6.969154357910156,113960
6.971098899841309,113960
6.973042249679565,113960
6.974978923797607,113960
6.976919651031494,113960
6.9788658618927,113960
6.980823278427124,113960
6.982762813568115,113960
6.984713792800903,113960
6.986662149429321,113960
6.988609790802002,113960
6.990559101104736,113960
6.9925031661987305,113960
6.994447708129883,113960
6.996403694152832,113960
6.998347282409668,113960
7.000311851501465,113960
7.002257823944092,113960
7.0042033195495605,113960
7.006146669387817,113960
7.008098602294922,113960
7.010054111480713,113960
7.0119948387146,113960
7.013932943344116,113960
7.015875339508057,113960
7.017816781997681,113960
7.019776344299316,113960
7.021722316741943,113960
7.02366304397583,113960
7.025607585906982,113960
7.027554035186768,113960
7.029504060745239,113960
7.0314531326293945,113960
7.03340482711792,113960
7.0353474617004395,113960
7.037286758422852,113960
7.0392420291900635,113960
7.041191101074219,113960
7.043135404586792,113960
7.045073509216309,113960
7.047016143798828,113960
7.048954248428345,113960
7.050908327102661,113960
7.052844285964966,113960
7.054788589477539,113960
7.056729078292847,113960
7.058668613433838,113960
7.060622930526733,113960
7.062568426132202,113960
7.064510107040405,113960
7.066455125808716,113960
7.068401336669922,113960
7.0703654289245605,113960
7.07231330871582,113960
7.07426118850708,113960
7.076195001602173,113960
7.078131914138794,113960
7.080077409744263,113960
7.082022666931152,113960
7.0839643478393555,113960
7.085898399353027,113960
7.087844371795654,113960
7.089799642562866,113960
7.091742515563965,113960
7.093683958053589,113960
7.095629453659058,113960
7.097574234008789,113960
7.0995259284973145,113960
7.101473331451416,113960
7.103422164916992,113960
7.105507850646973,113960
7.109237194061279,113960
7.112898826599121,113960
7.116562128067017,113960
7.120217561721802,113960
7.123861312866211,113960
7.127536773681641,113960
7.131231784820557,113960
7.134913444519043,113960
7.138607978820801,113960
7.142343521118164,113960
7.146069288253784,113960
7.149837255477905,113960
7.15362286567688,113960
7.157443046569824,113960
7.161310195922852,113960
7.165170192718506,113960
7.169025659561157,113960
7.172893524169922,113960
7.1767473220825195,113960
7.180619478225708,113960
7.1844775676727295,113960
7.188340425491333,113960
7.19221043586731,113960
7.196067810058594,113960
7.1999289989471436,113960
7.203807592391968,113960
7.2076780796051025,113960
7.211552858352661,113960
7.215416193008423,113960
7.219295501708984,113960
7.223154067993164,113960
7.227008104324341,113960
7.230872631072998,113960
7.23473596572876,113960
7.238603115081787,113960
7.242475271224976,113960
7.246340751647949,113960
7.250217437744141,113960
7.254071474075317,113960
7.257936716079712,113960
7.261810779571533,113960
7.265681028366089,113960
7.269555330276489,113960
7.273409843444824,113960
7.277265787124634,113960
7.281143426895142,113960
7.285010576248169,113960
7.288868188858032,113960
7.292736053466797,113960
7.296597719192505,113960
7.300470590591431,113960
7.304340839385986,113960
7.308203935623169,113960
7.312066316604614,113960
7.3159239292144775,113960
7.31980299949646,113960
7.323662519454956,113960
7.327534914016724,113960
7.3313093185424805,113960
7.335139989852905,113960
7.3389997482299805,113960
7.342868089675903,113960
7.346726655960083,113960
7.350602626800537,113960
7.354465484619141,113960
7.358330249786377,113960
7.362204313278198,113960
7.366061210632324,113960
7.369939088821411,113960
7.373796224594116,113960
7.377655506134033,113960
7.381523609161377,113960
7.385379076004028,113960
7.389251470565796,113960
7.393098592758179,113960
7.396954774856567,113960
7.400821685791016,113960
7.4046852588653564,113960
7.408545255661011,113960
7.412416696548462,113960
7.4162774085998535,113960
7.420134544372559,113960
7.424002408981323,113960
7.427858591079712,113960
7.431732654571533,113960
7.435598850250244,113960
7.4394707679748535,113960
7.443333864212036,113960
7.447183847427368,113960
7.451048374176025,113960
7.454903602600098,113960
7.458762884140015,113960
7.462643384933472,113960
7.46651029586792,113960
7.470382213592529,113960
7.474240064620972,113960
7.478093147277832,113960
7.481962442398071,113960
7.485823154449463,113960
7.489690065383911,113960
7.493562936782837,113960
7.497424364089966,113960
7.501298189163208,113960
7.505156517028809,113960
7.509016990661621,113960
7.512887239456177,113960
7.516737937927246,113960
7.520609617233276,113960
7.524473190307617,113960
7.528339147567749,113960
7.532208442687988,113960
7.536057472229004,113960
7.539931058883667,113960
7.543785810470581,113960
7.54764199256897,113960
7.551517009735107,113960
7.555382251739502,113960
7.559250116348267,113960
7.563098192214966,113960
7.566948413848877,113960
7.570821523666382,113960
7.57393217086792,113960
7.575878381729126,113960
7.577826023101807,113960
7.579777717590332,113960
7.581721067428589,113960
7.583665370941162,113960
7.5856122970581055,113960
7.587554931640625,113960
7.589519023895264,113960
7.591466426849365,113960
7.593416929244995,113960
7.595361709594727,113960
7.597307205200195,113960
7.599266290664673,113960
7.601215600967407,113960
7.6031553745269775,113960
7.605096101760864,113960
7.607036590576172,113960
7.608978271484375,113960
7.61093282699585,113960
7.612879514694214,113960
7.61482310295105,113960
7.6167707443237305,113960
7.618719816207886,113960
7.620676517486572,113960
7.622613430023193,113960
7.624569416046143,113960
7.626519441604614,113960
7.628461837768555,113960
7.6304237842559814,113960
7.632370471954346,113960
7.6343207359313965,113960
7.636271238327026,113960
7.6382246017456055,113960
7.640174150466919,113960
7.642122507095337,113960
7.644073486328125,113960
7.6460230350494385,113960
7.648056745529175,113960
7.650008201599121,113960
7.651952505111694,113960
7.653899192810059,113960
7.655844688415527,113960
7.657788038253784,113960
7.659751892089844,113960
7.661705732345581,113960
7.663661479949951,113960
7.665607213973999,113960
7.66755223274231,113960
7.669506549835205,113960
7.671446800231934,113960
7.67340087890625,113960
7.675342321395874,113960
7.677288293838501,113960
7.679243564605713,113960
7.681188583374023,113960
7.683127403259277,113960
7.685070037841797,113960
7.687024116516113,113960
7.6889729499816895,113960
7.690919637680054,113960
7.692863702774048,113960
7.694808483123779,113960
7.696758031845093,113960
7.698702096939087,113960
7.700660467147827,113960
7.7026121616363525,113960
7.704554080963135,113960
7.70650315284729,113960
7.708444833755493,113960
7.710409879684448,113960
7.712347030639648,113960
7.714298486709595,113960
7.716246128082275,113960
7.718186855316162,113960
7.72013783454895,113960
7.722087621688843,113960
7.724033832550049,113960
7.725983142852783,113960
7.727924823760986,113960
7.729875564575195,113960
7.731822490692139,113960
7.733768463134766,113960
7.73571252822876,113960
7.737666130065918,113960
7.73961877822876,113960
7.741572618484497,113960
7.743518114089966,113960
7.745460033416748,113960
7.747405767440796,113960
7.749370813369751,113960
7.751317262649536,113960
7.753258943557739,113960
7.755207777023315,113960
7.7571446895599365,113960
7.75908899307251,113960
7.761043310165405,113960
7.762983798980713,113960
7.764927864074707,113960
7.7668750286102295,113960
7.7688212394714355,113960
7.7707765102386475,113960
7.772721290588379,113960
7.774665832519531,113960
7.77661657333374,113960
7.778559923171997,113960
7.780519008636475,113960
7.782468557357788,113960
7.784426927566528,113960
7.786372423171997,113960
7.788316249847412,113960
7.790279388427734,113960
7.792226552963257,113960
7.794173955917358,113960
7.796125888824463,113960
7.798066854476929,113960
7.8000242710113525,113960
7.801970958709717,113960
7.803914546966553,113960
7.8058552742004395,113960
7.807802200317383,113960
7.8097546100616455,113960
7.811707019805908,113960
7.813657760620117,113960
7.815605878829956,113960
7.81754732131958,113960
7.819500684738159,113960
7.821447134017944,113960
7.823402166366577,113960
7.825350761413574,113960
7.827298402786255,113960
7.829260349273682,113960
7.831209659576416,113960
7.833144187927246,113960
7.83509087562561,113960
7.837031841278076,113960
7.838968515396118,113960
7.84092378616333,113960
7.842872381210327,113960
7.844821929931641,113960
7.846760511398315,113960
7.848705530166626,113960
7.850670337677002,113960
7.852619409561157,113960
7.854569673538208,113960
7.856515169143677,113960
7.858461380004883,113960
7.8604185581207275,113960
7.862361669540405,113960
7.864309072494507,113960
7.866256952285767,113960
7.868209362030029,113960
7.8701653480529785,113960
7.872110605239868,113960
7.874061107635498,113960
7.876002311706543,113960
7.877946853637695,113960
7.879896640777588,113960
7.881839990615845,113960
7.883787393569946,113960
7.885733366012573,113960
7.8876793384552,113960
7.889638185501099,113960
7.891587257385254,113960
7.893535137176514,113960
7.895480632781982,113960
7.897430419921875,113960
7.899382591247559,113960
7.901330232620239,113960
7.903275728225708,113960
7.905221700668335,113960
7.907161474227905,113960
7.909105062484741,113960
7.911062002182007,113960
7.9130003452301025,113960
7.914937973022461,113960
7.9169628620147705,113960
7.918912649154663,113960
7.920870542526245,113960
7.922817707061768,113960
7.924760580062866,113960
7.926703929901123,113960
7.928650140762329,113960
7.930614948272705,113960
7.9325621128082275,113960
7.9345033168792725,113960
7.936448812484741,113960
7.9383978843688965,113960
7.940351963043213,113960
7.942298173904419,113960
7.944239616394043,113960
7.946175813674927,113960
7.94812536239624,113960
7.950084209442139,113960
7.9520299434661865,113960
7.953969717025757,113960
7.955911636352539,113960
7.957855224609375,113960
7.959815502166748,113960
7.961766004562378,113960
7.96370005607605,113960
7.9656455516815186,113960
7.967589378356934,113960
7.969533443450928,113960
7.971486330032349,113960
7.97342848777771,113960
7.97537636756897,113960
7.977321147918701,113960
7.979279041290283,113960
7.981220245361328,113960
7.983159780502319,113960
7.985103607177734,113960
7.987044811248779,113960
7.9889867305755615,113960
7.990935802459717,113960
7.992882251739502,113960
7.994823694229126,113960
7.996765613555908,113960
7.998710632324219,113960
8.000675916671753,113960
8.002614974975586,113960
8.004565000534058,113960
8.006506443023682,113960
8.00845217704773,113960
8.010408401489258,113960
8.012354135513306,113960
8.01429271697998,113960
8.016292095184326,113960
8.018232107162476,113960
8.020183563232422,113960
8.022117376327515,113960
8.024063348770142,113960
8.025999784469604,113960
8.027936935424805,113960
8.029882431030273,113960
8.031828165054321,113960
8.033766984939575,113960
8.035696744918823,113960
8.037645101547241,113960
8.03959608078003,113960
8.04153847694397,113960
8.043478965759277,113960
8.045422554016113,113960
8.047364950180054,113960
8.049314022064209,113960
8.051255464553833,113960
8.053197383880615,113960
8.055125713348389,113960
8.057063579559326,113960
8.058995246887207,113960
8.060939073562622,113960
8.062885284423828,113960
8.064823865890503,113960
8.066766023635864,113960
8.068710088729858,113960
8.07066559791565,113960
8.072605609893799,113960
8.074543237686157,113960
8.076492547988892,113960
8.07843565940857,113960
8.080390930175781,113960
8.082324266433716,113960
8.084264516830444,113960
8.08620810508728,113960
8.088147163391113,113960
8.090095281600952,113960
8.092031955718994,113960
8.09396505355835,113960
8.09591269493103,113960
8.09784984588623,113960
8.099797487258911,113960
8.101746797561646,113960
8.103683233261108,113960
8.10563325881958,113960
8.107581377029419,113960
8.10953402519226,113960
8.111483097076416,113960
8.113431692123413,113960
8.115370512008667,113960
8.117309093475342,113960
8.11926007270813,113960
8.121200323104858,113960
8.123133182525635,113960
8.125078201293945,113960
8.127018451690674,113960
8.128957271575928,113960
8.130910634994507,113960
8.132848501205444,113960
8.134791612625122,113960
8.136735916137695,113960
8.138684511184692,113960
8.140639305114746,113960
8.142582178115845,113960
8.144521713256836,113960
8.146462678909302,113960
8.148406267166138,113960
8.15036416053772,113960
8.152312994003296,113960
8.154262065887451,113960
8.15620732307434,113960
8.158142328262329,113960
8.160093069076538,113960
8.162029027938843,113960
8.163977146148682,113960
8.165917158126831,113960
8.16786503791809,113960
8.169824123382568,113960
8.171765565872192,113960
8.173712730407715,113960
8.175656795501709,113960
8.177605867385864,113960
8.179546356201172,113960
8.181488037109375,113960
8.18343448638916,113960
8.185400247573853,113960
8.187346935272217,113960
8.189304113388062,113960
8.191254615783691,113960
8.193204402923584,113960
8.195143222808838,113960
8.19709300994873,113960
8.199047327041626,113960
8.201011419296265,113960
8.20296597480774,113960
8.204909563064575,113960
8.206854581832886,113960
8.208805561065674,113960
8.210763454437256,113960
8.212709188461304,113960
8.214654922485352,113960
8.216601133346558,113960
8.218551397323608,113960
8.220603227615356,113960
8.222546339035034,113960
8.224493265151978,113960
8.226447582244873,113960
8.228386878967285,113960
8.230346918106079,113960
8.232295036315918,113960
8.234245300292969,113960
8.236185073852539,113960
8.238118410110474,113960
8.240077018737793,113960
8.242026805877686,113960
8.243977069854736,113960
8.245918273925781,113960
8.247865438461304,113960
8.249821424484253,113960
8.251773118972778,113960
8.253724098205566,113960
8.255672931671143,113960
8.257617235183716,113960
8.25957703590393,113960
8.261523246765137,113960
8.263468265533447,113960
8.265492916107178,113960
8.267435312271118,113960
8.269395351409912,113960
8.271352052688599,113960
8.273294687271118,113960
8.27524209022522,113960
8.277189016342163,113960
8.279129981994629,113960
8.281086206436157,113960
8.28303575515747,113960
8.284986734390259,113960
8.286926507949829,113960
8.288881301879883,113960
8.290843963623047,113960
8.292790651321411,113960
8.294743537902832,113960
8.296685457229614,113960
8.298632383346558,113960
8.300599098205566,113960
8.302548885345459,113960
8.304500579833984,113960
8.306452989578247,113960
8.308398246765137,113960
8.31035566329956,113960
8.312309265136719,113960
8.314254760742188,113960
8.316197872161865,113960
8.318135023117065,113960
8.320090532302856,113960
8.322033166885376,113960
8.323975801467896,113960
8.325929403305054,113960
8.327870845794678,113960
8.329820156097412,113960
8.331768989562988,113960
8.333713054656982,113960
8.335658073425293,113960
8.337601661682129,113960
8.339552879333496,113960
8.341497898101807,113960
8.343440532684326,113960
8.345387935638428,113960
8.34734559059143,113960
8.349303960800171,113960
8.351247310638428,113960
8.353198766708374,113960
8.355136632919312,113960
8.357077598571777,113960
8.35901689529419,113960
8.36096978187561,113960
8.362903356552124,113960
8.364856004714966,113960
8.366803169250488,113960
8.368749380111694,113960
8.370711088180542,113960
8.37265419960022,113960
8.374602556228638,113960
8.37654733657837,113960
8.37849497795105,113960
8.380447626113892,113960
8.382393836975098,113960
8.384340047836304,113960
8.38629150390625,113960
8.388245582580566,113960
8.390213012695312,113960
8.392159700393677,113960
8.39409875869751,113960
8.396043539047241,113960
8.397987604141235,113960
8.399938821792603,113960
8.401886701583862,113960
8.403833866119385,113960
8.405776739120483,113960
8.407716512680054,113960
8.409664392471313,113960
8.411612749099731,113960
8.413561344146729,113960
8.41551423072815,113960
8.417460680007935,113960
8.419427633285522,113960
8.421376466751099,113960
8.423326969146729,113960
8.425272464752197,113960
8.427211999893188,113960
8.429152488708496,113960
8.431107521057129,113960
8.433048009872437,113960
8.434999942779541,113960
8.436936855316162,113960
8.438880681991577,113960
8.440834045410156,113960
8.442783832550049,113960
8.444722414016724,113960
8.446670055389404,113960
8.448617935180664,113960
8.450577735900879,113960
8.452530860900879,113960
8.454472780227661,113960
8.456416130065918,113960
8.45836353302002,113960
8.460320234298706,113960
8.462254285812378,113960
8.464196920394897,113960
8.466137170791626,113960
8.468082666397095,113960
8.470037460327148,113960
8.471985101699829,113960
8.473926305770874,113960
8.47587513923645,113960
8.477818489074707,113960
8.479768991470337,113960
8.481720924377441,113960
8.483670949935913,113960
8.48561954498291,113960
8.487564086914062,113960
8.489514827728271,113960
8.491463661193848,113960
8.493408441543579,113960
8.495355367660522,113960
8.49730372428894,113960
8.499254941940308,113960
8.501195430755615,113960
8.50312352180481,113960
8.505073547363281,113960
8.507012367248535,113960
8.508960008621216,113960
8.510915279388428,113960
8.512869358062744,113960
8.514812231063843,113960
8.51674771308899,113960
8.518692255020142,113960
8.520652770996094,113960
8.52260160446167,113960
8.524551391601562,113960
8.526500225067139,113960
8.5284583568573,113960
8.530415773391724,113960
8.532364130020142,113960
8.534311294555664,113960
8.536262512207031,113960
8.538209915161133,113960
8.540156126022339,113960
8.542104482650757,113960
8.544048070907593,113960
8.545995235443115,113960
8.547937631607056,113960
8.54989743232727,113960
8.551841020584106,113960
8.553784132003784,113960
8.555730819702148,113960
8.557678699493408,113960
8.559634447097778,113960
8.561583757400513,113960
8.563528060913086,113960
8.565473794937134,113960
8.567415952682495,113960
8.569376230239868,113960
8.571326732635498,113960
8.573271036148071,113960
8.57521939277649,113960
8.577152013778687,113960
8.579092979431152,113960
8.581037521362305,113960
8.582976341247559,113960
8.584922552108765,113960
8.586869239807129,113960
8.588808059692383,113960
8.590764045715332,113960
8.592709302902222,113960
8.59472942352295,113960
8.596678733825684,113960
8.598631858825684,113960
8.60059118270874,113960
8.602541446685791,113960
8.604484796524048,113960
8.60643482208252,113960
8.60838794708252,113960
8.6103515625,113960
8.612293243408203,113960
8.614243507385254,113960
8.616187334060669,113960
8.618124723434448,113960
8.620083570480347,113960
8.622032403945923,113960
8.623974323272705,113960
8.625920295715332,113960
8.62786340713501,113960
8.629824876785278,113960
8.63176965713501,113960
8.633717775344849,113960
8.63566255569458,113960
8.63761568069458,113960
8.639566659927368,113960
8.641514301300049,113960
8.643460988998413,113960
8.645411729812622,113960
8.647358179092407,113960
8.649324417114258,113960
8.651263236999512,113960
8.65321660041809,113960
8.655153274536133,113960
8.657098054885864,113960
8.65903639793396,113960
8.660990715026855,113960
8.662931203842163,113960
8.664877653121948,113960
8.666814088821411,113960
8.668760776519775,113960
8.670718908309937,113960
8.672663450241089,113960
8.674604892730713,113960
8.676547527313232,113960
8.678489685058594,113960
8.680445671081543,113960
8.682383060455322,113960
8.684326648712158,113960
8.686269283294678,113960
8.688215494155884,113960
8.690154075622559,113960
8.69210147857666,113960
8.694041967391968,113960
8.695981740951538,113960
8.697923183441162,113960
8.699872970581055,113960
8.701814651489258,113960
8.703755855560303,113960
8.705703020095825,113960
8.707647562026978,113960
8.709604740142822,113960
8.711548089981079,113960
8.713487148284912,113960
8.715429306030273,113960
8.717376470565796,113960
8.7193284034729,113960
8.721276044845581,113960
8.723217248916626,113960
8.725157976150513,113960
8.7270987033844,113960
8.72903823852539,113960
8.730988264083862,113960
8.732930183410645,113960
8.734878063201904,113960
8.736818313598633,113960
8.738762617111206,113960
8.740789413452148,113960
8.742739915847778,113960
8.744678974151611,113960
8.74662160873413,113960
8.748565196990967,113960
8.750514507293701,113960
8.752459526062012,113960
8.754400491714478,113960
8.756340265274048,113960
8.75828742980957,113960
8.76024341583252,113960
8.762182474136353,113960
8.764119148254395,113960
8.766061305999756,113960
8.767993450164795,113960
8.769939661026001,113960
8.771881580352783,113960
8.773821592330933,113960
8.775767087936401,113960
8.777711868286133,113960
8.779666900634766,113960
8.781612634658813,113960
8.783554315567017,113960
8.785497903823853,113960
8.787442445755005,113960
8.789392948150635,113960
8.791335582733154,113960
8.793272256851196,113960
8.795215845108032,113960
8.79715371131897,113960
8.799099922180176,113960
8.801044225692749,113960
8.80298137664795,113960
8.804917335510254,113960
8.806854724884033,113960
8.80880069732666,113960
8.81075644493103,113960
8.812702417373657,113960
8.814644813537598,113960
8.816585302352905,113960
8.818528175354004,113960
8.820482015609741,113960
8.822429180145264,113960
8.824380159378052,113960
8.826324462890625,113960
8.828266143798828,113960
8.830211639404297,113960
8.832146167755127,113960
8.834087133407593,113960
8.836023569107056,113960
8.83795976638794,113960
8.83991003036499,113960
8.84185242652893,113960
8.843792915344238,113960
8.845739603042603,113960
8.847683906555176,113960
8.849636554718018,113960
8.851578950881958,113960
8.853524446487427,113960
8.855470657348633,113960
8.857414960861206,113960
8.859374284744263,113960
8.861307144165039,113960
8.863248109817505,113960
8.865185499191284,113960
8.867124557495117,113960
8.86907148361206,113960
8.871022939682007,113960
8.872963190078735,113960
8.874900817871094,113960
8.876841306686401,113960
8.878787279129028,113960
8.880741119384766,113960
8.8826904296875,113960
8.88463830947876,113960
8.886590003967285,113960
8.888529062271118,113960
8.890485763549805,113960
8.892427206039429,113960
8.89436960220337,113960
8.896312475204468,113960
8.898250341415405,113960
8.900203466415405,113960
8.902141094207764,113960
8.90407943725586,113960
8.906025171279907,113960
8.907958507537842,113960
8.909899950027466,113960
8.911839723587036,113960
8.913788080215454,113960
8.915719985961914,113960
8.917675018310547,113960
8.919626235961914,113960
8.921579837799072,113960
8.923526763916016,113960
8.925474405288696,113960
8.927419900894165,113960
8.929369449615479,113960
8.93217396736145,113960
8.935503959655762,113960
8.93880844116211,113960
8.94213581085205,113960
8.944118022918701,113960
8.946064710617065,113960
8.948018550872803,113960
8.949996948242188,113960
8.951951026916504,113960
8.953947305679321,113960
8.955959796905518,113960
8.957969427108765,113960
8.959971189498901,113960
8.961992502212524,113960
8.964031219482422,113960
8.966126441955566,113960
8.968249559402466,113960
8.970374584197998,113960
8.972429037094116,113960
8.97449517250061,113960
8.97651195526123,113960
8.978546619415283,113960
8.980620622634888,113960
8.982669830322266,113960
8.984708070755005,113960
8.986746311187744,113960
8.988781690597534,113960
8.990851879119873,113960
8.992908239364624,113960
8.994948148727417,113960
8.996981620788574,113960
8.99903917312622,113960
9.001097917556763,113960
9.001267910003662,113960
