Time,Objective value
0.004096269607543945,196
0.004102230072021484,196
0.005913257598876953,196
0.007731199264526367,196
0.00954437255859375,196
0.01135396957397461,196
0.013635635375976562,196
0.015449047088623047,192
0.017258882522583008,192
0.019074678421020508,192
0.02135324478149414,192
0.023171663284301758,192
0.024989843368530273,192
0.027708053588867188,192
0.029523134231567383,192
0.03181886672973633,188
0.03361988067626953,188
0.03541111946105957,188
0.037212371826171875,188
0.03948616981506348,188
0.04174399375915527,188
0.043535709381103516,188
0.04577016830444336,188
0.047559499740600586,188
0.04986286163330078,188
0.051670074462890625,188
0.05347919464111328,188
0.05530500411987305,188
0.05711102485656738,188
0.05938887596130371,168
0.06118488311767578,168
0.0629885196685791,168
0.06482195854187012,168
0.06660676002502441,168
0.06840109825134277,168
0.07020211219787598,168
0.0719754695892334,168
0.07378888130187988,168
0.07558131217956543,168
0.07735037803649902,168
0.07915091514587402,168
0.08092069625854492,168
0.08316254615783691,168
0.08497190475463867,168
0.08676266670227051,168
0.08856630325317383,168
0.0903785228729248,168
0.09219121932983398,168
0.09398770332336426,168
0.0957794189453125,168
0.09758734703063965,168
0.09938240051269531,168
0.1016533374786377,168
0.10346794128417969,168
0.10527896881103516,168
0.10707545280456543,168
0.10887336730957031,168
0.11113476753234863,168
0.11294770240783691,168
0.11474251747131348,168
0.11653947830200195,168
0.11834955215454102,168
0.12015938758850098,168
0.12195229530334473,168
0.12375187873840332,168
0.12554407119750977,168
0.12734675407409668,168
0.1296088695526123,168
0.1314091682434082,168
0.13370180130004883,168
0.1355142593383789,168
0.13729357719421387,168
0.13909554481506348,168
0.1408989429473877,168
0.14269638061523438,168
0.1445150375366211,168
0.1463170051574707,168
0.14812207221984863,168
0.15036678314208984,168
0.1526482105255127,168
0.15446114540100098,168
0.15626001358032227,168
0.1585385799407959,168
0.16031908988952637,168
0.1621236801147461,168
0.16459918022155762,168
0.16774916648864746,168
0.1708054542541504,168
0.17396163940429688,168
0.17697834968566895,168
0.18008160591125488,168
0.18329930305480957,168
0.18650078773498535,168
0.18972396850585938,168
0.19367337226867676,168
0.19687175750732422,168
0.20152807235717773,168
0.20545482635498047,168
0.2086188793182373,168
0.21178770065307617,168
0.2148585319519043,168
0.21799206733703613,168
0.22179102897644043,168
0.22490692138671875,168
0.2280135154724121,168
0.23178911209106445,168
0.2348475456237793,168
0.23790574073791504,168
0.24180817604064941,168
0.24492192268371582,168
0.24796175956726074,168
0.2510824203491211,168
0.25420069694519043,168
0.2574038505554199,168
0.2605865001678467,168
0.26450157165527344,168
0.26830148696899414,168
0.2705960273742676,168
0.27289652824401855,168
0.2746739387512207,168
0.27644991874694824,168
0.27822160720825195,168
0.28000545501708984,168
0.28180813789367676,168
0.2836000919342041,168
0.2853996753692627,168
0.28762149810791016,168
0.2894258499145508,168
0.29123878479003906,168
0.29303812980651855,168
0.29529595375061035,168
0.2971019744873047,168
0.2989029884338379,168
0.3006932735443115,168
0.30249524116516113,168
0.30430030822753906,168
0.30608510971069336,168
0.3078906536102295,168
0.3096921443939209,168
0.311474084854126,168
0.3132812976837158,168
0.31508517265319824,168
0.31687450408935547,168
0.31865596771240234,168
0.32045817375183105,168
0.32226061820983887,168
0.3240678310394287,168
0.32583165168762207,168
0.32764530181884766,168
0.3298969268798828,168
0.3317124843597412,168
0.3339536190032959,168
0.33574342727661133,168
0.3375401496887207,168
0.33932065963745117,168
0.3411216735839844,168
0.34432435035705566,168
0.34612536430358887,168
0.34793806076049805,168
0.35017871856689453,168
0.35198402404785156,168
0.35379743576049805,168
0.3555943965911865,168
0.35738253593444824,168
0.35918760299682617,168
0.36098265647888184,168
0.36277031898498535,168
0.3650684356689453,168
0.36685752868652344,168
0.36864209175109863,168
0.3704404830932617,168
0.3727259635925293,168
0.37451672554016113,168
0.37631964683532715,168
0.37810611724853516,168
0.3799116611480713,168
0.3816967010498047,168
0.3834726810455322,168
0.3852689266204834,168
0.38705873489379883,168
0.3888406753540039,168
0.39062952995300293,168
0.39245128631591797,168
0.3942887783050537,168
0.3960866928100586,168
0.3978846073150635,168
0.3996760845184326,168
0.4014780521392822,168
0.4032704830169678,168
0.4050557613372803,168
0.40685200691223145,168
0.40864014625549316,168
0.4104607105255127,168
0.41225576400756836,168
0.41405272483825684,168
0.4158599376678467,168
0.417675256729126,168
0.41948413848876953,168
0.42128562927246094,168
0.4230778217315674,168
0.4248814582824707,168
0.42667508125305176,168
0.4293785095214844,168
0.4311809539794922,168
0.4329822063446045,168
0.43527722358703613,168
0.4375481605529785,168
0.4393320083618164,168
0.44112491607666016,168
0.4434058666229248,168
0.44519686698913574,168
0.4470021724700928,168
0.44880175590515137,168
0.4506034851074219,168
0.4524104595184326,168
0.4542257785797119,168
0.45603299140930176,168
0.4578237533569336,168
0.45960450172424316,168
0.46140241622924805,168
0.46320295333862305,168
0.46503257751464844,168
0.46683526039123535,168
0.46864748001098633,168
0.47046399116516113,168
0.4722757339477539,168
0.47410035133361816,168
0.47588467597961426,168
0.4776749610900879,168
0.47945284843444824,168
0.48172736167907715,168
0.4835195541381836,168
0.48578643798828125,168
0.4875812530517578,168
0.4893481731414795,168
0.4911465644836426,168
0.4933891296386719,168
0.4956657886505127,168
0.4979209899902344,168
0.49970436096191406,168
0.50242018699646,168
0.5042335987091064,168
0.5060784816741943,168
0.5078763961791992,168
0.5096628665924072,168
0.5114438533782959,168
0.5132720470428467,168
0.5150771141052246,168
0.5168581008911133,168
0.5186405181884766,168
0.5204305648803711,168
0.5222182273864746,168
0.5244688987731934,168
0.5262672901153564,168
0.5280728340148926,168
0.529857873916626,168
0.5321242809295654,168
0.5339362621307373,168
0.5357253551483154,168
0.5374898910522461,168
0.539283275604248,168
0.5410895347595215,168
0.5428714752197266,168
0.5446641445159912,168
0.5469222068786621,168
0.5487155914306641,168
0.5505073070526123,168
0.5523009300231934,168
0.554100751876831,168
0.5559196472167969,168
0.5577025413513184,168
0.5595088005065918,168
0.5613079071044922,168
0.5635757446289062,168
0.5653634071350098,168
0.5676207542419434,168
0.5694141387939453,168
0.5712423324584961,168
0.5730431079864502,168
0.5752825736999512,168
0.5770852565765381,168
0.578881025314331,168
0.581613302230835,168
0.5834200382232666,168
0.5851991176605225,168
0.5869777202606201,168
0.5892529487609863,168
0.5910477638244629,168
0.5928566455841064,168
0.594658613204956,168
0.5964524745941162,168
0.5982627868652344,168
0.6005294322967529,168
0.6023037433624268,168
0.6041133403778076,168
0.6059377193450928,168
0.6077299118041992,168
0.6095211505889893,168
0.6117925643920898,168
0.6135983467102051,168
0.6153993606567383,168
0.6171858310699463,168
0.6189851760864258,168
0.6208007335662842,168
0.6225876808166504,168
0.6248736381530762,168
0.6266806125640869,168
0.6284768581390381,168
0.6302700042724609,168
0.6320638656616211,168
0.6338906288146973,168
0.6356923580169678,168
0.6374778747558594,168
0.6392755508422852,168
0.6415462493896484,168
0.6433546543121338,168
0.6456015110015869,168
0.6473996639251709,168
0.6496763229370117,168
0.6514732837677002,168
0.6532900333404541,168
0.6550612449645996,168
0.6568667888641357,168
0.6586565971374512,168
0.6604573726654053,168
0.6622593402862549,168
0.6640493869781494,168
0.6658492088317871,168
0.6676461696624756,168
0.6694393157958984,168
0.6712377071380615,168
0.6739957332611084,168
0.6762659549713135,168
0.6780686378479004,168
0.6798617839813232,168
0.6816613674163818,168
0.6834702491760254,168
0.6852598190307617,168
0.6875474452972412,168
0.6893372535705566,168
0.6911413669586182,168
0.6929507255554199,168
0.6952013969421387,168
0.6970057487487793,168
0.6988043785095215,168
0.7005584239959717,168
0.7023746967315674,168
0.7041873931884766,168
0.7059767246246338,168
0.7077586650848389,168
0.7095456123352051,168
0.7118265628814697,168
0.7136409282684326,168
0.7154421806335449,168
0.7172327041625977,168
0.719022274017334,168
0.7208132743835449,168
0.722618579864502,168
0.7244160175323486,168
0.7266700267791748,168
0.7284607887268066,168
0.7302761077880859,168
0.7325196266174316,168
0.7343411445617676,168
0.7361500263214111,168
0.7379450798034668,168
0.7397429943084717,168
0.74153733253479,168
0.7438116073608398,168
0.7455947399139404,168
0.7473948001861572,168
0.7491819858551025,168
0.7509753704071045,168
0.7527477741241455,168
0.7545456886291504,168
0.7563424110412598,168
0.7581453323364258,168
0.7604062557220459,168
0.7622175216674805,168
0.7640361785888672,168
0.765833854675293,168
0.7676346302032471,168
0.7694418430328369,168
0.7712273597717285,168
0.7734856605529785,168
0.7762198448181152,168
0.7784860134124756,168
0.7802848815917969,168
0.7825160026550293,168
0.7843279838562012,168
0.7861249446868896,168
0.787921667098999,168
0.7897076606750488,168
0.7919809818267822,168
0.7942583560943604,168
0.7965667247772217,168
0.7988367080688477,168
0.8006184101104736,168
0.8024213314056396,168
0.8042216300964355,168
0.8060123920440674,168
0.8078129291534424,168
0.8095781803131104,168
0.8113691806793213,168
0.81317138671875,168
0.8149669170379639,168
0.8172469139099121,168
0.8190410137176514,168
0.8208432197570801,168
0.8226234912872314,168
0.8249006271362305,168
0.8266994953155518,168
0.8284833431243896,168
0.8302829265594482,168
0.8320844173431396,168
0.8338961601257324,168
0.8361496925354004,168
0.8379316329956055,168
0.8401896953582764,168
0.8419821262359619,168
0.84378981590271,168
0.845576286315918,168
0.8473773002624512,168
0.849198579788208,168
0.8509981632232666,168
0.8527765274047852,168
0.8546040058135986,168
0.8568942546844482,168
0.8586759567260742,168
0.8604557514190674,168
0.862746000289917,168
0.8645577430725098,168
0.8663582801818848,168
0.8681573867797852,168
0.8699612617492676,168
0.8717520236968994,168
0.8740532398223877,168
0.8758523464202881,168
0.8776302337646484,168
0.8794164657592773,168
0.8812155723571777,168
0.8834712505340576,168
0.885286808013916,168
0.8870842456817627,168
0.888892650604248,168
0.8906700611114502,168
0.8929240703582764,168
0.8947031497955322,168
0.8965046405792236,168
0.8983025550842285,168
0.9001092910766602,168
0.9018983840942383,168
0.90364670753479,168
0.9054410457611084,168
0.9076745510101318,168
0.9094638824462891,168
0.9112536907196045,168
0.9140124320983887,168
0.9158220291137695,168
0.9176006317138672,168
0.9193925857543945,168
0.9211888313293457,168
0.9234786033630371,168
0.9252932071685791,168
0.9270944595336914,168
0.9288897514343262,168
0.930659294128418,168
0.9329361915588379,168
0.9347267150878906,168
0.9365129470825195,168
0.9383008480072021,168
0.9401018619537354,168
0.9418835639953613,168
0.9436764717102051,168
0.9454700946807861,168
0.9472599029541016,168
0.9490416049957275,168
0.9508259296417236,168
0.9530758857727051,168
0.9553289413452148,168
0.957573652267456,168
0.9598379135131836,168
0.9625608921051025,168
0.9643540382385254,168
0.9661469459533691,168
0.9684429168701172,168
0.9702584743499756,168
0.9725372791290283,168
0.9743688106536865,168
0.9761512279510498,168
0.9779641628265381,168
0.979759931564331,168
0.9815599918365479,168
0.9833602905273438,168
0.9851634502410889,168
0.9869706630706787,168
0.9887652397155762,168
0.9905717372894287,168
0.9923534393310547,168
0.9941587448120117,168
0.9959490299224854,168
0.9977335929870605,168
0.9995269775390625,168
1.0013141632080078,168
1.0031120777130127,168
1.0049002170562744,168
1.0066931247711182,168
1.0084927082061768,168
1.010267734527588,168
1.012058973312378,168
1.0138726234436035,168
1.0156607627868652,168
1.0174338817596436,168
1.0192115306854248,168
1.02101469039917,168
1.0232822895050049,168
1.0251030921936035,168
1.026904582977295,168
1.0286977291107178,168
1.0305004119873047,168
1.032292127609253,168
1.0340876579284668,168
1.035886287689209,168
1.0376780033111572,168
1.039470911026001,168
1.0417327880859375,168
1.043999433517456,168
1.0457725524902344,168
1.0475749969482422,168
1.0493724346160889,168
1.0511658191680908,168
1.0529611110687256,168
1.0561211109161377,168
1.0579161643981934,168
1.059704065322876,168
1.0619406700134277,168
1.0637214183807373,168
1.0660054683685303,168
1.0678033828735352,168
1.070063591003418,168
1.071861743927002,168
1.0736520290374756,168
1.0754530429840088,168
1.0772440433502197,168
1.0790438652038574,168
1.081282138824463,168
1.0830907821655273,168
1.0848748683929443,168
1.0866503715515137,168
1.0884394645690918,168
1.0906882286071777,168
1.0924766063690186,168
1.0942895412445068,168
1.0965526103973389,168
1.098358392715454,168
1.100593090057373,168
1.102865219116211,168
1.1046535968780518,168
1.1069774627685547,168
1.1087875366210938,168
1.1105718612670898,168
1.112354040145874,168
1.1141626834869385,168
1.1159632205963135,168
1.1182260513305664,168
1.1200263500213623,168
1.121819257736206,168
1.1236026287078857,168
1.1254642009735107,168
1.1272575855255127,168
1.1290490627288818,168
1.1308462619781494,168
1.132643461227417,168
1.1344611644744873,168
1.136260747909546,168
1.1380727291107178,168
1.1398653984069824,168
1.141669511795044,168
1.1434659957885742,168
1.1452865600585938,168
1.1470954418182373,168
1.1488900184631348,168
1.1506667137145996,168
1.1524696350097656,168
1.1542859077453613,168
1.1561076641082764,168
1.1579093933105469,168
1.1601762771606445,168
1.1624457836151123,168
1.1642413139343262,168
1.166034460067749,168
1.1678452491760254,168
1.1710426807403564,168
1.1728527545928955,168
1.17466139793396,168
1.176459789276123,168
1.1787538528442383,168
1.1805603504180908,168
1.1823573112487793,168
1.1841599941253662,168
1.1859652996063232,168
1.1877391338348389,168
1.189530849456787,168
1.1913352012634277,168
1.1936075687408447,168
1.195854902267456,168
1.197650671005249,168
1.2003636360168457,168
1.2021896839141846,168
1.2040059566497803,168
1.20579195022583,168
1.2075865268707275,168
1.2098736763000488,168
1.2116551399230957,168
1.2134582996368408,168
1.2152481079101562,168
1.217522382736206,168
1.2193310260772705,168
1.221137523651123,168
1.2229385375976562,168
1.2247393131256104,168
1.227004051208496,168
1.2288105487823486,168
1.230595350265503,168
1.2323799133300781,168
1.2346599102020264,168
1.2364904880523682,168
1.2382831573486328,168
1.2400882244110107,168
1.241868257522583,168
1.243656873703003,168
1.2454731464385986,168
1.2472777366638184,168
1.2490575313568115,168
1.2508482933044434,168
1.2526276111602783,168
1.2544398307800293,168
1.2562377452850342,168
1.2580432891845703,168
1.2598273754119873,168
1.2616050243377686,168
1.2634098529815674,168
1.2656733989715576,168
1.267482042312622,168
1.269280195236206,168
1.2710826396942139,168
1.2728824615478516,168
1.2746670246124268,168
1.2764506340026855,168
1.2782461643218994,168
1.2800214290618896,168
1.281836986541748,168
1.2836568355560303,168
1.2854654788970947,168
1.2877583503723145,168
1.290076494216919,168
1.2923388481140137,168
1.294149398803711,168
1.2959585189819336,168
1.297750473022461,168
1.2995474338531494,168
1.3013317584991455,168
1.3031408786773682,168
1.3054182529449463,168
1.3072149753570557,168
1.3090245723724365,168
1.3108174800872803,168
1.3126156330108643,168
1.3144290447235107,168
1.3162181377410889,168
1.3184807300567627,168
1.320253610610962,168
1.3220431804656982,168
1.3238413333892822,168
1.3256380558013916,168
1.3274381160736084,168
1.3292276859283447,168
1.3315138816833496,168
1.3333115577697754,168
1.3351190090179443,168
1.337881088256836,168
1.3396751880645752,168
1.341477870941162,168
1.343282699584961,168
1.345071792602539,168
1.3468832969665527,168
1.3486781120300293,168
1.3509702682495117,168
1.3527677059173584,168
1.3545658588409424,168
1.3563783168792725,168
1.3586399555206299,168
1.3614177703857422,168
1.3636832237243652,168
1.3654909133911133,168
1.3672921657562256,168
1.369091510772705,168
1.3708877563476562,168
1.3726890087127686,168
1.3744964599609375,168
1.3767549991607666,168
1.3785693645477295,168
1.3803598880767822,168
1.382166862487793,168
1.3839843273162842,168
1.3857624530792236,168
1.3880255222320557,168
1.390284776687622,168
1.3920903205871582,168
1.3938891887664795,168
1.395698070526123,168
1.3979411125183105,168
1.39973783493042,168
1.4015405178070068,168
1.4033496379852295,168
1.4056315422058105,168
1.4074180126190186,168
1.4092130661010742,168
1.4110112190246582,168
1.412830114364624,168
1.4146418571472168,168
1.417360544204712,168
1.4191534519195557,168
1.420954942703247,168
1.4227406978607178,168
1.424555778503418,168
1.4267702102661133,168
1.428565502166748,168
1.4303569793701172,168
1.4321520328521729,168
1.4344360828399658,168
1.4362359046936035,168
1.4380223751068115,168
1.439840316772461,168
1.44211745262146,168
1.4439187049865723,168
1.4457097053527832,168
1.4475131034851074,168
1.4493110179901123,168
1.451568365097046,168
1.453827142715454,168
1.4556279182434082,168
1.4574270248413086,168
1.4592490196228027,168
1.4610705375671387,168
1.4628777503967285,168
1.464674949645996,168
1.4664785861968994,168
1.4692270755767822,168
1.4710230827331543,168
1.4728240966796875,168
1.4746356010437012,168
1.4764389991760254,168
1.4782350063323975,168
1.4800386428833008,168
1.4818363189697266,168
1.4836187362670898,168
1.4854190349578857,168
1.4872088432312012,168
1.4889931678771973,168
1.4907753467559814,168
1.4930431842803955,168
1.4948463439941406,168
1.4966318607330322,168
1.4984276294708252,168
1.5002286434173584,168
1.5020289421081543,168
1.5038199424743652,168
1.5056161880493164,168
1.5074167251586914,168
1.509211778640747,168
1.511023759841919,168
1.5128118991851807,168
1.5150914192199707,168
1.5168864727020264,168
1.5186588764190674,168
1.520925521850586,168
1.5227160453796387,168
1.524517297744751,168
1.526315450668335,168
1.528120517730713,168
1.5299382209777832,168
1.5321781635284424,168
1.5344398021697998,168
1.536214828491211,168
1.538463830947876,168
1.5402472019195557,168
1.5425164699554443,168
1.5447876453399658,168
1.5465712547302246,168
1.5493316650390625,168
1.5511221885681152,168
1.552919864654541,168
1.5547065734863281,168
1.5564990043640137,168
1.5587799549102783,168
1.5610301494598389,168
1.5628299713134766,168
1.5646135807037354,168
1.5664141178131104,168
1.5682291984558105,168
1.5700266361236572,168
1.5718302726745605,168
1.5736331939697266,168
1.5754408836364746,168
1.5781934261322021,168
1.5804634094238281,168
1.582261085510254,168
1.5840706825256348,168
1.585867166519165,168
1.5876426696777344,168
1.5894420146942139,168
1.5912344455718994,168
1.5930397510528564,168
1.5948326587677002,168
1.596618890762329,168
1.5984208583831787,168
1.6002190113067627,168
1.6024582386016846,168
1.6042814254760742,168
1.6060633659362793,168
1.6078691482543945,168
1.6096553802490234,168
1.6114459037780762,168
1.6132514476776123,168
1.6155436038970947,168
1.6173365116119385,168
1.6191446781158447,168
1.620936632156372,168
1.6231915950775146,168
1.625403881072998,168
1.6272075176239014,168
1.629950761795044,168
1.631732702255249,168
1.6339929103851318,168
1.6357965469360352,168
1.63759183883667,168
1.6393768787384033,168
1.6416447162628174,168
1.6434326171875,168
1.6452267169952393,168
1.6470282077789307,168
1.6488258838653564,168
1.6510820388793945,168
1.6528956890106201,168
1.6551601886749268,168
1.6574606895446777,168
1.659726858139038,168
1.6615209579467773,168
1.6633083820343018,168
1.6650938987731934,168
1.666902780532837,168
1.6686911582946777,168
1.6709485054016113,168
1.6727406978607178,168
1.6750154495239258,168
1.6768171787261963,168
1.678572416305542,168
1.6803975105285645,168
1.682180404663086,168
1.6839921474456787,168
1.6862480640411377,168
1.6880426406860352,168
1.6898472309112549,168
1.6916437149047852,168
1.6934571266174316,168
1.6952452659606934,168
1.6970479488372803,168
1.6988484859466553,168
1.7006330490112305,168
1.7029204368591309,168
1.7047348022460938,168
1.707024335861206,168
1.7088208198547363,168
1.7106103897094727,168
1.7123889923095703,168
1.714174509048462,168
1.7164652347564697,168
1.718252420425415,168
1.7205212116241455,168
1.7228014469146729,168
1.724576711654663,168
1.7263717651367188,168
1.7286303043365479,168
1.7304306030273438,168
1.732238531112671,168
1.7340481281280518,168
1.7358424663543701,168
1.738110065460205,168
1.7403795719146729,168
1.7421741485595703,168
1.7439651489257812,168
1.7457482814788818,168
1.7475571632385254,168
1.7493324279785156,168
1.7511279582977295,168
1.7538576126098633,168
1.7556500434875488,168
1.757920503616333,168
1.7597250938415527,168
1.7615149021148682,168
1.7633013725280762,168
1.7651031017303467,168
1.7668979167938232,168
1.768688678741455,168
1.7709412574768066,168
1.772704839706421,168
1.7745122909545898,168
1.7763237953186035,168
1.778580904006958,168
1.7808194160461426,168
1.782604455947876,168
1.7844047546386719,168
1.786679983139038,168
1.7884690761566162,168
1.7902703285217285,168
1.7925302982330322,168
1.794811725616455,168
1.797541856765747,168
1.7993407249450684,168
1.801161527633667,168
1.8029680252075195,168
1.8052372932434082,168
1.8070392608642578,168
1.8088319301605225,168
1.8106250762939453,168
1.8124301433563232,168
1.8142309188842773,168
1.8160293102264404,168
1.818298578262329,168
1.8200898170471191,168
1.821885108947754,168
1.8236768245697021,168
1.8254809379577637,168
1.827263355255127,168
1.8290531635284424,168
1.8313350677490234,168
1.8331325054168701,168
1.835860252380371,168
1.8376543521881104,168
1.8394498825073242,168
1.8417391777038574,168
1.8435251712799072,168
1.845324993133545,168
1.8471317291259766,168
1.848914623260498,168
1.8507020473480225,168
1.8524997234344482,168
1.8543095588684082,168
1.856114149093628,168
1.857910394668579,168
1.859699010848999,168
1.8614892959594727,168
1.863290548324585,168
1.8650977611541748,168
1.8668808937072754,168
1.868666172027588,168
1.8704559803009033,168
1.8727285861968994,168
1.8745348453521729,168
1.876328706741333,168
1.8781251907348633,168
1.8804116249084473,168
1.8822214603424072,168
1.884035587310791,168
1.8858342170715332,168
1.887648344039917,168
1.8894586563110352,168
1.891247272491455,168
1.8935070037841797,168
1.8953001499176025,168
1.8971014022827148,168
1.8988962173461914,168
1.900681734085083,168
1.902480125427246,168
1.9043006896972656,168
1.9070672988891602,168
1.90885329246521,168
1.9106552600860596,168
1.9124550819396973,168
1.9146814346313477,168
1.9169421195983887,168
1.9187369346618652,168
1.9205353260040283,168
1.9223339557647705,168
1.9241480827331543,168
1.9259417057037354,168
1.9277241230010986,168
1.929530382156372,168
1.9313197135925293,168
1.9331116676330566,168
1.9353687763214111,168
1.9371671676635742,168
1.9389543533325195,168
1.9412169456481934,168
1.943021297454834,168
1.9448232650756836,168
1.946613073348999,168
1.9484009742736816,168
1.950204849243164,168
1.9520373344421387,168
1.954326868057251,168
1.9561147689819336,168
1.95839262008667,168
1.960170030593872,168
1.9619839191436768,168
1.963775634765625,168
1.965569019317627,168
1.9673678874969482,168
1.9691579341888428,168
1.9709429740905762,168
1.973212718963623,168
1.9750158786773682,168
1.9772872924804688,168
1.9790878295898438,168
1.9809019565582275,168
1.9826955795288086,168
1.9845023155212402,168
1.986309289932251,168
1.988095760345459,168
1.9898769855499268,168
1.9916625022888184,168
1.9934475421905518,168
1.9957165718078613,168
1.9975030422210693,168
1.9993011951446533,168
2.002079725265503,168
2.003877639770508,168
2.005673885345459,168
2.0074551105499268,168
2.009254217147827,168
2.011060953140259,168
2.012847900390625,168
2.0146379470825195,168
2.016906976699829,168
2.0186879634857178,168
2.0209691524505615,168
2.0227572917938232,168
2.0245792865753174,168
2.026386260986328,168
2.0281829833984375,168
2.0299882888793945,168
2.0317671298980713,168
2.0335748195648193,168
2.035381317138672,168
2.0371785163879395,168
2.039458751678467,168
2.0417168140411377,168
2.043999433517456,168
2.0458035469055176,168
2.0475950241088867,168
2.0494048595428467,168
2.051185131072998,168
2.052999496459961,168
2.055286169052124,168
2.057556629180908,168
2.059356451034546,168
2.0616350173950195,168
2.0634446144104004,168
2.0652706623077393,168
2.067074775695801,168
2.068887233734131,168
2.0706865787506104,168
2.0724868774414062,168
2.0742931365966797,168
2.0760934352874756,168
2.077902317047119,168
2.0801801681518555,168
2.0824666023254395,168
2.084280014038086,168
2.086528778076172,168
2.088787078857422,168
2.0905797481536865,168
2.0928637981414795,168
2.0946476459503174,168
2.0969126224517822,168
2.0987091064453125,168
2.1005072593688965,168
2.1023142337799072,168
2.1041247844696045,168
2.1059141159057617,168
2.107693910598755,168
2.1094820499420166,168
2.1117517948150635,168
2.114531993865967,168
2.116804599761963,168
2.1195273399353027,168
2.1213130950927734,168
2.1231260299682617,168
2.1249215602874756,168
2.1267130374908447,168
2.128511667251587,168
2.130307197570801,168
2.1321024894714355,168
2.1339221000671387,168
2.1356916427612305,168
2.1375112533569336,168
2.1397480964660645,168
2.141547918319702,168
2.143352508544922,168
2.1451478004455566,168
2.1469473838806152,168
2.148742437362671,168
2.1505417823791504,168
2.152338981628418,168
2.154151678085327,168
2.156402349472046,168
2.1586570739746094,168
2.1604862213134766,168
2.1622838973999023,168
2.164097309112549,168
2.1659045219421387,168
2.1676769256591797,168
2.1695163249969482,168
2.1712992191314697,168
2.173096179962158,168
2.174912691116333,168
2.176710844039917,168
2.1785099506378174,168
2.180311679840088,168
2.1826038360595703,168
2.184414863586426,168
2.1862027645111084,168
2.18799090385437,168
2.1897919178009033,168
2.191577672958374,168
2.193370819091797,168
2.1951749324798584,168
2.196967840194702,168
2.1987433433532715,168
2.200535774230957,168
2.20233416557312,168
2.204134702682495,168
2.2064096927642822,168
2.2082138061523438,168
2.210017204284668,168
2.211808443069458,168
2.2140727043151855,168
2.2158801555633545,168
2.2176761627197266,168
2.219473361968994,168
2.2212722301483154,168
2.223097324371338,168
2.224897623062134,168
2.2266809940338135,168
2.22847843170166,168
2.2302796840667725,168
2.2320680618286133,168
2.233872175216675,168
2.236151933670044,168
2.237942934036255,168
2.239741086959839,168
2.2415432929992676,168
2.243375301361084,168
2.2451791763305664,168
2.246967077255249,168
2.2487528324127197,168
2.2505390644073486,168
2.2523341178894043,168
2.2541534900665283,168
2.2559564113616943,168
2.257742404937744,168
2.259552001953125,168
2.2613658905029297,168
2.26365327835083,168
2.2654659748077393,168
2.2677512168884277,168
2.2695376873016357,168
2.271334409713745,168
2.2736051082611084,168
2.2754154205322266,168
2.2772057056427,168
2.279465436935425,168
2.281264066696167,168
2.283062696456909,168
2.284851312637329,168
2.286637544631958,168
2.288440227508545,168
2.290250301361084,168
2.292055368423462,168
2.2938625812530518,168
2.295664072036743,168
2.2979331016540527,168
2.2997288703918457,168
2.3015310764312744,168
2.303816318511963,168
2.3056163787841797,168
2.3074138164520264,168
2.3092262744903564,168
2.3110437393188477,168
2.3128316402435303,168
2.315096139907837,168
2.316905975341797,168
2.3186960220336914,168
2.320493698120117,168
2.3222815990448,168
2.324096918106079,168
2.3263649940490723,168
2.3281586170196533,168
2.3299500942230225,168
2.3317432403564453,168
2.333552360534668,168
2.3353569507598877,168
2.3371520042419434,168
2.3389432430267334,168
2.340726137161255,168
2.3430092334747314,168
2.3448050022125244,168
2.3466010093688965,168
2.348431348800659,168
2.350224733352661,168
2.3520195484161377,168
2.353825092315674,168
2.3555991649627686,168
2.3573808670043945,168
2.3592050075531006,168
2.360999584197998,168
2.3632516860961914,168
2.36551833152771,168
2.3673131465911865,168
2.369119167327881,168
2.370920419692993,168
2.3727242946624756,168
2.3745319843292236,168
2.3763043880462646,168
2.378096580505371,168
2.380338191986084,168
2.3831121921539307,168
2.38491153717041,168
2.386695146560669,168
2.3884811401367188,168
2.3902759552001953,168
2.392064094543457,168
2.3938746452331543,168
2.3956613540649414,168
2.397451400756836,168
2.399722099304199,168
2.4020111560821533,168
2.403825521469116,168
2.4060919284820557,168
2.407893419265747,168
2.4096932411193848,168
2.411503553390503,168
2.413775682449341,168
2.4155781269073486,168
2.4173824787139893,168
2.419175863265991,168
2.4209699630737305,168
2.4232406616210938,168
2.4255459308624268,168
2.4273557662963867,168
2.4300694465637207,168
2.432345390319824,168
2.434631109237671,168
2.4364423751831055,168
2.4382386207580566,168
2.4400413036346436,168
2.4418373107910156,168
2.4436380863189697,168
2.4454400539398193,168
2.447726249694824,168
2.4500036239624023,168
2.4518048763275146,168
2.4536092281341553,168
2.4554076194763184,168
2.457202672958374,168
2.4594531059265137,168
2.4612598419189453,168
2.4630720615386963,168
2.4648687839508057,168
2.4666833877563477,168
2.468479871749878,168
2.470285654067993,168
2.472092628479004,168
2.473898410797119,168
2.4756743907928467,168
2.477463722229004,168
2.479715347290039,168
2.481966018676758,168
2.483764171600342,168
2.4855668544769287,168
2.4878199100494385,168
2.4895989894866943,168
2.491854429244995,168
2.4936506748199463,168
2.4959206581115723,168
2.4977200031280518,168
2.499990701675415,168
2.501784563064575,168
2.5040347576141357,168
2.505836009979248,168
2.5076332092285156,168
2.509431838989258,168
2.511218309402466,168
2.513029098510742,168
2.5148298740386963,168
2.517089605331421,168
2.51934814453125,168
2.521151304244995,168
2.522951602935791,168
2.525186538696289,168
2.526991844177246,168
2.528778553009033,168
2.5315210819244385,168
2.533320188522339,168
2.5351059436798096,168
2.536902666091919,168
2.5387086868286133,168
2.5409982204437256,168
2.542815685272217,168
2.54460072517395,168
2.5468523502349854,168
2.5486416816711426,168
2.550441265106201,168
2.5527119636535645,168
2.5549890995025635,168
2.556779384613037,168
2.5590553283691406,168
2.5608506202697754,168
2.5626423358917236,168
2.5644421577453613,168
2.566244125366211,168
2.5680510997772217,168
2.5698447227478027,168
2.571645736694336,168
2.573457956314087,168
2.575255870819092,168
2.5775012969970703,168
2.579275608062744,168
2.581070899963379,168
2.582882881164551,168
2.584671974182129,168
2.586470127105713,168
2.5882558822631836,168
2.5900444984436035,168
2.5918304920196533,168
2.5936412811279297,168
2.5954344272613525,168
2.5977354049682617,168
2.5995445251464844,168
2.6018142700195312,168
2.6036136150360107,168
2.605407238006592,168
2.607203245162964,168
2.60901141166687,168
2.6108105182647705,168
2.612609624862671,168
2.6144187450408936,168
2.616209030151367,168
2.6180074214935303,168
2.620243787765503,168
2.6220266819000244,168
2.623828172683716,168
2.6255910396575928,168
2.6273937225341797,168
2.6291871070861816,168
2.6309897899627686,168
2.632794141769409,168
2.634594678878784,168
2.6378209590911865,168
2.640075206756592,168
2.6418778896331787,168
2.6441502571105957,168
2.6459522247314453,168
2.647757053375244,168
2.6500117778778076,168
2.651813507080078,168
2.653601884841919,168
2.655402660369873,168
2.657210350036621,168
2.6589884757995605,168
2.660792350769043,168
2.6625823974609375,168
2.664400100708008,168
2.66667103767395,168
2.6699154376983643,168
2.6716995239257812,168
2.6734960079193115,168
2.675279140472412,168
2.677084445953369,168
2.6788840293884277,168
2.6806678771972656,168
2.682920455932617,168
2.68471622467041,168
2.686973810195923,168
2.68922758102417,168
2.6910240650177,168
2.692833185195923,168
2.695091485977173,168
2.6973419189453125,168
2.700075387954712,168
2.7018802165985107,168
2.7036736011505127,168
2.7054758071899414,168
2.707285165786743,168
2.7090749740600586,168
2.710874319076538,168
2.7126593589782715,168
2.7149484157562256,168
2.716740608215332,168
2.7185370922088623,168
2.720790386199951,168
2.722574472427368,168
2.7243826389312744,168
2.7261874675750732,168
2.727966785430908,168
2.7297563552856445,168
2.7315473556518555,168
2.7333526611328125,168
2.735146999359131,168
2.7369627952575684,168
2.7387380599975586,168
2.7405433654785156,168
2.742335796356201,168
2.7446155548095703,168
2.746413230895996,168
2.7482192516326904,168
2.750488519668579,168
2.752272129058838,168
2.754554033279419,168
2.7563703060150146,168
2.758164882659912,168
2.7599735260009766,168
2.7617740631103516,168
2.763585329055786,168
2.7653768062591553,168
2.7671732902526855,168
2.768979072570801,168
2.7712082862854004,168
2.7734692096710205,168
2.775256633758545,168
2.7775027751922607,168
2.7793140411376953,168
2.7811312675476074,168
2.7829360961914062,168
2.784730911254883,168
2.7865328788757324,168
2.788317918777466,168
2.7905943393707275,168
2.7924022674560547,168
2.794236183166504,168
2.7965214252471924,168
2.798326253890991,168
2.800140380859375,168
2.801903247833252,168
2.803720474243164,168
2.805534601211548,168
2.8073341846466064,168
2.809131383895874,168
2.8113882541656494,168
2.8131587505340576,168
2.81540584564209,168
2.8172073364257812,168
2.819010019302368,168
2.820815324783325,168
2.8226113319396973,168
2.8244240283966064,168
2.826692581176758,168
2.8284876346588135,168
2.830289602279663,168
2.8325586318969727,168
2.8343799114227295,168
2.8366494178771973,168
2.83846378326416,168
2.8402621746063232,168
2.842064619064331,168
2.8438704013824463,168
2.845658779144287,168
2.847444772720337,168
2.849238872528076,168
2.8515114784240723,168
2.8533098697662354,168
2.855084180831909,168
2.856879949569702,168
2.8586580753326416,168
2.860463857650757,168
2.862266778945923,168
2.864065170288086,168
2.8658652305603027,168
2.868123769760132,168
2.870407819747925,168
2.8722026348114014,168
2.8740053176879883,168
2.8758082389831543,168
2.87762188911438,168
2.879901170730591,168
2.8816983699798584,168
2.883971929550171,168
2.8857574462890625,168
2.887561798095703,168
2.889357566833496,168
2.8911590576171875,168
2.8929615020751953,168
2.8947508335113525,168
2.896542549133301,168
2.898336410522461,168
2.900136947631836,168
2.901959180831909,168
2.903752088546753,168
2.905548334121704,168
2.9073565006256104,168
2.909154176712036,168
2.911421298980713,168
2.913217782974243,168
2.9150173664093018,168
2.9168031215667725,168
2.9190523624420166,168
2.920851945877075,168
2.923147201538086,168
2.9254350662231445,168
2.9272210597991943,168
2.929015874862671,168
2.9307899475097656,168
2.9325907230377197,168
2.9344093799591064,168
2.9362072944641113,168
2.9384660720825195,168
2.940757989883423,168
2.942551851272583,168
2.9443531036376953,168
2.9461536407470703,168
2.9479568004608154,168
2.949759006500244,168
2.95155668258667,168
2.9533653259277344,168
2.9551844596862793,168
2.956967830657959,168
2.9587442874908447,168
2.9610633850097656,168
2.9633383750915527,168
2.965146064758301,168
2.966940402984619,168
2.9687252044677734,168
2.9705421924591064,168
2.9723381996154785,168
2.9746289253234863,168
2.9764490127563477,168
2.9782698154449463,168
2.9800615310668945,168
2.9818642139434814,168
2.984156370162964,168
2.9864249229431152,168
2.9882328510284424,168
2.9900267124176025,168
2.991833209991455,168
2.994067668914795,168
2.9958462715148926,168
2.997636556625366,168
2.999443531036377,168
3.0012764930725098,168
3.0035295486450195,168
3.0062897205352783,168
3.0080883502960205,168
3.009873151779175,168
3.011664390563965,168
3.0134432315826416,168
3.0152504444122314,168
3.0175113677978516,168
3.0193052291870117,168
3.021573066711426,168
3.0233750343322754,168
3.0251858234405518,168
3.0269744396209717,168
3.0287628173828125,168
3.030545711517334,168
3.032334804534912,168
3.0346081256866455,168
3.0364179611206055,168
3.0386834144592285,168
3.0409464836120605,168
3.0427463054656982,168
3.0449962615966797,168
3.046787738800049,168
3.048586845397949,168
3.0503900051116943,168
3.0526721477508545,168
3.054478883743286,168
3.0562756061553955,168
3.058086633682251,168
3.05987811088562,168
3.06164813041687,168
3.063450336456299,168
3.0652453899383545,168
3.0670557022094727,168
3.068861722946167,168
3.0706565380096436,168
3.072458505630493,168
3.074279308319092,168
3.076064348220825,168
3.0778682231903076,168
3.0796709060668945,168
3.0814592838287354,168
3.0832653045654297,168
3.0850634574890137,168
3.086867094039917,168
3.0886595249176025,168
3.090426445007324,168
3.0927016735076904,168
3.0949838161468506,168
3.0967705249786377,168
3.098571300506592,168
3.100346326828003,168
3.1021459102630615,168
3.103947401046753,168
3.1061928272247314,168
3.10799503326416,168
3.109790325164795,168
3.111576557159424,168
3.113370895385742,168
3.1151721477508545,168
3.116981267929077,168
3.11924147605896,168
3.121033191680908,168
3.1232986450195312,168
3.1250715255737305,168
3.1268739700317383,168
3.1286673545837402,168
3.130448818206787,168
3.132244110107422,168
3.134047508239746,168
3.1363251209259033,168
3.138123035430908,168
3.1399285793304443,168
3.1417160034179688,168
3.1435208320617676,168
3.145322561264038,168
3.1475677490234375,168
3.1493313312530518,168
3.151604413986206,168
3.153881549835205,168
3.156148910522461,168
3.1584179401397705,168
3.1602180004119873,168
3.162006139755249,168
3.164287805557251,168
3.1660702228546143,168
3.167897939682007,168
3.1701364517211914,168
3.1719417572021484,168
3.1741976737976074,168
3.1760060787200928,168
3.1777918338775635,168
3.18009090423584,168
3.181889772415161,168
3.1836860179901123,168
3.185957193374634,168
3.1877281665802,168
3.1895244121551514,168
3.1913132667541504,168
3.193134069442749,168
3.194929599761963,168
3.196707010269165,168
3.1985251903533936,168
3.200329542160034,168
3.202143430709839,168
3.2039337158203125,168
3.205718517303467,168
3.2075226306915283,168
3.209327220916748,168
3.2111308574676514,168
3.2129197120666504,168
3.2147045135498047,168
3.2165138721466064,168
3.2182981967926025,168
3.2200915813446045,168
3.2218897342681885,168
3.224175453186035,168
3.2259678840637207,168
3.2277519702911377,168
3.2300069332122803,168
3.232269048690796,168
3.2340686321258545,168
3.2358734607696533,168
3.2381138801574707,168
3.239902973175049,168
3.241706609725952,168
3.243502140045166,168
3.2457761764526367,168
3.248044967651367,168
3.249845266342163,168
3.2516233921051025,168
3.2534477710723877,168
3.255239963531494,168
3.2570388317108154,168
3.2588155269622803,168
3.2606067657470703,168
3.262396812438965,168
3.264190912246704,168
3.2659969329833984,168
3.2677667140960693,168
3.269559621810913,168
3.2718286514282227,168
3.2736337184906006,168
3.275418758392334,168
3.2772343158721924,168
3.2795028686523438,168
3.2812960147857666,168
3.283579111099243,168
3.2858259677886963,168
3.2876510620117188,168
3.2894554138183594,168
3.2912607192993164,168
3.293065309524536,168
3.294861316680908,168
3.2966456413269043,168
3.298445701599121,168
3.300224542617798,168
3.3029580116271973,168
3.3047494888305664,168
3.3065338134765625,168
3.3087849617004395,168
3.3105742931365967,168
3.312375783920288,168
3.3141582012176514,168
3.3159546852111816,168
3.318207025527954,168
3.3199825286865234,168
3.321793556213379,168
3.323613166809082,168
3.3258798122406006,168
3.3276712894439697,168
3.330418825149536,168
3.332233428955078,168
3.3340511322021484,168
3.3363049030303955,168
3.3385438919067383,168
3.3408048152923584,168
3.343064069747925,168
3.345334768295288,168
3.34713077545166,168
3.34940505027771,168
3.3512232303619385,168
3.3530354499816895,168
3.3548312187194824,168
3.3566153049468994,168
3.358400821685791,168
3.360222339630127,168
3.3620471954345703,168
3.3638522624969482,168
3.3656392097473145,168
3.3674309253692627,168
3.3692264556884766,168
3.3710238933563232,168
3.372823715209961,168
3.374641180038452,168
3.3764286041259766,168
3.3782260417938232,168
3.3800368309020996,168
3.381828546524048,168
3.3836278915405273,168
3.3854289054870605,168
3.3872275352478027,168
3.3895037174224854,168
3.391301393508911,168
3.3930954933166504,168
3.3948824405670166,168
3.396676540374756,168
3.3989458084106445,168
3.4007315635681152,168
3.402561664581299,168
3.4043734073638916,168
3.406174898147583,168
3.4079835414886475,168
3.4097697734832764,168
3.411562204360962,168
3.413370132446289,168
3.4151785373687744,168
3.4169821739196777,168
3.418785333633423,168
3.4205923080444336,168
3.422393560409546,168
3.4246771335601807,168
3.4269487857818604,168
3.428737163543701,168
3.4305357933044434,168
3.4328291416168213,168
3.4350805282592773,168
3.43686842918396,168
3.4386684894561768,168
3.4409351348876953,168
3.4427144527435303,168
3.4445276260375977,168
3.4463376998901367,168
3.44813871383667,168
3.449946165084839,168
3.451713800430298,168
3.453516960144043,168
3.455322742462158,168
3.4575836658477783,168
3.4593679904937744,168
3.4611542224884033,168
3.4629533290863037,168
3.4647538661956787,168
3.4665582180023193,168
3.4688243865966797,168
3.470602512359619,168
3.4723963737487793,168
3.4746687412261963,168
3.4764621257781982,168
3.4782633781433105,168
3.480045795440674,168
3.4818577766418457,168
3.4845919609069824,168
3.486391067504883,168
3.488666534423828,168
3.490464925765991,168
3.4922571182250977,168
3.494058609008789,168
3.4958701133728027,168
3.497668981552124,168
3.499454975128174,168
3.501250982284546,168
3.5030651092529297,168
3.504870653152466,168
3.506653070449829,168
3.508483648300171,168
3.510283946990967,168
3.512085199356079,168
3.5139222145080566,168
3.5156991481781006,168
3.517483949661255,168
3.519282579421997,168
3.5210840702056885,168
3.522867202758789,168
3.524665355682373,168
3.5264577865600586,168
3.5287463665008545,168
3.530555248260498,168
3.532339096069336,168
3.5345981121063232,168
3.5363967418670654,168
3.538196086883545,168
3.5399863719940186,168
3.541769504547119,168
3.5435729026794434,168
3.5458574295043945,168
3.5476574897766113,168
3.549450397491455,168
3.551274299621582,168
3.5530855655670166,168
3.5553476810455322,168
3.5571401119232178,168
3.5589849948883057,168
3.5607717037200928,168
3.563044309616089,168
3.565288782119751,168
3.567552328109741,168
3.5693299770355225,168
3.5711283683776855,168
3.5729427337646484,168
3.5747382640838623,168
3.5769855976104736,168
3.578784227371216,168
3.580570697784424,168
3.582371473312378,168
3.5841758251190186,168
3.58597993850708,168
3.5877742767333984,168
3.5895533561706543,168
3.591353416442871,168
3.593156576156616,168
3.5949490070343018,168
3.5972158908843994,168
3.5990138053894043,168
3.600818395614624,168
3.602607011795044,168
3.6044139862060547,168
3.6061975955963135,168
3.6084532737731934,168
3.6102371215820312,168
3.6120378971099854,168
3.6138298511505127,168
3.6165730953216553,168
3.6183664798736572,168
3.620161533355713,168
3.621948719024658,168
3.624253749847412,168
3.626044750213623,168
3.627842426300049,168
3.629619598388672,168
3.6314172744750977,168
3.6332285404205322,168
3.635016679763794,168
3.6368000507354736,168
3.6395206451416016,168
3.6413156986236572,168
3.6431241035461426,168
3.645373582839966,168
3.6471800804138184,168
3.649421215057373,168
3.6512105464935303,168
3.6529972553253174,168
3.6547956466674805,168
3.656587600708008,168
3.6584014892578125,168
3.660210609436035,168
3.6620142459869385,168
3.663820505142212,168
3.665614128112793,168
3.6674063205718994,168
3.6692209243774414,168
3.671013832092285,168
3.6728148460388184,168
3.675075054168701,168
3.676863431930542,168
3.6786410808563232,168
3.6809275150299072,168
3.6826999187469482,168
3.684513807296753,168
3.6872713565826416,168
3.6890785694122314,168
3.6908743381500244,168
3.6926496028900146,168
3.694965362548828,168
3.6967639923095703,168
3.6985371112823486,168
3.7003238201141357,168
3.702129602432251,168
3.7044248580932617,168
3.7062244415283203,168
3.7080368995666504,168
3.7107696533203125,168
3.7125587463378906,168
3.714362859725952,168
3.7161521911621094,168
3.717942953109741,168
3.720197916030884,168
3.722022533416748,168
3.7238106727600098,168
3.7256062030792236,168
3.7274045944213867,168
3.7292087078094482,168
3.730992078781128,168
3.732804536819458,168
3.7345879077911377,168
3.7368831634521484,168
3.738678216934204,168
3.7409231662750244,168
3.74318265914917,168
3.7449841499328613,168
3.7467734813690186,168
3.74855899810791,168
3.7503557205200195,168
3.7521443367004395,168
3.7544400691986084,168
3.757619619369507,168
3.7594354152679443,168
3.7612428665161133,168
3.7635228633880615,168
3.765329599380493,168
3.7676141262054443,168
3.769408702850342,168
3.771195411682129,168
3.7734475135803223,168
3.7752394676208496,168
3.7770302295684814,168
3.778818130493164,168
3.780604839324951,168
3.783339023590088,168
3.785137414932251,168
3.7869396209716797,168
3.7887279987335205,168
3.790524959564209,168
3.7923269271850586,168
3.7941360473632812,168
3.795930862426758,168
3.7977218627929688,168
3.7995235919952393,168
3.801323652267456,168
3.8035852909088135,168
3.805849313735962,168
3.8076295852661133,168
3.809434175491333,168
3.8112282752990723,168
3.813070058822632,168
3.814871311187744,168
3.8166515827178955,168
3.8184494972229004,168
3.8202362060546875,168
3.822011709213257,168
3.823808431625366,168
3.825599193572998,168
3.8273861408233643,168
3.829179286956787,168
3.8314247131347656,168
3.8332362174987793,168
3.835033893585205,168
3.836811065673828,168
3.8386037349700928,168
3.840402364730835,168
3.842190742492676,168
3.843989372253418,168
3.845794677734375,168
3.8475711345672607,168
3.8493709564208984,168
3.8511669635772705,168
3.852991819381714,168
3.8548011779785156,168
3.85659122467041,168
3.8583781719207764,168
3.8601717948913574,168
3.861971855163574,168
3.8637664318084717,168
3.8660285472869873,168
3.867828130722046,168
3.8696253299713135,168
3.871425151824951,168
3.873223066329956,168
3.8750414848327637,168
3.8773038387298584,168
3.879101276397705,168
3.880904197692871,168
3.8831608295440674,168
3.8849692344665527,168
3.887227773666382,168
3.889010429382324,168
3.890813112258911,168
3.892608880996704,168
3.894411563873291,168
3.896218776702881,168
3.8984813690185547,168
3.900282382965088,168
3.9021124839782715,168
3.903942346572876,168
3.9057390689849854,168
3.9075326919555664,168
3.9093077182769775,168
3.9111104011535645,168
3.91336989402771,168
3.9151835441589355,168
3.916987180709839,168
3.918792963027954,168
3.920593738555908,168
3.9223947525024414,168
3.924212694168091,168
3.926016092300415,168
3.928267478942871,168
3.930069923400879,168
3.932328701019287,168
3.9341440200805664,168
3.935950517654419,168
3.9381935596466064,168
3.9399871826171875,168
3.9422404766082764,168
3.944042205810547,168
3.9458398818969727,168
3.947622537612915,168
3.949416399002075,168
3.9512033462524414,168
3.9534687995910645,168
3.955282688140869,168
3.9575607776641846,168
3.9598143100738525,168
3.9616012573242188,168
3.963850736618042,168
3.9656317234039307,168
3.9674274921417236,168
3.969215154647827,168
3.971468687057495,168
3.9732534885406494,168
3.9750559329986572,168
3.977315902709961,168
3.9791271686553955,168
3.980926752090454,168
3.9827094078063965,168
3.984497547149658,168
3.986293077468872,168
3.988121747970581,168
3.9898934364318848,168
3.9916775226593018,168
3.993489980697632,168
3.9952921867370605,168
3.997097969055176,168
3.9988789558410645,168
4.000673770904541,168
4.002457857131958,168
4.004266977310181,168
4.00605845451355,168
4.007853746414185,168
4.009649753570557,168
4.011439085006714,168
4.013256311416626,168
4.015063285827637,168
4.016876935958862,168
4.018672943115234,168
4.0204737186431885,168
4.0222766399383545,168
4.0240795612335205,168
4.025885105133057,168
4.027679204940796,168
4.0294694900512695,168
4.031748294830322,168
4.0340447425842285,168
4.035851001739502,168
4.037646055221558,168
4.039428234100342,168
4.041226387023926,168
4.043532848358154,168
4.045332670211792,168
4.047124147415161,168
4.048922300338745,168
4.050713300704956,168
4.052510976791382,168
4.054312467575073,168
4.0560996532440186,168
4.057902097702026,168
4.059697389602661,168
4.0614917278289795,168
4.063286066055298,168
4.065080642700195,168
4.067321062088013,168
4.069126844406128,168
4.0714027881622314,168
4.073205947875977,168
4.074995994567871,168
4.076789617538452,168
4.07858419418335,168
4.080397129058838,168
4.082197189331055,168
4.084012269973755,168
4.085812091827393,168
4.088569641113281,168
4.090370178222656,168
4.092176198959351,168
4.094021320343018,168
4.095822811126709,168
4.097621440887451,168
4.099422216415405,168
4.101219415664673,168
4.103030443191528,168
4.1052961349487305,168
4.107560873031616,168
4.1093645095825195,168
4.111166000366211,168
4.113917589187622,168
4.1157002449035645,168
4.117492914199829,168
4.119298219680786,168
4.121101140975952,168
4.122904062271118,168
4.124685049057007,168
4.126932621002197,168
4.128722190856934,168
4.13101053237915,168
4.132825613021851,168
4.134596824645996,168
4.136883735656738,168
4.138657808303833,168
4.140455961227417,168
4.14272665977478,168
4.145017623901367,168
4.146820068359375,168
4.149058103561401,168
4.15133261680603,168
4.153136730194092,168
4.154941082000732,168
4.156718969345093,168
4.15851092338562,168
4.160330057144165,168
4.162140846252441,168
4.164400577545166,168
4.166208267211914,168
4.168033599853516,168
4.169853210449219,168
4.17163872718811,168
4.173440456390381,168
4.175248146057129,168
4.177046060562134,168
4.179298639297485,168
4.1810829639434814,168
4.182858228683472,168
4.184658050537109,168
4.1864564418792725,168
4.1882405281066895,168
4.1905059814453125,168
4.1922852993011475,168
4.195014476776123,168
4.196796894073486,168
4.198588609695435,168
4.200845718383789,168
4.203115224838257,168
4.205385446548462,168
4.207178354263306,168
4.2089996337890625,168
4.2107977867126465,168
4.212584972381592,168
4.214397192001343,168
4.216667652130127,168
4.21844744682312,168
4.220257997512817,168
4.222048282623291,168
4.223842620849609,168
4.225632429122925,168
4.227444171905518,168
4.229253530502319,168
4.231030225753784,168
4.232839107513428,168
4.235067844390869,168
4.236886501312256,168
4.238690137863159,168
4.240506649017334,168
4.242311477661133,168
4.245059013366699,168
4.246885538101196,168
4.2491536140441895,168
4.25095009803772,168
4.252729892730713,168
4.254542827606201,168
4.256348371505737,168
4.258140563964844,168
4.25994873046875,168
4.261744260787964,168
4.263537883758545,168
4.265326738357544,168
4.26756739616394,168
4.269373178482056,168
4.2711639404296875,168
4.273464202880859,168
4.275278091430664,168
4.277520656585693,168
4.279790163040161,168
4.282046556472778,168
4.283859014511108,168
4.286131143569946,168
4.2888805866241455,168
4.291155576705933,168
4.2929651737213135,168
4.294751167297363,168
4.29655122756958,168
4.298356771469116,168
4.3001627922058105,168
4.3019654750823975,168
4.303766965866089,168
4.305569410324097,168
4.307831287384033,168
4.310099363327026,168
4.311896324157715,168
4.314159393310547,168
4.315959692001343,168
4.317742824554443,168
4.319566488265991,168
4.321384906768799,168
4.323182106018066,168
4.325440406799316,168
4.327684164047241,168
4.329488277435303,168
4.331280946731567,168
4.3330864906311035,168
4.335387945175171,168
4.337175369262695,168
4.338963270187378,168
4.3407604694366455,168
4.342549085617065,168
4.34434175491333,168
4.346125602722168,168
4.347932815551758,168
4.349726676940918,168
4.35152792930603,168
4.353328704833984,168
4.355132102966309,168
4.356920003890991,168
4.358698129653931,168
4.360499143600464,168
4.362293720245361,168
4.364108324050903,168
4.365914583206177,168
4.367706298828125,168
4.369505882263184,168
4.371307849884033,168
4.373096942901611,168
4.375316381454468,168
4.37712025642395,168
4.378907680511475,168
4.381157398223877,168
4.383425712585449,168
4.385223150253296,168
4.387024164199829,168
4.38929557800293,168
4.39105749130249,168
4.3933141231536865,168
4.3951191902160645,168
4.396893501281738,168
4.398667812347412,168
4.400464773178101,168
4.402270078659058,168
4.40409255027771,168
4.405890703201294,168
4.4076902866363525,168
4.4099485874176025,168
4.411739349365234,168
4.4135520458221436,168
4.41534686088562,168
4.417137861251831,168
4.418918132781982,168
4.420693635940552,168
4.423425912857056,168
4.425692558288574,168
4.427478075027466,168
4.429734468460083,168
4.431534767150879,168
4.43333625793457,168
4.4351372718811035,168
4.437366247177124,168
4.4391608238220215,168
4.4409565925598145,168
4.442739963531494,168
4.444540023803711,168
4.446331739425659,168
4.4481236934661865,168
4.450406074523926,168
4.452193737030029,168
4.453998804092407,168
4.4562599658966064,168
4.458548307418823,168
4.460357904434204,168
4.462161064147949,168
4.463974714279175,168
4.466208457946777,168
4.468449592590332,168
4.470266580581665,168
4.472065448760986,168
4.473891496658325,168
4.475688934326172,168
4.477484226226807,168
4.479264974594116,168
4.481052398681641,168
4.483801603317261,168
4.485592603683472,168
4.4873762130737305,168
4.489180564880371,168
4.490966796875,168
4.492763519287109,168
4.4945714473724365,168
4.496365308761597,168
4.4981584548950195,168
4.500445604324341,168
4.502242803573608,168
4.5040364265441895,168
4.5058372020721436,168
4.507623910903931,168
4.509420156478882,168
4.511218070983887,168
4.513019323348999,168
4.5152716636657715,168
4.517037630081177,168
4.518823623657227,168
4.520614147186279,168
4.523353099822998,168
4.525628566741943,168
4.527440071105957,168
4.529245376586914,168
4.531040906906128,168
4.5328474044799805,168
4.534640312194824,168
4.536439895629883,168
4.538231134414673,168
4.540030002593994,168
4.542264699935913,168
4.544072866439819,168
4.545878171920776,168
4.54766058921814,168
4.549445390701294,168
4.55123233795166,168
4.55302357673645,168
4.554811954498291,168
4.556617736816406,168
4.558464527130127,168
4.560262441635132,168
4.5625386238098145,168
4.564353942871094,168
4.5671093463897705,168
4.568915367126465,168
4.571157217025757,168
4.572962522506714,168
4.574753284454346,168
4.577016830444336,168
4.578817844390869,168
4.580597639083862,168
4.582381010055542,168
4.584198713302612,168
4.585985422134399,168
4.5878005027771,168
4.589592218399048,168
4.591385126113892,168
4.59318733215332,168
4.594975709915161,168
4.596766471862793,168
4.598557949066162,168
4.600380897521973,168
4.602174282073975,168
4.60397481918335,168
4.605763673782349,168
4.607555866241455,168
4.609351396560669,168
4.611150026321411,168
4.612952709197998,168
4.614757537841797,168
4.616547584533691,168
4.618826389312744,168
4.620586156845093,168
4.622381210327148,168
4.624194860458374,168
4.625967741012573,168
4.627737998962402,168
4.629538536071777,168
4.631331443786621,168
4.633603572845459,168
4.63540506362915,168
4.6376800537109375,168
4.64041805267334,168
4.642212867736816,168
4.644023180007935,168
4.645826578140259,168
4.648083686828613,168
4.649884462356567,168
4.651675701141357,168
4.653464078903198,168
4.655260801315308,168
4.657079219818115,168
4.6588733196258545,168
4.660667657852173,168
4.662464141845703,168
4.664301872253418,168
4.666117191314697,168
4.667918920516968,168
4.669696569442749,168
4.671489238739014,168
4.673296213150024,168
4.675102233886719,168
4.676904201507568,168
4.679136037826538,168
4.6813976764678955,168
4.683194875717163,168
4.685465335845947,168
4.687254190444946,168
4.689529180526733,168
4.691331386566162,168
4.693140268325806,168
4.6949217319488525,168
4.696716547012329,168
4.698516130447388,168
4.700324058532715,168
4.702115535736084,168
4.703927516937256,168
4.705703973770142,168
4.707938194274902,168
4.709723949432373,168
4.7115278244018555,168
4.7138025760650635,168
4.716083765029907,168
4.717903137207031,168
4.719681978225708,168
4.721475601196289,168
4.723274230957031,168
4.725074052810669,168
4.72687554359436,168
4.728652477264404,168
4.730458736419678,168
4.732685327529907,168
4.734472990036011,168
4.736264228820801,168
4.738067626953125,168
4.739856004714966,168
4.741642236709595,168
4.743444919586182,168
4.745254039764404,168
4.747551202774048,168
4.7493369579315186,168
4.751143455505371,168
4.752939701080322,168
4.755701303482056,168
4.757503509521484,168
4.759786128997803,168
4.761538743972778,168
4.763341426849365,168
4.765137434005737,168
4.76692008972168,168
4.768705368041992,168
4.770510196685791,168
4.7723095417022705,168
4.774121284484863,168
4.775923728942871,168
4.777705430984497,168
4.779956817626953,168
4.781743764877319,168
4.783528566360474,168
4.785338401794434,168
4.787141561508179,168
4.788928270339966,168
4.790717840194702,168
4.7925169467926025,168
4.7943220138549805,168
4.796107530593872,168
4.798380613327026,168
4.800179958343506,168
4.801965951919556,168
4.803770065307617,168
4.805567741394043,168
4.807344198226929,168
4.809609413146973,168
4.811385869979858,168
4.813190937042236,168
4.814996242523193,168
4.816776990890503,168
4.818559169769287,168
4.820353031158447,168
4.822147369384766,168
4.823959827423096,168
4.825751543045044,168
4.827529191970825,168
4.829322576522827,168
4.831105470657349,168
4.832914113998413,168
4.83471417427063,168
4.83653712272644,168
4.838802337646484,168
4.840598106384277,168
4.8423991203308105,168
4.8446877002716064,168
4.846473693847656,168
4.848273992538452,168
4.850062847137451,168
4.851855993270874,168
4.854141473770142,168
4.855943202972412,168
4.858196020126343,168
4.85998797416687,168
4.861776828765869,168
4.863581895828247,168
4.865390777587891,168
4.867193222045898,168
4.869444131851196,168
4.871239185333252,168
4.8730480670928955,168
4.874843597412109,168
4.87664008140564,168
4.878441095352173,168
4.880234956741333,168
4.882024765014648,168
4.884305715560913,168
4.886107683181763,168
4.887904405593872,168
4.8901543617248535,168
4.891941547393799,168
4.893735408782959,168
4.895540237426758,168
4.897809982299805,168
4.900050163269043,168
4.901849746704102,168
4.9036476612091064,168
4.905438661575317,168
4.907228469848633,168
4.909509658813477,168
4.911300182342529,168
4.913572311401367,168
4.915372371673584,168
4.917631387710571,168
4.919424533843994,168
4.921236991882324,168
4.923035383224487,168
4.925310850143433,168
4.927123546600342,168
4.928922176361084,168
4.930703401565552,168
4.932488441467285,168
4.9343039989471436,168
4.936094045639038,168
4.938354969024658,168
4.940156936645508,168
4.941948652267456,168
4.944201231002808,168
4.946014165878296,168
4.9477858543396,168
4.949566602706909,168
4.951361179351807,168
4.953185319900513,168
4.9549784660339355,168
4.957249402999878,168
4.9590370655059814,168
4.960819959640503,168
4.963083744049072,168
4.964856147766113,168
4.966627359390259,168
4.968435764312744,168
4.970235586166382,168
4.9720258712768555,168
4.973829507827759,168
4.976049184799194,168
4.977859973907471,168
4.979642629623413,168
4.981435775756836,168
4.983245372772217,168
4.985049247741699,168
4.986849546432495,168
4.988622665405273,168
4.990408658981323,168
4.992682456970215,168
4.994487762451172,168
4.996289491653442,168
4.9981184005737305,168
4.9998955726623535,168
5.002622842788696,168
5.004433870315552,168
5.006214618682861,168
5.0080084800720215,168
5.009823322296143,168
5.0116286277771,168
5.013429641723633,168
5.015238285064697,168
5.017047166824341,168
5.01884126663208,168
5.020620346069336,168
5.022411346435547,168
5.02518105506897,168
5.027467250823975,168
5.029268741607666,168
5.031068801879883,168
5.032883405685425,168
5.0346667766571045,168
5.036935329437256,168
5.038726568222046,168
5.041003704071045,168
5.042808532714844,168
5.044606685638428,168
5.04638409614563,168
5.04818320274353,168
5.049977779388428,168
5.051771640777588,168
5.053571462631226,168
5.055371046066284,168
5.057169675827026,168
5.05895471572876,168
5.060746431350708,168
5.062548398971558,168
5.064825534820557,168
5.06662130355835,168
5.068415880203247,168
5.070216655731201,168
5.072474956512451,168
5.074301481246948,168
5.076106786727905,168
5.07793927192688,168
5.079731702804565,168
5.081512212753296,168
5.083299398422241,168
5.085566997528076,168
5.087366104125977,168
5.089165449142456,168
5.090947866439819,168
5.092735052108765,168
5.094516277313232,168
5.09631609916687,168
5.0981080532073975,168
5.099908113479614,168
5.101703405380249,168
5.103506326675415,168
5.105311870574951,168
5.107560634613037,168
5.109368324279785,168
5.111154556274414,168
5.1129443645477295,168
5.114749431610107,168
5.116555690765381,168
5.118343353271484,168
5.120143890380859,168
5.1228649616241455,168
5.1247241497039795,168
5.126984357833862,168
5.129253625869751,168
5.131033182144165,168
5.132813453674316,168
5.135049343109131,168
5.136850118637085,168
5.138633966445923,168
5.140449047088623,168
5.142252683639526,168
5.1440489292144775,168
5.145852565765381,168
5.148146390914917,168
5.149926424026489,168
5.151713848114014,168
5.153510808944702,168
5.155311346054077,168
5.157110929489136,168
5.15891432762146,168
5.160699129104614,168
5.162498235702515,168
5.164307117462158,168
5.166105031967163,168
5.168845176696777,168
5.170618057250977,168
5.1728925704956055,168
5.174678087234497,168
5.176478862762451,168
5.178271055221558,168
5.180069208145142,168
5.181854724884033,168
5.18411660194397,168
5.185909748077393,168
5.188644886016846,168
5.190445899963379,168
5.192708730697632,168
5.194507122039795,168
5.197230100631714,168
5.199012756347656,168
5.201257228851318,168
5.203026056289673,168
5.204826354980469,168
5.206607103347778,168
5.208387851715088,168
5.210204601287842,168
5.212006568908691,168
5.213821887969971,168
5.215616464614868,168
5.217855930328369,168
5.219642639160156,168
5.2214367389678955,168
5.22324013710022,168
5.225034952163696,168
5.226832151412964,168
5.228617191314697,168
5.230878114700317,168
5.232653617858887,168
5.234453201293945,168
5.236252784729004,168
5.238054275512695,168
5.240324258804321,168
5.242127418518066,168
5.243944406509399,168
5.2457380294799805,168
5.247548580169678,168
5.249351739883423,168
5.251636505126953,168
5.253443956375122,168
5.2552759647369385,168
5.257534027099609,168
5.259343385696411,168
5.261108160018921,168
5.263372421264648,168
5.265658378601074,168
5.267453908920288,168
5.26971435546875,168
5.271501541137695,168
5.273293495178223,168
5.275084733963013,168
5.2768824100494385,168
5.278660535812378,168
5.280433416366577,168
5.282236099243164,168
5.284045219421387,168
5.285839080810547,168
5.2880871295928955,168
5.290363073348999,168
5.292153596878052,168
5.293964624404907,168
5.295736074447632,168
5.298001527786255,168
5.299774646759033,168
5.30155611038208,168
5.303356885910034,168
5.305140495300293,168
5.306926727294922,168
5.308713912963867,168
5.3105034828186035,168
5.3123064041137695,168
5.314587116241455,168
5.316375255584717,168
5.318168878555298,168
5.319961309432983,168
5.322202920913696,168
5.324000120162964,168
5.325796365737915,168
5.327583312988281,168
5.3293774127960205,168
5.331183671951294,168
5.333420276641846,168
5.335221529006958,168
5.337470769882202,168
5.339274644851685,168
5.3410704135894775,168
5.343362331390381,168
5.345633268356323,168
5.347437620162964,168
5.34964394569397,168
5.351900339126587,168
5.353694438934326,168
5.355470895767212,168
5.357273101806641,168
5.359066486358643,168
5.360859394073486,168
5.362648010253906,168
5.36446213722229,168
5.366728782653809,168
5.368525981903076,168
5.370343446731567,168
5.372136831283569,168
5.374881982803345,168
5.376672029495239,168
5.378474712371826,168
5.38027811050415,168
5.3820717334747314,168
5.383882761001587,168
5.385698318481445,168
5.387487888336182,168
5.389277458190918,168
5.391055583953857,168
5.392853498458862,168
5.394648313522339,168
5.39644193649292,168
5.398242712020874,168
5.400496244430542,168
5.402760744094849,168
5.4045679569244385,168
5.406353712081909,168
5.408159494400024,168
5.410414218902588,168
5.412238359451294,168
5.4144885540008545,168
5.417211294174194,168
5.41901159286499,168
5.420797824859619,168
5.422583341598511,168
5.424390077590942,168
5.426195859909058,168
5.427978992462158,168
5.4297685623168945,168
5.432044267654419,168
5.4338414669036865,168
5.435648679733276,168
5.437442779541016,168
5.439245223999023,168
5.441057205200195,168
5.4433300495147705,168
5.445119380950928,168
5.447397708892822,168
5.449180603027344,168
5.450976848602295,168
5.452773094177246,168
5.45503306388855,168
5.456816673278809,168
5.458611011505127,168
5.460394620895386,168
5.462199926376343,168
5.464006423950195,168
5.465813875198364,168
5.46756649017334,168
5.469381093978882,168
5.4711737632751465,168
5.473449230194092,168
5.4752562046051025,168
5.477047681808472,168
5.478847980499268,168
5.481105089187622,168
5.48291015625,168
5.484691858291626,168
5.486952781677246,168
5.4887378215789795,168
5.490522861480713,168
5.492323637008667,168
5.494125843048096,168
5.495934009552002,168
5.498199224472046,168
5.499994277954102,168
5.501792669296265,168
5.503588438034058,168
5.505857706069946,168
5.507655143737793,168
5.50945258140564,168
5.511245965957642,168
5.5130438804626465,168
5.51485013961792,168
5.516645669937134,168
5.518419981002808,168
5.520198106765747,168
5.52243709564209,168
5.524239540100098,168
5.526020050048828,168
5.527820825576782,168
5.529616117477417,168
5.531864643096924,168
5.534125328063965,168
5.536386966705322,168
5.538176536560059,168
5.539967060089111,168
5.541749954223633,168
5.544041395187378,168
5.545855283737183,168
5.5476460456848145,168
5.549450397491455,168
5.551244497299194,168
5.55303692817688,168
5.554831027984619,168
5.557085990905762,168
5.558854103088379,168
5.560641527175903,168
5.562443494796753,168
5.564257621765137,168
5.566051006317139,168
5.56787371635437,168
5.569669723510742,168
5.571910381317139,168
5.573704719543457,168
5.575956106185913,168
5.577740430831909,168
5.579538822174072,168
5.581335544586182,168
5.583143949508667,168
5.584946632385254,168
5.586760997772217,168
5.588559150695801,168
5.590365409851074,168
5.59215784072876,168
5.593969345092773,168
5.595750093460083,168
5.597538709640503,168
5.599306583404541,168
5.601110935211182,168
5.603413105010986,168
5.605210781097412,168
5.607461452484131,168
5.6092424392700195,168
5.611046075820923,168
5.612847805023193,168
5.614630699157715,168
5.616434097290039,168
5.6182332038879395,168
5.620046854019165,168
5.621858596801758,168
5.624139070510864,168
5.625932693481445,168
5.627727031707764,168
5.629519939422607,168
5.631308555603027,168
5.633107423782349,168
5.634891986846924,168
5.637614727020264,168
5.639400243759155,168
5.641673564910889,168
5.643471956253052,168
5.645276784896851,168
5.647078275680542,168
5.648864507675171,168
5.651127576828003,168
5.652921438217163,168
5.6551971435546875,168
5.657041549682617,168
5.658856153488159,168
5.661121845245361,168
5.66292142868042,168
5.6647069454193115,168
5.666492223739624,168
5.66829514503479,168
5.670114278793335,168
5.6719090938568115,168
5.6737120151519775,168
5.675486326217651,168
5.6777589321136475,168
5.679546594619751,168
5.681363344192505,168
5.683177709579468,168
5.684941530227661,168
5.686736822128296,168
5.68852424621582,168
5.690333127975464,168
5.692148208618164,168
5.693952798843384,168
5.695732116699219,168
5.698507785797119,168
5.700292587280273,168
5.702550411224365,168
5.7043702602386475,168
5.706631660461426,168
5.708434820175171,168
5.710233926773071,168
5.712031602859497,168
5.713845491409302,168
5.715598821640015,168
5.717395782470703,168
5.719217777252197,168
5.721473693847656,168
5.723746299743652,168
5.725545644760132,168
5.727787971496582,168
5.7295873165130615,168
5.731841802597046,168
5.73411226272583,168
5.735906362533569,168
5.738159418106079,168
5.739961862564087,168
5.742712020874023,168
5.744490623474121,168
5.746301174163818,168
5.748569488525391,168
5.750330924987793,168
5.752111434936523,168
5.753911018371582,168
5.755709409713745,168
5.7584228515625,168
5.760223150253296,168
5.762490749359131,168
5.764302492141724,168
5.76702880859375,168
5.769286870956421,168
5.77107048034668,168
5.772881269454956,168
5.775136470794678,168
5.7769246101379395,168
5.778711557388306,168
5.780511140823364,168
5.782306432723999,168
5.784121751785278,168
5.785918235778809,168
5.787714242935181,168
5.789499044418335,168
5.791301250457764,168
5.79310154914856,168
5.794889211654663,168
5.796677589416504,168
5.798474073410034,168
5.800265550613403,168
5.802059650421143,168
5.804338216781616,168
5.80613899230957,168
5.808828353881836,168
5.810626983642578,168
5.812402009963989,168
5.814198732376099,168
5.815991163253784,168
5.817790985107422,168
5.8195881843566895,168
5.82138204574585,168
5.823185443878174,168
5.824973821640015,168
5.826765298843384,168
5.828552484512329,168
5.8303468227386475,168
5.8321428298950195,168
5.83394718170166,168
5.8366522789001465,168
5.838468790054321,168
5.840261936187744,168
5.842079162597656,168
5.843890905380249,168
5.846152067184448,168
5.847943544387817,168
5.850200653076172,168
5.851986885070801,168
5.854249477386475,168
5.856034278869629,168
5.857802629470825,168
5.8600709438323975,168
5.861891508102417,168
5.863699197769165,168
5.86596155166626,168
5.86775279045105,168
5.870018005371094,168
5.871809720993042,168
5.87360405921936,168
5.875377178192139,168
5.877164363861084,168
5.878984212875366,168
5.880763053894043,168
5.882583379745483,168
5.8853020668029785,168
5.887102127075195,168
5.8888983726501465,168
5.890667200088501,168
5.892475128173828,168
5.894749402999878,168
5.89700722694397,168
5.899701118469238,168
5.901499271392822,168
5.903279066085815,168
5.905552387237549,168
5.907357692718506,168
5.909158706665039,168
5.910938024520874,168
5.9127516746521,168
5.914532899856567,168
5.9163289070129395,168
5.918115854263306,168
5.919913053512573,168
5.922159671783447,168
5.923944711685181,168
5.925733327865601,168
5.927524089813232,168
5.929304599761963,168
5.931109189987183,168
5.932926893234253,168
5.934703588485718,168
5.9364988803863525,168
5.938291549682617,168
5.940575361251831,168
5.942365884780884,168
5.944161653518677,168
5.945969581604004,168
5.947763204574585,168
5.950496196746826,168
5.953219413757324,168
5.955009460449219,168
5.9568116664886475,168
5.958610773086548,168
5.96040678024292,168
5.962196111679077,168
5.964439868927002,168
5.966231346130371,168
5.968037366867065,168
5.9698333740234375,168
5.9720778465271,168
5.973890542984009,168
5.976146697998047,168
5.9783995151519775,168
5.980649948120117,168
5.982442140579224,168
5.98425555229187,168
5.98605751991272,168
5.98785138130188,168
5.989651441574097,168
5.9919188022613525,168
5.993708372116089,168
5.995493650436401,168
5.997755527496338,168
5.999552249908447,168
6.001353025436401,168
6.003623962402344,168
6.00542688369751,168
6.007734298706055,168
6.00951361656189,168
6.011317729949951,168
6.013128995895386,168
6.014926910400391,168
6.01671838760376,168
6.018972158432007,168
6.0212483406066895,168
6.023027420043945,168
6.025299549102783,168
6.027096271514893,168
6.02887749671936,168
6.030671119689941,168
6.032466411590576,168
6.034752130508423,168
6.036555051803589,168
6.038349628448486,168
6.040137529373169,168
6.04194188117981,168
6.043737173080444,168
6.045558214187622,168
6.047342777252197,168
6.049118757247925,168
6.050908803939819,168
6.052689790725708,168
6.054503679275513,168
6.057216167449951,168
6.059019565582275,168
6.060821294784546,168
6.063089847564697,168
6.06488561630249,168
6.066690683364868,168
6.068483829498291,168
6.070286273956299,168
6.072081089019775,168
6.073891878128052,168
6.07569146156311,168
6.0774781703948975,168
6.07926869392395,168
6.08106541633606,168
6.082865953445435,168
6.085150718688965,168
6.087452411651611,168
6.089226484298706,168
6.091036796569824,168
6.092843055725098,168
6.095113039016724,168
6.097370862960815,168
6.099176406860352,168
6.101012706756592,168
6.102817058563232,168
6.10508918762207,168
6.106895923614502,168
6.109146356582642,168
6.110918045043945,168
6.112683057785034,168
6.114485025405884,168
6.116291284561157,168
6.118077754974365,168
6.11987829208374,168
6.12169623374939,168
6.123477458953857,168
6.125771999359131,168
6.127553701400757,168
6.1293511390686035,168
6.131149530410767,168
6.132960557937622,168
6.134750604629517,168
6.136547565460205,168
6.138317823410034,168
6.140120029449463,168
6.141913652420044,168
6.143714189529419,168
6.145517349243164,168
6.147321462631226,168
6.14911413192749,168
6.150915861129761,168
6.152699947357178,168
6.154970645904541,168
6.157678604125977,168
6.15997052192688,168
6.161769866943359,168
6.163577556610107,168
6.165807008743286,168
6.167587518692017,168
6.169381141662598,168
6.171170949935913,168
6.1729583740234375,168
6.174754858016968,168
6.1765594482421875,168
6.178370237350464,168
6.1801981925964355,168
6.181989908218384,168
6.183801651000977,168
6.185600757598877,168
6.187880516052246,168
6.18967866897583,168
6.191478252410889,168
6.193272113800049,168
6.195066690444946,168
6.196874618530273,168
6.198667287826538,168
6.200460195541382,168
6.20225715637207,168
6.20405912399292,168
6.205855131149292,168
6.208104610443115,168
6.209909200668335,168
6.212160348892212,168
6.213975191116333,168
6.215799808502197,168
6.217575550079346,168
6.219823598861694,168
6.221651792526245,168
6.223439931869507,168
6.225723028182983,168
6.227515459060669,168
6.229297161102295,168
6.231093168258667,168
6.232893705368042,168
6.234684944152832,168
6.236474514007568,168
6.2382636070251465,168
6.240076303482056,168
6.241872310638428,168
6.243664503097534,168
6.2459399700164795,168
6.2477335929870605,168
6.2495341300964355,168
6.251332759857178,168
6.2531538009643555,168
6.255419015884399,168
6.257219314575195,168
6.2590086460113525,168
6.261278390884399,168
6.263070106506348,168
6.264872312545776,168
6.266669034957886,168
6.268458843231201,168
6.270744800567627,168
6.2725372314453125,168
6.274354934692383,168
6.276143312454224,168
6.277951240539551,168
6.279753923416138,168
6.281528949737549,168
6.283350467681885,168
6.28512978553772,168
6.286924362182617,168
6.288703918457031,168
6.290506362915039,168
6.292308807373047,168
6.294109344482422,168
6.295911073684692,168
6.2976930141448975,168
6.299530267715454,168
6.301321983337402,168
6.303110122680664,168
6.304901599884033,168
6.306695222854614,168
6.308509588241577,168
6.3103108406066895,168
6.312091588973999,168
6.3138978481292725,168
6.316143751144409,168
6.3179450035095215,168
6.320223569869995,168
6.321999788284302,168
6.323811769485474,168
6.325624227523804,168
6.327407598495483,168
6.3292036056518555,168
6.331008434295654,168
6.333280324935913,168
6.335078954696655,168
6.336879253387451,168
6.338674545288086,168
6.340451240539551,168
6.342251539230347,168
6.3440611362457275,168
6.3458662033081055,168
6.3481409549713135,168
6.349926710128784,168
6.351714134216309,168
6.35352087020874,168
6.3557868003845215,168
6.358054161071777,168
6.359857559204102,168
6.362128973007202,168
6.36393928527832,168
6.365732669830322,168
6.36752462387085,168
6.369318723678589,168
6.371558904647827,168
6.3738226890563965,168
6.376550674438477,168
6.378359079360962,168
6.380156755447388,168
6.381956338882446,168
6.38423228263855,168
6.386038303375244,168
6.388294458389282,168
6.390090703964233,168
6.3923492431640625,168
6.394150018692017,168
6.395939350128174,168
6.3982093334198,168
6.400457859039307,168
6.402257204055786,168
6.404069900512695,168
6.405843257904053,168
6.407635688781738,168
6.40944504737854,168
6.411704778671265,168
6.413503646850586,168
6.415296316146851,168
6.417085409164429,168
6.4188830852508545,168
6.421140432357788,168
6.422961473464966,168
6.4252166748046875,168
6.427017688751221,168
6.428816795349121,168
6.43060302734375,168
6.432386875152588,168
6.434203624725342,168
6.435988664627075,168
6.437757730484009,168
6.440039157867432,168
6.441832542419434,168
6.443627595901489,168
6.445423126220703,168
6.4472315311431885,168
6.44903302192688,168
6.450817346572876,168
6.452613353729248,168
6.454426288604736,168
6.456230878829956,168
6.4580419063568115,168
6.459845781326294,168
6.462108612060547,168
6.46390962600708,168
6.4661829471588135,168
6.467970848083496,168
6.470255374908447,168
6.4720611572265625,168
6.4738733768463135,168
6.476146221160889,168
6.47793984413147,168
6.479746103286743,168
6.482476234436035,168
6.48429012298584,168
6.486086368560791,168
6.488361358642578,168
6.490162134170532,168
6.491959571838379,168
6.493731260299683,168
6.4955315589904785,168
6.49732232093811,168
6.499092102050781,168
6.500899314880371,168
6.503166198730469,168
6.504961729049683,168
6.506754398345947,168
6.508553743362427,168
6.510339260101318,168
6.51214075088501,168
6.51396918296814,168
6.515753507614136,168
6.517556190490723,168
6.519346237182617,168
6.521135330200195,168
6.522960186004639,168
6.525718927383423,168
6.527501821517944,168
6.529303312301636,168
6.531095266342163,168
6.532904863357544,168
6.53470253944397,168
6.536480903625488,168
6.538277864456177,168
6.540079832077026,168
6.541874170303345,168
6.543660402297974,168
6.545914173126221,168
6.547701597213745,168
6.549520015716553,168
6.5513224601745605,168
6.553136587142944,168
6.555391311645508,168
6.557183027267456,168
6.55898642539978,168
6.560811996459961,168
6.562612295150757,168
6.564407110214233,168
6.566206216812134,168
6.568452835083008,168
6.570246458053589,168
6.572049617767334,168
6.573845624923706,168
6.575634717941284,168
6.5774245262146,168
6.579692602157593,168
6.581498861312866,168
6.583284378051758,168
6.5850770473480225,168
6.587332487106323,168
6.589144229888916,168
6.590950012207031,168
6.593228340148926,168
6.595032215118408,168
6.597293138504028,168
6.599109411239624,168
6.600914001464844,168
6.603190183639526,168
6.60498833656311,168
6.606800317764282,168
6.608586549758911,168
6.610371351242065,168
6.612180948257446,168
6.6139817237854,168
6.615752935409546,168
6.618494272232056,168
6.620296955108643,168
6.622113466262817,168
6.623918056488037,168
6.625696420669556,168
6.627498626708984,168
6.629740476608276,168
6.632002830505371,168
6.6342692375183105,168
6.6360859870910645,168
6.6378748416900635,168
6.6396708488464355,168
6.641480445861816,168
6.64328670501709,168
6.645553350448608,168
6.647345066070557,168
6.649179220199585,168
6.6509788036346436,168
6.653242349624634,168
6.655533313751221,168
6.65733528137207,168
6.659594297409058,168
6.662362813949585,168
6.664167881011963,168
6.665970325469971,168
6.667765378952026,168
6.669557809829712,168
6.671360015869141,168
6.673171758651733,168
6.6749794483184814,168
6.676786184310913,168
6.67858362197876,168
6.680372714996338,168
6.682164907455444,168
6.684926986694336,168
6.686711311340332,168
6.688507080078125,168
6.690305709838867,168
6.6921117305755615,168
6.693921804428101,168
6.695709228515625,168
6.697498559951782,168
6.699300765991211,168
6.701106071472168,168
6.7038490772247314,168
6.705647706985474,168
6.707479238510132,168
6.709264278411865,168
6.711568593978882,168
6.71385931968689,168
6.715665817260742,168
6.717488050460815,168
6.719295978546143,168
6.7210917472839355,168
6.722888231277466,168
6.724681615829468,168
6.726487159729004,168
6.728280782699585,168
6.730093955993652,168
6.73234486579895,168
6.734160900115967,168
6.736430406570435,168
6.738238096237183,168
6.7400290966033936,168
6.741867780685425,168
6.744127988815308,168
6.7459306716918945,168
6.747738599777222,168
6.74954080581665,168
6.751342296600342,168
6.753185510635376,168
6.754976034164429,168
6.756754636764526,168
6.7585461139678955,168
6.7608208656311035,168
6.7626049518585205,168
6.764446973800659,168
6.7662436962127686,168
6.768522262573242,168
6.770317554473877,168
6.77211594581604,168
6.773921966552734,168
6.776622533798218,168
6.77889347076416,168
6.781144142150879,168
6.782936096191406,168
6.784731864929199,168
6.786514043807983,168
6.7883031368255615,168
6.7905662059783936,168
6.7927916049957275,168
6.795032739639282,168
6.796836853027344,168
6.798625469207764,168
6.8004233837127686,168
6.802215814590454,168
6.804026365280151,168
6.805815696716309,168
6.807613134384155,168
6.809880018234253,168
6.812142610549927,168
6.813961505889893,168
6.816213369369507,168
6.818020343780518,168
6.820318698883057,168
6.822133302688599,168
6.823935508728027,168
6.8257105350494385,168
6.827506065368652,168
6.829293251037598,168
6.831104040145874,168
6.832886219024658,168
6.834695100784302,168
6.836990594863892,168
6.8387837409973145,168
6.841035842895508,168
6.842828750610352,168
6.844635963439941,168
6.846900463104248,168
6.848693132400513,168
6.850490093231201,168
6.852288007736206,168
6.854099273681641,168
6.855902433395386,168
6.8577001094818115,168
6.859959840774536,168
6.861753225326538,168
6.863569736480713,168
6.8653740882873535,168
6.86717414855957,168
6.8689680099487305,168
6.870758295059204,168
6.872538805007935,168
6.8748369216918945,168
6.8766279220581055,168
6.8788838386535645,168
6.88067102432251,168
6.882460117340088,168
6.884260892868042,168
6.886058568954468,168
6.888341665267944,168
6.890131950378418,168
6.892399072647095,168
6.894213676452637,168
6.896008253097534,168
6.897790431976318,168
6.899580240249634,168
6.901365518569946,168
6.903649568557739,168
6.905443906784058,168
6.907242059707642,168
6.909038305282593,168
6.910806179046631,168
6.912591934204102,168
6.914409160614014,168
6.916199207305908,168
6.9179847240448,168
6.919759273529053,168
6.921555280685425,168
6.923357725143433,168
6.925157308578491,168
6.926958322525024,168
6.928751707077026,168
6.93055272102356,168
6.932352542877197,168
6.934169769287109,168
6.9364354610443115,168
6.938241481781006,168
6.9400315284729,168
6.941832542419434,168
6.943647384643555,168
6.945951461791992,168
6.947747468948364,168
6.950000762939453,168
6.951790809631348,168
6.953582286834717,168
6.955358505249023,168
6.957163333892822,168
6.958959579467773,168
6.960740566253662,168
6.963012933731079,168
6.965287208557129,168
6.9671008586883545,168
6.969371795654297,168
6.971164226531982,168
6.973437786102295,168
6.975242376327515,168
6.977046251296997,168
6.9788360595703125,168
6.9806365966796875,168
6.983376502990723,168
6.985628366470337,168
6.987433910369873,168
6.989217519760132,168
6.991940021514893,168
6.9937450885772705,168
6.995550632476807,168
6.997352600097656,168
6.999627351760864,168
7.00142240524292,168
7.003232955932617,168
7.0050208568573,168
7.006817817687988,168
7.009096145629883,168
7.010884046554565,168
7.012677431106567,168
7.014475584030151,168
7.01627779006958,168
7.018085956573486,168
7.019873142242432,168
7.021660804748535,168
7.023463487625122,168
7.025258302688599,168
7.0270538330078125,168
7.028843402862549,168
7.030640125274658,168
7.0324320793151855,168
7.034247875213623,168
7.036052465438843,168
7.037855386734009,168
7.04011344909668,168
7.041922092437744,168
7.044194459915161,168
7.045975208282471,168
7.047764778137207,168
7.049543857574463,168
7.051352262496948,168
7.053617238998413,168
7.055407762527466,168
7.057199239730835,168
7.059025526046753,168
7.060819149017334,168
7.062610149383545,168
7.064427137374878,168
7.066233158111572,168
7.068042755126953,168
7.069850444793701,168
7.07164740562439,168
7.073456048965454,168
7.0752952098846436,168
7.077082633972168,168
7.078867197036743,168
7.080659627914429,168
7.082926511764526,168
7.0847227573394775,168
7.086518049240112,168
7.088323354721069,168
7.090111494064331,168
7.091904640197754,168
7.093691349029541,168
7.095948934555054,168
7.09820556640625,168
7.100011587142944,168
7.1022868156433105,168
7.104088544845581,168
7.105892896652222,168
7.1076860427856445,168
7.1094794273376465,168
7.11172890663147,168
7.1135547161102295,168
7.1153388023376465,168
7.11711859703064,168
7.11890721321106,168
7.120721340179443,168
7.12250828742981,168
7.124324321746826,168
7.126108646392822,168
7.12788987159729,168
7.1296844482421875,168
7.131953954696655,168
7.13514256477356,168
7.136945009231567,168
7.138742685317993,168
7.140998363494873,168
7.142809629440308,168
7.145558595657349,168
7.147345304489136,168
7.149152040481567,168
7.15099024772644,168
7.1527721881866455,168
7.15458345413208,168
7.156383037567139,168
7.158630609512329,168
7.160442590713501,168
7.162237882614136,168
7.164055109024048,168
7.165855884552002,168
7.167644023895264,168
7.169445037841797,168
7.171729326248169,168
7.174010515213013,168
7.175817012786865,168
7.177626371383667,168
7.179429531097412,168
7.181233882904053,168
7.183040380477905,168
7.184842109680176,168
7.186648607254028,168
7.188459396362305,168
7.19025182723999,168
7.192035675048828,168
7.1938416957855225,168
7.195632696151733,168
7.197428941726685,168
7.199223518371582,168
7.200990438461304,168
7.202768325805664,168
7.204583168029785,168
7.206384181976318,168
7.208651781082153,168
7.21045708656311,168
7.212252616882324,168
7.214054822921753,168
7.215851783752441,168
7.217640161514282,168
7.219438552856445,168
7.22121787071228,168
7.223479986190796,168
7.225287914276123,168
7.227076292037964,168
7.2288713455200195,168
7.230642080307007,168
7.232441425323486,168
7.234229803085327,168
7.236048936843872,168
7.237832069396973,168
7.24009108543396,168
7.241887092590332,168
7.243686199188232,168
7.245482444763184,168
7.247276782989502,168
7.249542951583862,168
7.251314163208008,168
7.253134727478027,168
7.254917144775391,168
7.256706953048706,168
7.258504629135132,168
7.260778188705444,168
7.262558221817017,168
7.264837265014648,168
7.266645669937134,168
7.268456697463989,168
7.270242214202881,168
7.27203893661499,168
7.273840427398682,168
7.275627851486206,168
7.277425050735474,168
7.279688835144043,168
7.28201150894165,168
7.283824682235718,168
7.285616874694824,168
7.287420034408569,168
7.2896833419799805,168
7.2914817333221436,168
7.293767213821411,168
7.295560359954834,168
7.297362565994263,168
7.299166679382324,168
7.300960063934326,168
7.3032214641571045,168
7.30500602722168,168
7.306799650192261,168
7.3086090087890625,168
7.310393810272217,168
7.312191009521484,168
7.314471006393433,168
7.316728353500366,168
7.3185131549835205,168
7.320316791534424,168
7.322117805480957,168
7.324391603469849,168
7.326193332672119,168
7.32799506187439,168
7.329798221588135,168
7.331593751907349,168
7.333400249481201,168
7.3351969718933105,168
7.337463617324829,168
7.33924674987793,168
7.341531991958618,168
7.343338489532471,168
7.345127105712891,168
7.346930503845215,168
7.348743200302124,168
7.35148024559021,168
7.353298664093018,168
7.355099201202393,168
7.356891393661499,168
7.3586955070495605,168
7.36051344871521,168
7.362313747406006,168
7.364590644836426,168
7.366875648498535,168
7.368665456771851,168
7.370426416397095,168
7.372200965881348,168
7.37401008605957,168
7.375806093215942,168
7.378524541854858,168
7.380805492401123,168
7.383089303970337,168
7.384885549545288,168
7.386683464050293,168
7.388962268829346,168
7.390739679336548,168
7.39251446723938,168
7.394795656204224,168
7.396590232849121,168
7.39841103553772,168
7.400212287902832,168
7.402010917663574,168
7.403801918029785,168
7.40558934211731,168
7.4073638916015625,168
7.409195423126221,168
7.411453723907471,168
7.413262128829956,168
7.415047645568848,168
7.417327404022217,168
7.419111967086792,168
7.420899868011475,168
7.423172235488892,168
7.424975872039795,168
7.4267799854278564,168
7.428587913513184,168
7.430377006530762,168
7.432177782058716,168
7.433991193771362,168
7.435790777206421,168
7.437588214874268,168
7.439392328262329,168
7.441187381744385,168
7.442986011505127,168
7.444792032241821,168
7.446582078933716,168
7.448374509811401,168
7.450160264968872,168
7.451950311660767,168
7.45375657081604,168
7.455564260482788,168
7.457354545593262,168
7.4591498374938965,168
7.460935831069946,168
7.4631898403167725,168
7.464995622634888,168
7.466760158538818,168
7.468546390533447,168
7.4703404903411865,168
7.4721410274505615,168
7.4739460945129395,168
7.475735664367676,168
7.4775331020355225,168
7.479321002960205,168
7.481124639511108,168
7.483403921127319,168
7.485222578048706,168
7.487025022506714,168
7.48881983757019,168
7.490623950958252,168
7.492413520812988,168
7.494230031967163,168
7.496525764465332,168
7.498329162597656,168
7.500108242034912,168
7.501903057098389,168
7.5037243366241455,168
7.505977153778076,168
7.507738828659058,168
7.509541034698486,168
7.511812925338745,168
7.513594150543213,168
7.51634407043457,168
7.5181543827056885,168
7.520434617996216,168
7.522232294082642,168
7.524042367935181,168
7.525813341140747,168
7.527585744857788,168
7.529419183731079,168
7.531213045120239,168
7.533013582229614,168
7.534814357757568,168
7.5365986824035645,168
7.538403511047363,168
7.540214776992798,168
7.542009592056274,168
7.543807029724121,168
7.545591592788696,168
7.5474138259887695,168
7.5492188930511475,168
7.55101752281189,168
7.553296804428101,168
7.555105686187744,168
7.5573813915252686,168
7.55916428565979,168
7.560961484909058,168
7.56273627281189,168
7.564520597457886,168
7.566317081451416,168
7.568113565444946,168
7.569900989532471,168
7.571697473526001,168
7.573501110076904,168
7.575766086578369,168
7.577564716339111,168
7.579382658004761,168
7.581165313720703,168
7.583428621292114,168
7.585227966308594,168
7.587035894393921,168
7.589317798614502,168
7.591123580932617,168
7.59292459487915,168
7.5947113037109375,168
7.596489429473877,168
7.59877610206604,168
7.600573301315308,168
7.6023547649383545,168
7.604161739349365,168
7.606424331665039,168
7.608217716217041,168
7.610008478164673,168
7.611803770065308,168
7.61409068107605,168
7.615891218185425,168
7.617686986923218,168
7.619487047195435,168
7.621332406997681,168
7.623134136199951,168
7.624932289123535,168
7.626723527908325,168
7.628507852554321,168
7.630309820175171,168
7.632101535797119,168
7.6339192390441895,168
7.635702610015869,168
7.637503147125244,168
7.639778137207031,168
7.6415791511535645,168
7.6433799266815186,168
7.645182132720947,168
7.646995782852173,168
7.648794651031494,168
7.65057635307312,168
7.652365446090698,168
7.654181718826294,168
7.655995845794678,168
7.657789945602417,168
7.659589529037476,168
7.661399602890015,168
7.6636998653411865,168
7.665504217147827,168
7.667327642440796,168
7.669112205505371,168
7.670917510986328,168
7.672696590423584,168
7.674975395202637,168
7.676755428314209,168
7.679032802581787,168
7.680838584899902,168
7.683078289031982,168
7.684877872467041,168
7.686677694320679,168
7.688465595245361,168
7.690253496170044,168
7.692057132720947,168
7.694334506988525,168
7.696133613586426,168
7.697965860366821,168
7.699747085571289,168
7.701536178588867,168
7.703329086303711,168
7.706078767776489,168
7.708351135253906,168
7.710588455200195,168
7.712394714355469,168
7.714674949645996,168
7.716490268707275,168
7.718778133392334,168
7.72058367729187,168
7.722384691238403,168
7.724649429321289,168
7.726443290710449,168
7.728235483169556,168
7.7300403118133545,168
7.731839656829834,168
7.7336390018463135,168
7.7354326248168945,168
7.737223386764526,168
7.739026069641113,168
7.740797758102417,168
7.742584705352783,168
7.7443859577178955,168
7.746191740036011,168
7.7479941844940186,168
7.7498297691345215,168
7.7516233921051025,168
7.753427982330322,168
7.755219221115112,168
7.757010221481323,168
7.7588136196136475,168
7.760595798492432,168
7.7623820304870605,168
7.764681816101074,168
7.766477346420288,168
7.768717288970947,168
7.770519971847534,168
7.772326707839966,168
7.774583578109741,168
7.776382207870483,168
7.7782063484191895,168
7.780009746551514,168
7.781808853149414,168
7.78359317779541,168
7.785360813140869,168
7.787145376205444,168
7.788949489593506,168
7.790747404098511,168
7.79254674911499,168
7.794352293014526,168
7.796653985977173,168
7.7989501953125,168
7.80073618888855,168
7.802553176879883,168
7.804367542266846,168
7.806171894073486,168
7.808422565460205,168
7.8116371631622314,168
7.813448190689087,168
7.8152546882629395,168
7.817054033279419,168
7.818837404251099,168
7.820643901824951,168
7.822896242141724,168
7.825133800506592,168
7.826931476593018,168
7.8287036418914795,168
7.830508470535278,168
7.832289218902588,168
7.834109306335449,168
7.835910320281982,168
7.83770227432251,168
7.839486598968506,168
7.84176230430603,168
7.843573808670044,168
7.845370292663574,168
7.8471784591674805,168
7.848981142044067,168
7.850769758224487,168
7.852548122406006,168
7.854361534118652,168
7.85617208480835,168
7.858436584472656,168
7.860219717025757,168
7.862021207809448,168
7.863814353942871,168
7.865612030029297,168
7.867410182952881,168
7.869704008102417,168
7.871971368789673,168
7.873773813247681,168
7.875579357147217,168
7.877824544906616,168
7.879619836807251,168
7.881402492523193,168
7.883215665817261,168
7.885015487670898,168
7.886845350265503,168
7.888626337051392,168
7.891356468200684,168
7.893622398376465,168
7.895427703857422,168
7.8972008228302,168
7.898998022079468,168
7.900765419006348,168
7.902545928955078,168
7.904839038848877,168
7.907095193862915,168
7.908898830413818,168
7.9106903076171875,168
7.912470579147339,168
7.914286375045776,168
7.916092157363892,168
7.917893886566162,168
7.92016863822937,168
7.921968221664429,168
7.92375636100769,168
7.925562381744385,168
7.927381753921509,168
7.929173469543457,168
7.9309797286987305,168
7.9327733516693115,168
7.934587717056274,168
7.936853408813477,168
7.938641548156738,168
7.940462350845337,168
7.942237377166748,168
7.944519996643066,168
7.946314096450806,168
7.948108196258545,168
7.949915647506714,168
7.951715707778931,168
7.953974962234497,168
7.955763101577759,168
7.957550525665283,168
7.959350347518921,168
7.961150884628296,168
7.962933778762817,168
7.9647228717803955,168
7.966518402099609,168
7.968334913253784,168
7.970135927200317,168
7.972391605377197,168
7.974229335784912,168
7.976013660430908,168
7.97779655456543,168
7.979586839675903,168
7.981376647949219,168
7.983173370361328,168
7.984970808029175,168
7.986764430999756,168
7.988568305969238,168
7.9903669357299805,168
7.9921698570251465,168
7.993986368179321,168
7.996270418167114,168
7.998068571090698,168
7.999858856201172,168
8.00162959098816,168
8.003432750701904,168
8.005216836929321,168
8.007464170455933,168
8.0092613697052,168
8.011060953140259,168
8.012872695922852,168
8.014668941497803,168
8.016474962234497,168
8.018295288085938,168
8.020085573196411,168
8.021876573562622,168
8.023677825927734,168
8.02550220489502,168
8.027294874191284,168
8.029078245162964,168
8.030897378921509,168
8.033169269561768,168
8.03496241569519,168
8.036753416061401,168
8.03857135772705,168
8.040360689163208,168
8.042617559432983,168
8.045384883880615,168
8.047185897827148,168
8.049453735351562,168
8.051256656646729,168
8.053050756454468,168
8.055299520492554,168
8.057088375091553,168
8.05887246131897,168
8.060650110244751,168
8.062424659729004,168
8.06425404548645,168
8.066056251525879,168
8.068292617797852,168
8.07009243965149,168
8.07187294960022,168
8.073674440383911,168
8.075475215911865,168
8.077748537063599,168
8.079543352127075,168
8.081791639328003,168
8.084055185317993,168
8.086349487304688,168
8.088151931762695,168
8.089940786361694,168
8.092190504074097,168
8.09400224685669,168
8.095777034759521,168
8.097551345825195,168
8.099357604980469,168
8.101640462875366,168
8.103501558303833,168
8.105762958526611,168
8.107563734054565,168
8.109849214553833,168
8.111629724502563,168
8.113441467285156,168
8.115234375,168
8.117037296295166,168
8.118844032287598,168
8.120619773864746,168
8.122411012649536,168
8.12422776222229,168
8.126039266586304,168
8.127814531326294,168
8.129611015319824,168
8.131393432617188,168
8.133210897445679,168
8.135481595993042,168
8.13728642463684,168
8.139088153839111,168
8.140885829925537,168
8.142662286758423,168
8.144463062286377,168
8.146727085113525,168
8.148523807525635,168
8.150776386260986,168
8.153049945831299,168
8.15484070777893,168
8.15662956237793,168
8.158432722091675,168
8.160700559616089,168
8.162508487701416,168
8.16431474685669,168
8.167006969451904,168
8.168800830841064,168
8.1706063747406,168
8.172405004501343,168
8.17421841621399,168
8.176042556762695,168
8.177848100662231,168
8.17964506149292,168
8.181445360183716,168
8.183250904083252,168
8.185518264770508,168
8.18731164932251,168
8.18956446647644,168
8.191387414932251,168
8.193175792694092,168
8.194977283477783,168
8.196764945983887,168
8.198996305465698,168
8.20078992843628,168
8.202579259872437,168
8.204389572143555,168
8.206186532974243,168
8.207972526550293,168
8.209769248962402,168
8.211552143096924,168
8.21337080001831,168
8.215619564056396,168
8.217407941818237,168
8.219215631484985,168
8.221016645431519,168
8.222825288772583,168
8.224613428115845,168
8.226875305175781,168
8.228664875030518,168
8.230460166931152,168
8.232238292694092,168
8.234037399291992,168
8.23582911491394,168
8.237617492675781,168
8.239421367645264,168
8.24169659614563,168
8.24350094795227,168
8.2452974319458,168
8.247586488723755,168
8.249385595321655,168
8.251181364059448,168
8.25299072265625,168
8.255261898040771,168
8.257534980773926,168
8.259334087371826,168
8.261576890945435,168
8.263366222381592,168
8.265165328979492,168
8.266971349716187,168
8.26877212524414,168
8.270564556121826,168
8.272822141647339,168
8.274621725082397,168
8.276426076889038,168
8.278220891952515,168
8.280022859573364,168
8.281821489334106,168
8.28359603881836,168
8.28589653968811,168
8.28769302368164,168
8.289481401443481,168
8.291292190551758,168
8.293074369430542,168
8.294879913330078,168
8.296677112579346,168
8.298474788665771,168
8.30074143409729,168
8.303019046783447,168
8.304819583892822,168
8.307086706161499,168
8.308879852294922,168
8.310670375823975,168
8.312475204467773,168
8.314274549484253,168
8.316998958587646,168
8.318800210952759,168
8.321081638336182,168
8.323358535766602,168
8.325165271759033,168
8.326969861984253,168
8.329208135604858,168
8.33099627494812,168
8.3327956199646,168
8.334624767303467,168
8.336430788040161,168
8.338228464126587,168
8.340031385421753,168
8.342325687408447,168
8.344130277633667,168
8.346408367156982,168
8.348206520080566,168
8.349997520446777,168
8.35179328918457,168
8.353591442108154,168
8.35539960861206,168
8.357671976089478,168
8.3594651222229,168
8.36173391342163,168
8.363553285598755,168
8.365808725357056,168
8.367607116699219,168
8.369410991668701,168
8.371711492538452,168
8.373520851135254,168
8.375309467315674,168
8.377114057540894,168
8.37891936302185,168
8.380695104598999,168
8.38299822807312,168
8.384777307510376,168
8.386564016342163,168
8.388360977172852,168
8.39110255241394,168
8.393395900726318,168
8.396175146102905,168
8.398466348648071,168
8.40026307106018,168
8.402047872543335,168
8.40433645248413,168
8.406604051589966,168
8.408883571624756,168
8.41114330291748,168
8.413418054580688,168
8.415706872940063,168
8.41752815246582,168
8.419333934783936,168
8.42159390449524,168
8.42435622215271,168
8.426153898239136,168
8.427965879440308,168
8.429751873016357,168
8.432006597518921,168
8.433803081512451,168
8.436053276062012,168
8.438309669494629,168
8.440566539764404,168
8.442355155944824,168
8.444638013839722,168
8.446940183639526,168
8.448731899261475,168
8.450528860092163,168
8.452314615249634,168
8.45412278175354,168
8.456418752670288,168
8.458224296569824,168
8.460022211074829,168
8.46229338645935,168
8.464102983474731,168
8.465902090072632,168
8.467691659927368,168
8.469958066940308,168
8.471745491027832,168
8.473550796508789,168
8.47533631324768,168
8.477125644683838,168
8.478914976119995,168
8.480695009231567,168
8.482485055923462,168
8.484333753585815,168
8.48613452911377,168
8.487930297851562,168
8.490671396255493,168
8.492466926574707,168
8.494749069213867,168
8.496540546417236,168
8.498344659805298,168
8.50014328956604,168
8.501940727233887,168
8.503746747970581,168
8.505537509918213,168
8.5073401927948,168
8.509624719619751,168
8.511414051055908,168
8.513230562210083,168
8.515030145645142,168
8.516824007034302,168
8.51862096786499,168
8.520396709442139,168
8.522196054458618,168
8.523996829986572,168
8.525792121887207,168
8.527586698532104,168
8.52938437461853,168
8.531171321868896,168
8.532975196838379,168
8.534756898880005,168
8.536998271942139,168
8.538802862167358,168
8.540605306625366,168
8.542386054992676,168
8.544188499450684,168
8.545985460281372,168
8.547797441482544,168
8.550533056259155,168
8.55233383178711,168
8.554142475128174,168
8.556398630142212,168
8.55821418762207,168
8.560012340545654,168
8.56180191040039,168
8.563584089279175,168
8.56537938117981,168
8.567164182662964,168
8.56945013999939,168
8.571681022644043,168
8.573501110076904,168
8.57529878616333,168
8.577110052108765,168
8.578899145126343,168
8.58117413520813,168
8.582961797714233,168
8.584731340408325,168
8.586978435516357,168
8.589238405227661,168
8.591944694519043,168
8.593746662139893,168
8.595545530319214,168
8.597360372543335,168
8.599159240722656,168
8.600959777832031,168
8.603206157684326,168
8.60548996925354,168
8.607278823852539,168
8.60908031463623,168
8.61087155342102,168
8.612666845321655,168
8.614464282989502,168
8.616271018981934,168
8.618072748184204,168
8.619876384735107,168
8.62165355682373,168
8.623461961746216,168
8.625249147415161,168
8.627099990844727,168
8.628906726837158,168
8.630706548690796,168
8.6338951587677,168
8.635692596435547,168
8.637470960617065,168
8.64021348953247,168
8.642008781433105,168
8.64381456375122,168
8.646079778671265,168
8.647879838943481,168
8.64967393875122,168
8.651453495025635,168
8.65323543548584,168
8.6550133228302,168
8.65682077407837,168
8.658610105514526,168
8.660408735275269,168
8.662223815917969,168
8.664036512374878,168
8.6658353805542,168
8.667619466781616,168
8.669419050216675,168
8.671218156814575,168
8.673022508621216,168
8.674819707870483,168
8.677088260650635,168
8.679387092590332,168
8.681184768676758,168
8.68299412727356,168
8.685280323028564,168
8.68708610534668,168
8.68886685371399,168
8.691123485565186,168
8.693381547927856,168
8.695631504058838,168
8.697428941726685,168
8.699223756790161,168
8.70102834701538,168
8.702837705612183,168
8.705083847045898,168
8.706881046295166,168
8.708659887313843,168
8.71045708656311,168
8.71271800994873,168
8.715017080307007,168
8.717726707458496,168
8.719521284103394,168
8.721319198608398,168
8.723124027252197,168
8.724919319152832,168
8.726683139801025,168
8.72893738746643,168
8.730713605880737,168
8.73250937461853,168
8.73433780670166,168
8.736140251159668,168
8.737932920455933,168
8.739731550216675,168
8.742000579833984,168
8.743812322616577,168
8.745610237121582,168
8.74740982055664,168
8.74921727180481,168
8.751008749008179,168
8.753286361694336,168
8.755565643310547,168
8.75737190246582,168
8.759625911712646,168
8.761919021606445,168
8.763700723648071,168
8.765486717224121,168
8.767272472381592,168
8.769084930419922,168
8.770867824554443,168
8.772667646408081,168
8.774458169937134,168
8.776245832443237,168
8.778059959411621,168
8.780311346054077,168
8.782137632369995,168
8.783949136734009,168
8.785739660263062,168
8.787549495697021,168
8.789352893829346,168
8.791139125823975,168
8.793391942977905,168
8.79520320892334,168
8.796988248825073,168
8.799288988113403,168
8.801099300384521,168
8.802901029586792,168
8.804700136184692,168
8.806483030319214,168
8.808736085891724,168
8.81052303314209,168
8.812809944152832,168
8.814600706100464,168
8.816419124603271,168
8.818226099014282,168
8.82002592086792,168
8.822281122207642,168
8.82410478591919,168
8.82592511177063,168
8.827722311019897,168
8.829531192779541,168
8.8313307762146,168
8.833144903182983,168
8.834944009780884,168
8.836732149124146,168
8.838527917861938,168
8.840325593948364,168
8.842126846313477,168
8.843926191329956,168
8.846181869506836,168
8.847984552383423,168
8.85024118423462,168
8.852516651153564,168
8.854795455932617,168
8.8570556640625,168
8.85933518409729,168
8.86114239692688,168
8.86387324333191,168
8.865667581558228,168
8.867462873458862,168
8.869268417358398,168
8.871046781539917,168
8.872849702835083,168
8.874648094177246,168
8.876436233520508,168
8.878231763839722,168
8.88003945350647,168
8.881840944290161,168
8.884133577346802,168
8.885923147201538,168
8.888205528259277,168
8.890478610992432,168
8.892283201217651,168
8.894095659255981,168
8.896348476409912,168
8.898144483566284,168
8.899948358535767,168
8.901744604110718,168
8.903545141220093,168
8.905810832977295,168
8.908073902130127,168
8.909858465194702,168
8.911645412445068,168
8.913458824157715,168
8.915271759033203,168
8.917083263397217,168
8.919347524642944,168
8.92113995552063,168
8.922945737838745,168
8.924727201461792,168
8.926515340805054,168
8.928305387496948,168
8.930092811584473,168
8.931884050369263,168
8.93370246887207,168
8.935508966445923,168
8.937777042388916,168
8.93956995010376,168
8.941373586654663,168
8.94317364692688,168
8.944965362548828,168
8.946763515472412,168
8.948551654815674,168
8.95035982131958,168
8.952160835266113,168
8.954473733901978,168
8.956282138824463,168
8.958068609237671,168
8.959854364395142,168
8.961649656295776,168
8.963456392288208,168
8.96527910232544,168
8.967564821243286,168
8.969366550445557,168
8.971156597137451,168
8.97295355796814,168
8.97475290298462,168
8.976533889770508,168
8.978338718414307,168
8.980124711990356,168
8.981949090957642,168
8.98374319076538,168
8.985543489456177,168
8.988311529159546,168
8.990094423294067,168
8.991897821426392,168
8.99367094039917,168
8.995478868484497,168
8.997276306152344,168
8.999537229537964,168
9.001346588134766,168
9.003151416778564,168
9.004944086074829,168
9.00677752494812,168
9.009055614471436,168
9.010850191116333,168
9.013593912124634,168
9.015858173370361,168
9.01765251159668,168
9.020385980606079,168
9.022183418273926,168
9.02398157119751,168
9.025771379470825,168
9.027560472488403,168
9.02934980392456,168
9.031153917312622,168
9.033408880233765,168
9.035199642181396,168
9.037004947662354,168
9.03879451751709,168
9.04059362411499,168
9.042409896850586,168
9.044246435165405,168
9.046020746231079,168
9.047818660736084,168
9.049607753753662,168
9.051410913467407,168
9.053218841552734,168
9.055958986282349,168
9.058213710784912,168
9.060054302215576,168
9.061853647232056,168
9.063647508621216,168
9.065922021865845,168
9.06818151473999,168
9.069986820220947,168
9.071784496307373,168
9.07357382774353,168
9.075374126434326,168
9.077630281448364,168
9.079452276229858,168
9.08125901222229,168
9.083539724349976,168
9.085351705551147,168
9.08715295791626,168
9.088966131210327,168
9.090759515762329,168
9.092562437057495,168
9.094366073608398,168
9.096163272857666,168
9.097963333129883,168
9.099741458892822,168
9.101543426513672,168
9.103320360183716,168
9.105118751525879,168
9.106911182403564,168
9.109662532806396,168
9.111450910568237,168
9.113278150558472,168
9.11507534980774,168
9.116877317428589,168
9.118659257888794,168
9.120457649230957,168
9.122262001037598,168
9.124591827392578,168
9.126389026641846,168
9.128190517425537,168
9.129984378814697,168
9.131760597229004,168
9.13402795791626,168
9.135826587677002,168
9.137615442276001,168
9.13940167427063,168
9.141196012496948,168
9.143011569976807,168
9.144816398620605,168
9.146602392196655,168
9.148871660232544,168
9.150668144226074,168
9.15245771408081,168
9.154254913330078,168
9.156059265136719,168
9.157858610153198,168
9.159653663635254,168
9.161444187164307,168
9.16325831413269,168
9.165040731430054,168
9.166835069656372,168
9.168628692626953,168
9.170416831970215,168
9.172706365585327,168
9.174515724182129,168
9.176295757293701,168
9.178097009658813,168
9.17989730834961,168
9.181688070297241,168
9.18349027633667,168
9.185292959213257,168
9.18710470199585,168
9.189353942871094,168
9.191642761230469,168
9.19343614578247,168
9.195238828659058,168
9.197509288787842,168
9.199301958084106,168
9.201104402542114,168
9.202897071838379,168
9.204695463180542,168
9.206493616104126,168
9.208288669586182,168
9.21008586883545,168
9.211887121200562,168
9.214149951934814,168
9.215949296951294,168
9.217748641967773,168
9.219552278518677,168
9.221376895904541,168
9.223167896270752,168
9.224968910217285,168
9.226761817932129,168
9.228542804718018,168
9.230791807174683,168
9.232588291168213,168
9.234389543533325,168
9.23618221282959,168
9.238442182540894,168
9.240232229232788,168
9.242042779922485,168
9.243851661682129,168
9.246063947677612,168
9.247858047485352,168
9.249640941619873,168
9.251423120498657,168
9.253215789794922,168
9.255489587783813,168
9.257285356521606,168
9.259093999862671,168
9.261353254318237,168
9.263600587844849,168
9.265388250350952,168
9.267190217971802,168
9.268973112106323,168
9.271217823028564,168
9.273512840270996,168
9.275306940078735,168
9.277081727981567,168
9.27886962890625,168
9.280673742294312,168
9.282471418380737,168
9.28428316116333,168
9.286084175109863,168
9.287900686264038,168
9.289684534072876,168
9.291481733322144,168
9.293276309967041,168
9.29505968093872,168
9.296863317489624,168
9.298653602600098,168
9.300443887710571,168
9.302249431610107,168
9.304069757461548,168
9.30586314201355,168
9.307640790939331,168
9.309442043304443,168
9.311241388320923,168
9.313042640686035,168
9.314839124679565,168
9.316620349884033,168
9.318869590759277,168
9.320666074752808,168
9.322458028793335,168
9.324275493621826,168
9.32607913017273,168
9.327870845794678,168
9.330139875411987,168
9.331937074661255,168
9.333728075027466,168
9.335527420043945,168
9.337803602218628,168
9.339587211608887,168
9.34137487411499,168
9.343173027038574,168
9.345445394515991,168
9.347243547439575,168
9.34903597831726,168
9.350806713104248,168
9.353073835372925,168
9.354860544204712,168
9.356643199920654,168
9.358430624008179,168
9.360238552093506,168
9.362044095993042,168
9.363849878311157,168
9.365634202957153,168
9.367433547973633,168
9.369725942611694,168
9.371511697769165,168
9.373321771621704,168
9.375124216079712,168
9.376919031143188,168
9.378706693649292,168
9.380971908569336,168
9.382789850234985,168
9.384602308273315,168
9.386390686035156,168
9.388200521469116,168
9.390454292297363,168
9.392263174057007,168
9.39454698562622,168
9.396332740783691,168
9.398128509521484,168
9.399933338165283,168
9.401718616485596,168
9.403998851776123,168
9.40580153465271,168
9.407591104507446,168
9.409385681152344,168
9.411182165145874,168
9.412981748580933,168
9.414770364761353,168
9.416574954986572,168
9.41882848739624,168
9.421097755432129,168
9.423385620117188,168
9.425183773040771,168
9.426969051361084,168
9.428766012191772,168
9.431045770645142,168
9.43284821510315,168
9.43510127067566,168
9.436904430389404,168
9.438693523406982,168
9.4404935836792,168
9.442280769348145,168
9.444089651107788,168
9.445893287658691,168
9.447684526443481,168
9.44947624206543,168
9.451282501220703,168
9.453075885772705,168
9.454864978790283,168
9.456640720367432,168
9.458440065383911,168
9.460243940353394,168
9.46253776550293,168
9.464325904846191,168
9.466143131256104,168
9.468388319015503,168
9.470178842544556,168
9.472409725189209,168
9.474205493927002,168
9.475988864898682,168
9.477792263031006,168
9.480036497116089,168
9.481817245483398,168
9.48360276222229,168
9.485403537750244,168
9.487679481506348,168
9.489936828613281,168
9.492213249206543,168
9.494035482406616,168
9.49582815170288,168
9.497627019882202,168
9.499424934387207,168
9.501667499542236,168
9.503915548324585,168
9.505707263946533,168
9.507505893707275,168
9.510247230529785,168
9.512037515640259,168
9.513843536376953,168
9.515627384185791,168
9.51743459701538,168
9.519696950912476,168
9.52149510383606,168
9.523786306381226,168
9.52557110786438,168
9.527361154556274,168
9.529159307479858,168
9.530949831008911,168
9.532741069793701,168
9.535013198852539,168
9.536813497543335,168
9.538597583770752,168
9.540387392044067,168
9.542185306549072,168
9.543983936309814,168
9.545769214630127,168
9.548019409179688,168
9.549802541732788,168
9.551574945449829,168
9.553390741348267,168
9.55519700050354,168
9.557003021240234,168
9.558790445327759,168
9.560582160949707,168
9.562378883361816,168
9.56465196609497,168
9.566470623016357,168
9.568259239196777,168
9.570060968399048,168
9.571863174438477,168
9.57366156578064,168
9.575451135635376,168
9.577704668045044,168
9.579489707946777,168
9.58128809928894,168
9.583074808120728,168
9.584875583648682,168
9.586650371551514,168
9.588446617126465,168
9.590269565582275,168
9.592541456222534,168
9.594345808029175,168
9.597087383270264,168
9.598860025405884,168
9.600647211074829,168
9.602446556091309,168
9.604246139526367,168
9.606064319610596,168
9.607855796813965,168
9.60963249206543,168
9.611445188522339,168
9.613243818283081,168
9.615062475204468,168
9.616850137710571,168
9.618651866912842,168
9.62044882774353,168
9.62224817276001,168
9.624031782150269,168
9.62582278251648,168
9.627609014511108,168
9.629905700683594,168
9.63171124458313,168
9.633510828018188,168
9.635791778564453,168
9.637572288513184,168
9.639376163482666,168
9.642105102539062,168
9.643892288208008,168
9.645675897598267,168
9.64746618270874,168
9.649264097213745,168
9.651521682739258,168
9.653303861618042,168
9.655108213424683,168
9.65689754486084,168
9.658688068389893,168
9.660480260848999,168
9.662280797958374,168
9.664092063903809,168
9.665890455245972,168
9.667675018310547,168
9.66944432258606,168
9.671238422393799,168
9.673036575317383,168
9.674847602844238,168
9.67711591720581,168
9.678882598876953,168
9.681149244308472,168
9.683428764343262,168
9.68522572517395,168
9.687017917633057,168
9.689263820648193,168
9.69106912612915,168
9.69287395477295,168
9.695150136947632,168
9.696960687637329,168
9.698733806610107,168
9.700536012649536,168
9.70281982421875,168
9.704610109329224,168
9.70641303062439,168
9.708215236663818,168
9.710031509399414,168
9.711812257766724,168
9.71361255645752,168
9.715883493423462,168
9.718140840530396,168
9.720885515213013,168
9.722679853439331,168
9.724999189376831,168
9.72680401802063,168
9.728590250015259,168
9.73038101196289,168
9.732174396514893,168
9.733981847763062,168
9.735788345336914,168
9.737578392028809,168
9.7393798828125,168
9.741177320480347,168
9.74345874786377,168
9.745262145996094,168
9.747051000595093,168
9.74932074546814,168
9.751119613647461,168
9.753392934799194,168
9.755177736282349,168
9.75696611404419,168
9.75874376296997,168
9.760557174682617,168
9.762356281280518,168
9.764166355133057,168
9.765955924987793,168
9.768175840377808,168
9.770437240600586,168
9.773132562637329,168
9.775403261184692,168
9.777183055877686,168
9.778956174850464,168
9.780734777450562,168
9.782521724700928,168
9.784332036972046,168
9.786133289337158,168
9.787922382354736,168
9.789717197418213,168
9.791514158248901,168
9.793319463729858,168
9.795108556747437,168
9.796898603439331,168
9.798693656921387,168
9.80049204826355,168
9.802279710769653,168
9.804580926895142,168
9.806382656097412,168
9.808173894882202,168
9.809955596923828,168
9.81174349784851,168
9.813541650772095,168
9.815335035324097,168
9.817611694335938,168
9.8193998336792,168
9.821721076965332,168
9.823529958724976,168
9.82533860206604,168
9.827627182006836,168
9.829425573348999,168
9.83121395111084,168
9.832998514175415,168
9.834808826446533,168
9.83660340309143,168
9.838404417037964,168
9.840194463729858,168
9.841992139816284,168
9.844737529754639,168
9.846531629562378,168
9.848789691925049,168
9.851026773452759,168
9.852833271026611,168
9.854631185531616,168
9.856431245803833,168
9.85822057723999,168
9.860037803649902,168
9.862768173217773,168
9.864559173583984,168
9.866347312927246,168
9.868149042129517,168
9.869959354400635,168
9.871733903884888,168
9.873531103134155,168
9.875336647033691,168
9.877111434936523,168
9.878911972045898,168
9.880704402923584,168
9.882986068725586,168
9.885256052017212,168
9.887052297592163,168
9.888856649398804,168
9.891125440597534,168
9.892932176589966,168
9.894728422164917,168
9.896523714065552,168
9.898336172103882,168
9.900131464004517,168
9.901923418045044,168
9.903726577758789,168
9.905980825424194,168
9.907774686813354,168
9.909558534622192,168
9.91133975982666,168
9.91313099861145,168
9.914926290512085,168
9.917176961898804,168
9.918974876403809,168
9.920770645141602,168
9.922593832015991,168
9.92440152168274,168
9.926202774047852,168
9.928000211715698,168
9.930314302444458,168
9.932109832763672,168
9.933933973312378,168
9.935709714889526,168
9.937523126602173,168
9.93931770324707,168
9.94109582901001,168
9.942915678024292,168
9.94469428062439,168
9.946497440338135,168
9.948323965072632,168
9.950573682785034,168
9.952374696731567,168
9.954666137695312,168
9.956438064575195,168
9.958704948425293,168
9.960492372512817,168
9.962778091430664,168
9.965026140213013,168
9.966811656951904,168
9.968605041503906,168
9.970868349075317,168
9.973092794418335,168
9.975341081619263,168
9.977132797241211,168
9.979413032531738,168
9.981209754943848,168
9.982995510101318,168
9.98526906967163,168
9.987070798873901,168
9.98932147026062,168
9.991116762161255,168
9.992934942245483,168
9.99472975730896,168
9.996994733810425,168
9.999253749847412,168
10.001062870025635,168
10.002872705459595,168
10.004664659500122,168
10.006473779678345,168
10.008275032043457,168
10.010075092315674,168
10.011854410171509,168
10.013657093048096,168
10.015448808670044,168
10.01768684387207,168
10.019466876983643,168
10.021267414093018,168
10.023541450500488,168
10.025331735610962,168
10.027615547180176,168
10.029413938522339,168
10.031657695770264,168
10.03344464302063,168
10.035240888595581,168
10.037506103515625,168
10.039316415786743,168
10.041121006011963,168
10.043384075164795,168
10.045185565948486,168
10.04746961593628,168
10.049741983413696,168
10.051536798477173,168
10.053312301635742,168
10.055102348327637,168
10.056936264038086,168
10.058724880218506,168
10.060988903045654,168
10.062758922576904,168
10.064573526382446,168
10.066368579864502,168
10.068145751953125,168
10.06993055343628,168
10.07217001914978,168
10.07397174835205,168
10.075747728347778,168
10.077536582946777,168
10.079776287078857,168
10.081570386886597,168
10.08337688446045,168
10.085187196731567,168
10.086993932723999,168
10.088785886764526,168
10.090561151504517,168
10.092355966567993,168
10.094167232513428,168
10.095959186553955,168
10.097740411758423,168
10.09998869895935,168
10.101776123046875,168
10.103567600250244,168
10.105843782424927,168
10.107638835906982,168
10.109431028366089,168
10.111229181289673,168
10.113028526306152,168
10.114831447601318,168
10.11662769317627,168
10.11842679977417,168
10.120205879211426,168
10.122007608413696,168
10.123798847198486,168
10.125567197799683,168
10.12736988067627,168
10.129638195037842,168
10.132371187210083,168
10.13417363166809,168
10.135979175567627,168
10.137754440307617,168
10.139550924301147,168
10.141816854476929,168
10.143609046936035,168
10.145399570465088,168
10.147204160690308,168
10.148985862731934,168
10.150758743286133,168
10.152564764022827,168
10.154852390289307,168
10.156647682189941,168
10.158434867858887,168
10.160701274871826,168
10.16249394416809,168
10.164732694625854,168
10.166528224945068,168
10.16832947731018,168
10.170589447021484,168
10.172378540039062,168
10.174189329147339,168
10.175992727279663,168
10.177770376205444,168
10.179554224014282,168
10.181330680847168,168
10.183149814605713,168
10.184952020645142,168
10.186718463897705,168
10.189426898956299,168
10.191234350204468,168
10.193031072616577,168
10.195283889770508,168
10.19707703590393,168
10.198872804641724,168
10.200660228729248,168
10.202449560165405,168
10.20468807220459,168
10.206481456756592,168
10.208276510238647,168
10.210087537765503,168
10.211876153945923,168
10.213664054870605,168
10.215474843978882,168
10.217267274856567,168
10.219065427780151,168
10.220871210098267,168
10.222657442092896,168
10.224455118179321,168
10.226717948913574,168
10.22897219657898,168
10.230760097503662,168
10.233028173446655,168
10.234810829162598,168
10.236592531204224,168
10.238394498825073,168
10.240183591842651,168
10.240191221237183,168
