Time,Objective value
0.0008864402770996094,76914
0.002170085906982422,76876
0.003401517868041992,76190
0.004519939422607422,75828
0.00547480583190918,75736
0.0062525272369384766,75638
0.010930299758911133,72146
0.01187753677368164,72146
0.012809991836547852,72146
0.017502307891845703,72146
0.0218203067779541,72076
0.022836923599243164,72072
0.02367091178894043,72072
0.027745723724365234,72072
0.03182625770568848,72072
0.03258800506591797,72072
0.03651690483093262,71980
0.03728032112121582,71980
0.04114103317260742,71980
0.04517364501953125,71940
0.04920339584350586,71940
0.05331134796142578,71940
0.05424809455871582,71880
0.058152198791503906,71880
0.05893373489379883,71856
0.05954718589782715,71848
0.0699605941772461,71828
0.07102584838867188,71828
0.0781557559967041,71828
0.07906794548034668,71828
0.0863654613494873,71828
0.09055352210998535,71828
0.09460759162902832,71828
0.10190010070800781,71828
0.10926413536071777,71828
0.11040902137756348,71828
0.11448121070861816,71816
0.11526250839233398,71664
0.11589694023132324,71664
0.11651778221130371,71664
0.11715984344482422,71636
0.11780452728271484,71540
0.11843395233154297,71540
0.11906194686889648,71530
0.11964941024780273,71526
0.12022662162780762,71526
0.13062453269958496,71526
0.13496088981628418,71526
0.13573765754699707,71526
0.13961124420166016,71526
0.14692091941833496,71526
0.15109658241271973,71526
0.15511012077331543,71526
0.16240262985229492,71526
0.16652655601501465,71526
0.17062783241271973,71526
0.17154526710510254,71486
0.17541837692260742,71486
0.17943239212036133,71486
0.18346548080444336,71486
0.18750333786010742,71486
0.1915302276611328,71486
0.19555163383483887,71458
0.1996021270751953,71458
0.20363759994506836,71416
0.20769739151000977,71416
0.20874571800231934,71416
0.21277070045471191,71416
0.2136821746826172,71416
0.2240595817565918,71416
0.22511911392211914,71412
0.22899818420410156,71412
0.22977304458618164,71264
0.2303636074066162,71252
0.2309722900390625,71252
0.2348320484161377,71252
0.23559117317199707,71216
0.2396223545074463,71216
0.2438042163848877,71216
0.24473977088928223,71216
0.2519209384918213,71216
0.2528414726257324,71076
0.25345349311828613,71076
0.2540566921234131,71076
0.2579185962677002,71076
0.2619466781616211,71076
0.2659764289855957,71076
0.27000927925109863,71076
0.27077627182006836,71076
0.2746593952178955,71076
0.27541613578796387,71076
0.2760193347930908,71060
0.2798922061920166,71014
0.2871830463409424,70966
0.29136180877685547,70966
0.2953662872314453,70966
0.3026466369628906,70966
0.3069183826446533,70904
0.3111584186553955,70904
0.3152153491973877,70904
0.31923699378967285,70904
0.323258638381958,70904
0.3272871971130371,70904
0.3313138484954834,70848
0.33536505699157715,70848
0.34593677520751953,70848
0.3469421863555908,70846
0.35422515869140625,70800
0.35513830184936523,70800
0.3590281009674072,70800
0.3663318157196045,70800
0.367236852645874,70800
0.3776357173919678,70800
0.3819859027862549,70800
0.3827638626098633,70800
0.38660693168640137,70800
0.39386963844299316,70800
0.39797186851501465,70800
0.402148962020874,70760
0.4062161445617676,70648
0.4069826602935791,70648
0.4173469543457031,70648
0.41841673851013184,70648
0.42876529693603516,70648
0.4330141544342041,70648
0.4371950626373291,70648
0.4412529468536377,70648
0.4453260898590088,70648
0.4461393356323242,70648
0.44680070877075195,70602
0.4507293701171875,70602
0.451507568359375,70602
0.45215344429016113,70602
0.4528012275695801,70578
0.4566943645477295,70552
0.45747923851013184,70552
0.45811986923217773,70552
0.4652748107910156,70552
0.46948981285095215,70502
0.4735450744628906,70502
0.4776158332824707,70502
0.4783904552459717,70502
0.4822862148284912,70462
0.4863429069519043,70462
0.48711347579956055,70462
0.4942131042480469,70462
0.4984149932861328,70462
0.5057144165039062,70462
0.5098826885223389,70462
0.5139493942260742,70460
0.5180304050445557,70432
0.5220942497253418,70432
0.5261368751525879,70432
0.5334429740905762,70432
0.5376179218292236,70432
0.5383596420288086,70432
0.5455307960510254,70432
0.5464417934417725,70432
0.5503113269805908,70432
0.5576472282409668,70432
0.5618174076080322,70432
0.5627222061157227,70432
0.5666100978851318,70432
0.5739350318908691,70432
0.5781261920928955,70432
0.5821690559387207,70432
0.5894522666931152,70432
0.5903120040893555,70432
0.5943434238433838,70432
0.6016387939453125,70432
0.6025660037994385,70432
0.6031675338745117,70432
0.6037797927856445,70432
0.6076431274414062,70432
0.614903450012207,70432
0.615746021270752,70432
0.6197419166564941,70432
0.627028226852417,70428
0.6279184818267822,70428
0.6415417194366455,70428
0.6426863670349121,70428
0.6434688568115234,70396
0.6441001892089844,70350
0.6479990482330322,70330
0.6487853527069092,70330
0.6493983268737793,70330
0.6500406265258789,70330
0.650644063949585,70330
0.6512513160705566,70330
0.6584076881408691,70322
0.6592419147491455,70322
0.6599986553192139,70322
0.6605865955352783,70322
0.6644184589385986,70322
0.6651744842529297,70266
0.6690559387207031,70266
0.6697874069213867,70266
0.6736376285552979,70266
0.6743638515472412,70266
0.6749169826507568,70266
0.6787705421447754,70266
0.6828346252441406,70266
0.686861515045166,70266
0.6875832080841064,70266
0.6914057731628418,70266
0.6921179294586182,70266
0.6926426887512207,70266
0.6964249610900879,70266
0.6970899105072021,70266
0.6975677013397217,70266
0.698054313659668,70266
0.6985232830047607,70266
0.6990118026733398,70266
0.6994800567626953,70266
0.6999564170837402,70266
0.7004311084747314,70266
0.7009222507476807,70266
0.7013981342315674,70266
0.7051479816436768,70266
0.7058050632476807,70266
0.7062842845916748,70266
0.7067661285400391,70266
0.7072427272796631,70266
0.7077164649963379,70266
0.7081701755523682,70266
0.7086224555969238,70266
0.709082841873169,70266
0.7095358371734619,70266
0.7099988460540771,70266
0.7104504108428955,70266
0.710911750793457,70266
0.7113649845123291,70266
0.7118241786956787,70266
0.7122790813446045,70266
0.7127411365509033,70266
0.7131943702697754,70266
0.713646650314331,70266
0.7141091823577881,70266
0.7145602703094482,70266
0.7150211334228516,70266
0.715472936630249,70266
0.7159473896026611,70266
0.7163996696472168,70266
0.7168614864349365,70266
0.7173149585723877,70266
0.7177765369415283,70266
0.7182292938232422,70266
0.7186863422393799,70266
0.7191412448883057,70266
0.7195949554443359,70266
0.7200536727905273,70266
0.7205052375793457,70266
0.7209692001342773,70266
0.7214221954345703,70266
0.7218832969665527,70266
0.722334623336792,70266
0.7227916717529297,70266
0.7232434749603271,70266
0.7237000465393066,70266
0.7241535186767578,70266
0.7246053218841553,70266
0.7250652313232422,70266
0.7255194187164307,70266
0.7259910106658936,70266
0.7264413833618164,70266
0.7269058227539062,70266
0.7273573875427246,70266
0.7278158664703369,70266
0.7282681465148926,70266
0.7287294864654541,70266
0.7291862964630127,70266
0.7296395301818848,70266
0.7300994396209717,70266
0.7305514812469482,70266
0.7310147285461426,70266
0.7314672470092773,70266
0.7319297790527344,70266
0.7323803901672363,70266
0.7328395843505859,70266
0.7332906723022461,70266
0.7337501049041748,70266
0.7342038154602051,70266
0.7346551418304443,70266
0.7351150512695312,70266
0.7355663776397705,70266
0.7360391616821289,70266
0.7364907264709473,70266
0.7369518280029297,70266
0.737403392791748,70266
0.7378649711608887,70266
0.7383184432983398,70266
0.7387778759002686,70266
0.7392292022705078,70266
0.7396852970123291,70266
0.7401387691497803,70266
0.7405893802642822,70266
0.7410483360290527,70266
0.7414999008178711,70266
0.7419602870941162,70266
0.74241042137146,70266
0.742870569229126,70266
0.7433211803436279,70266
0.7438006401062012,70266
0.744257926940918,70266
0.7447178363800049,70266
0.7451720237731934,70266
0.7456247806549072,70266
0.7460951805114746,70266
0.7465481758117676,70266
0.7470111846923828,70266
0.7474639415740967,70266
0.7479231357574463,70266
0.7483727931976318,70266
0.7488307952880859,70266
0.749281644821167,70266
0.7497422695159912,70266
0.7501943111419678,70266
0.7506446838378906,70266
0.751103401184082,70266
0.7515544891357422,70266
0.7520146369934082,70266
0.7524666786193848,70266
0.7529275417327881,70266
0.7533788681030273,70266
0.7538385391235352,70266
0.7542884349822998,70266
0.754746675491333,70266
0.7551991939544678,70266
0.7556490898132324,70266
0.7561180591583252,70266
0.7565708160400391,70266
0.7570309638977051,70266
0.757481575012207,70266
0.7579419612884521,70266
0.758392333984375,70266
0.7588515281677246,70266
0.7593021392822266,70266
0.759760856628418,70266
0.7602121829986572,70266
0.760662317276001,70266
0.7611217498779297,70266
0.7615725994110107,70266
0.7620334625244141,70266
0.7624857425689697,70266
0.7629454135894775,70266
0.7633960247039795,70266
0.7638556957244873,70266
0.7643063068389893,70266
0.7647674083709717,70266
0.7652168273925781,70266
0.76566481590271,70266
0.7661335468292236,70266
0.7665860652923584,70266
0.7670474052429199,70266
0.7674999237060547,70266
0.7679622173309326,70266
0.7684123516082764,70266
0.7688732147216797,70266
0.769324541091919,70266
0.7697842121124268,70266
0.7702369689941406,70266
0.7706961631774902,70266
0.771148681640625,70266
0.771601676940918,70266
0.7720606327056885,70266
0.7725121974945068,70266
0.7729735374450684,70266
0.773425817489624,70266
0.7738864421844482,70266
0.7743382453918457,70266
0.774796724319458,70266
0.7752475738525391,70266
0.7757129669189453,70266
0.7761681079864502,70266
0.7766208648681641,70266
0.777080774307251,70266
0.7775318622589111,70266
0.777991533279419,70266
0.7784411907196045,70266
0.7789011001586914,70266
0.779350757598877,70266
0.7798097133636475,70266
0.7802612781524658,70266
0.7807209491729736,70266
0.7811717987060547,70266
0.7816221714019775,70266
0.7820816040039062,70266
0.7825329303741455,70266
0.7829959392547607,70266
0.783447265625,70266
0.7839090824127197,70266
0.7843585014343262,70266
0.7848172187805176,70266
0.7852685451507568,70266
0.7857363224029541,70266
0.7861878871917725,70266
0.7866380214691162,70266
0.7870979309082031,70266
0.7875509262084961,70266
0.7880110740661621,70266
0.7884619235992432,70266
0.788923978805542,70266
0.7893733978271484,70266
0.7898333072662354,70266
0.7902841567993164,70266
0.7907445430755615,70266
0.7911972999572754,70266
0.7916500568389893,70266
0.7921082973480225,70266
0.7925601005554199,70266
0.7930221557617188,70266
0.7934744358062744,70266
0.7939348220825195,70266
0.7943868637084961,70266
0.7948486804962158,70266
0.7953004837036133,70266
0.795769214630127,70266
0.796222448348999,70266
0.7966792583465576,70266
0.7971324920654297,70266
0.7975821495056152,70266
0.7980434894561768,70266
0.7984926700592041,70266
0.7989530563354492,70266
0.799405574798584,70266
0.7998650074005127,70266
0.8003144264221191,70266
0.8007745742797852,70266
0.8012266159057617,70266
0.8016865253448486,70266
0.8021388053894043,70266
0.8025901317596436,70266
0.803051233291626,70266
0.8035039901733398,70266
0.8039650917053223,70266
0.8044154644012451,70266
0.8048758506774902,70266
0.8053269386291504,70266
0.8057935237884521,70266
0.8062465190887451,70266
0.8067030906677246,70266
0.8071565628051758,70266
0.8076093196868896,70266
0.8080687522888184,70266
0.8085207939147949,70266
0.8089814186096191,70266
0.8094327449798584,70266
0.8098945617675781,70266
0.8103463649749756,70266
0.8108048439025879,70266
0.8112561702728271,70266
0.8117184638977051,70266
0.812171220779419,70266
0.8126218318939209,70266
0.8130824565887451,70266
0.8135349750518799,70266
0.8139967918395996,70266
0.8144497871398926,70266
0.814910888671875,70266
0.8153622150421143,70266
0.8158307075500488,70266
0.8162820339202881,70266
0.8167433738708496,70266
0.8171992301940918,70266
0.8176500797271729,70266
0.818110466003418,70266
0.8185627460479736,70266
0.8190233707427979,70266
0.8194739818572998,70266
0.8199343681335449,70266
0.8203835487365723,70266
0.8208436965942383,70266
0.8212945461273193,70266
0.821753978729248,70266
0.8222055435180664,70266
0.8226563930511475,70266
0.823112964630127,70266
0.8235657215118408,70266
0.824026346206665,70266
0.8244783878326416,70266
0.8249402046203613,70266
0.8253927230834961,70266
0.8258624076843262,70266
0.8263170719146729,70266
0.826775312423706,70266
0.827228307723999,70266
0.8276863098144531,70266
0.8281388282775879,70266
0.828589916229248,70266
0.829049825668335,70266
0.8294994831085205,70266
0.8299617767333984,70266
0.8304128646850586,70266
0.8308742046356201,70266
0.8313279151916504,70266
0.8317873477935791,70266
0.8322398662567139,70266
0.832697868347168,70266
0.8331515789031982,70266
0.8336026668548584,70266
0.8340625762939453,70266
0.8345155715942383,70266
0.8349771499633789,70266
0.8354301452636719,70266
0.8359034061431885,70266
0.836357831954956,70266
0.8368167877197266,70266
0.8372704982757568,70266
0.8377301692962646,70266
0.838184118270874,70266
0.8386363983154297,70266
0.8390974998474121,70266
0.8395495414733887,70266
0.8400096893310547,70266
0.8404605388641357,70266
0.8409225940704346,70266
0.8413736820220947,70266
0.841832160949707,70266
0.8422853946685791,70266
0.8427457809448242,70266
0.8431978225708008,70266
0.8436486721038818,70266
0.844109058380127,70266
0.8445603847503662,70266
0.8450222015380859,70266
0.8454737663269043,70266
0.8459463119506836,70266
0.8463997840881348,70266
0.8468618392944336,70266
0.8473138809204102,70266
0.8477740287780762,70266
0.8482270240783691,70266
0.8486828804016113,70266
0.8491365909576416,70266
0.8495891094207764,70266
0.8500502109527588,70266
0.8505034446716309,70266
0.8509657382965088,70266
0.8514187335968018,70266
0.8518791198730469,70266
0.8523306846618652,70266
0.8527889251708984,70266
0.853240966796875,70266
0.8537001609802246,70266
0.8541550636291504,70266
0.854607343673706,70266
0.8550698757171631,70266
0.8555233478546143,70266
0.8559961318969727,70266
0.8564486503601074,70266
0.8569109439849854,70266
0.8573639392852783,70266
0.8578238487243652,70266
0.8582758903503418,70266
0.8587360382080078,70266
0.8591921329498291,70266
0.8596444129943848,70266
0.8601038455963135,70266
0.86055588722229,70266
0.8610177040100098,70266
0.8614692687988281,70266
0.8619346618652344,70266
0.862389326095581,70266
0.8628494739532471,70266
0.8633022308349609,70266
0.8637645244598389,70266
0.8642189502716064,70266
0.8646788597106934,70266
0.86513352394104,70266
0.8655860424041748,70266
0.8660571575164795,70266
0.8665111064910889,70266
0.8669726848602295,70266
0.867424488067627,70266
0.8678855895996094,70266
0.8683390617370605,70266
0.8687975406646729,70266
0.8692495822906494,70266
0.8697099685668945,70266
0.8701646327972412,70266
0.8706183433532715,70266
0.8710789680480957,70266
0.8715312480926514,70266
0.8719935417175293,70266
0.8724441528320312,70266
0.8729076385498047,70266
0.8733587265014648,70266
0.8738188743591309,70266
0.8742709159851074,70266
0.8747305870056152,70266
0.8751840591430664,70266
0.8756380081176758,70266
0.8761043548583984,70266
0.8765578269958496,70266
0.8770203590393066,70266
0.8774733543395996,70266
0.877936840057373,70266
0.8783893585205078,70266
0.8788516521453857,70266
0.879305362701416,70266
0.8797650337219238,70266
0.8802187442779541,70266
0.8806700706481934,70266
0.8811285495758057,70266
0.8815803527832031,70266
0.8820412158966064,70266
0.882493257522583,70266
0.8829538822174072,70266
0.8834054470062256,70266
0.8838644027709961,70266
0.8843140602111816,70266
0.884772539138794,70266
0.885223388671875,70266
0.8856871128082275,70266
0.886143684387207,70266
0.8865966796875,70266
0.8870542049407959,70266
0.8875060081481934,70266
0.8879673480987549,70266
0.8884186744689941,70266
0.888880729675293,70266
0.889333963394165,70266
0.8897943496704102,70266
0.8902482986450195,70266
0.8907065391540527,70266
0.8911604881286621,70266
0.8916110992431641,70266
0.8920702934265137,70266
0.8925225734710693,70266
0.8929836750030518,70266
0.8934354782104492,70266
0.8938977718353271,70266
0.8943488597869873,70266
0.8948087692260742,70266
0.8952593803405762,70266
0.8957290649414062,70266
0.8961827754974365,70266
0.8966355323791504,70266
0.8970940113067627,70266
0.8975470066070557,70266
0.8980088233947754,70266
0.8984625339508057,70266
0.8989217281341553,70266
0.8993721008300781,70266
0.899829626083374,70266
0.9002804756164551,70266
0.9007396697998047,70266
0.9011902809143066,70266
0.9016404151916504,70266
0.902099609375,70266
0.902550458908081,70266
0.9030110836029053,70266
0.9034626483917236,70266
0.9039225578308105,70266
0.9043741226196289,70266
0.9048337936401367,70266
0.9052848815917969,70266
0.9057536125183105,70266
0.906207799911499,70266
0.9066617488861084,70266
0.9071228504180908,70266
0.9075751304626465,70266
0.9080359935760498,70266
0.9084897041320801,70266
0.9089531898498535,70266
0.9094057083129883,70266
0.9098658561706543,70266
0.9103174209594727,70266
0.9107761383056641,70266
0.9112298488616943,70266
0.9116902351379395,70266
0.9121437072753906,70266
0.912595272064209,70266
0.9130551815032959,70266
0.9135069847106934,70266
0.9139678478240967,70266
0.9144191741943359,70266
0.9148814678192139,70266
0.9153327941894531,70266
0.9157991409301758,70266
0.9162540435791016,70266
0.9167137145996094,70266
0.9171669483184814,70266
0.9176199436187744,70266
0.9180800914764404,70266
0.9185316562652588,70266
0.9189934730529785,70266
0.9194440841674805,70266
0.919905424118042,70266
0.9203565120697021,70266
0.9208145141601562,70266
0.9212701320648193,70266
0.921729326248169,70266
0.9221823215484619,70266
0.9226329326629639,70266
0.9230930805206299,70266
0.9235458374023438,70266
0.9240062236785889,70266
0.9244570732116699,70266
0.9249172210693359,70266
0.9253690242767334,70266
0.9258377552032471,70266
0.9262893199920654,70266
0.9267492294311523,70266
0.9272024631500244,70266
0.9276530742645264,70266
0.9281132221221924,70266
0.9285628795623779,70266
0.929023027420044,70266
0.9294755458831787,70266
0.929934024810791,70266
0.9303858280181885,70266
0.930844783782959,70266
0.9312951564788818,70266
0.9317545890808105,70266
0.9322085380554199,70266
0.9326577186584473,70266
0.9331181049346924,70266
0.9335708618164062,70266
0.9340317249298096,70266
0.9344820976257324,70266
0.9349462985992432,70266
0.9353988170623779,70266
0.9358694553375244,70266
0.9363219738006592,70266
0.9367811679840088,70266
0.9372344017028809,70266
0.9376907348632812,70266
0.9381439685821533,70266
0.9385967254638672,70266
0.9390554428100586,70266
0.939507246017456,70266
0.9399676322937012,70266
0.9404196739196777,70266
0.94087815284729,70266
0.9413294792175293,70266
0.9417879581451416,70266
0.9422414302825928,70266
0.942699670791626,70266
0.9431514739990234,70266
0.9436044692993164,70266
0.9440886974334717,70266
0.944542407989502,70266
0.9450032711029053,70266
0.9454555511474609,70266
0.9459278583526611,70266
0.9463813304901123,70266
0.9468405246734619,70266
0.9472920894622803,70266
0.9477510452270508,70266
0.9482040405273438,70266
0.9486572742462158,70266
0.9491171836853027,70266
0.9495670795440674,70266
0.9500274658203125,70266
0.9504797458648682,70266
0.9509422779083252,70266
0.9513938426971436,70266
0.9518539905548096,70266
0.9523050785064697,70266
0.9527647495269775,70266
0.9532170295715332,70266
0.9536669254302979,70266
0.9541258811950684,70266
0.9545769691467285,70266
0.9550375938415527,70266
0.9554862976074219,70266
0.9559571743011475,70266
0.9564080238342285,70266
0.9568705558776855,70266
0.957322359085083,70266
0.9577815532684326,70266
0.958235502243042,70266
0.9586923122406006,70266
0.95914626121521,70266
0.9595975875854492,70266
0.9600567817687988,70266
0.9605100154876709,70266
0.9609696865081787,70266
0.961418867111206,70266
0.9618823528289795,70266
0.9623348712921143,70266
0.9627935886383057,70266
0.963249921798706,70266
0.9637088775634766,70266
0.9641611576080322,70266
0.9646143913269043,70266
0.9650728702545166,70266
0.9655239582061768,70266
0.9659972190856934,70266
0.9664490222930908,70266
0.9669115543365479,70266
0.9673631191253662,70266
0.9678201675415039,70266
0.968271017074585,70266
0.968733549118042,70266
0.9691853523254395,70266
0.9696385860443115,70266
0.9700977802276611,70266
0.9705493450164795,70266
0.9710092544555664,70266
0.9714624881744385,70266
0.9719233512878418,70266
0.9723749160766602,70266
0.9728338718414307,70266
0.9732873439788818,70266
0.9737462997436523,70266
0.9741983413696289,70266
0.9746489524841309,70266
0.9751095771789551,70266
0.9755635261535645,70266
0.9760339260101318,70266
0.976485013961792,70266
0.9769484996795654,70266
0.9774000644683838,70266
0.9778594970703125,70266
0.9783115386962891,70266
0.9787731170654297,70266
0.9792251586914062,70266
0.9796819686889648,70266
0.9801366329193115,70266
0.9805889129638672,70266
0.9810507297515869,70266
0.9815020561218262,70266
0.9819638729095459,70266
0.9824178218841553,70266
0.9828810691833496,70266
0.9833343029022217,70266
0.9837937355041504,70266
0.9842464923858643,70266
0.9847049713134766,70266
0.9851605892181396,70266
0.9856126308441162,70266
0.9860811233520508,70266
0.986534595489502,70266
0.9869968891143799,70266
0.9874477386474609,70266
0.9879093170166016,70266
0.9883608818054199,70266
0.9888200759887695,70266
0.9892728328704834,70266
0.9897329807281494,70266
0.9901862144470215,70266
0.9906384944915771,70266
0.9910964965820312,70266
0.991549015045166,70266
0.9920122623443604,70266
0.9924633502960205,70266
0.9929242134094238,70266
0.9933784008026123,70266
0.9938371181488037,70266
0.9942905902862549,70266
0.9947526454925537,70266
0.9952058792114258,70266
0.9956562519073486,70266
0.9961233139038086,70266
0.9965741634368896,70266
0.9970333576202393,70266
0.997485876083374,70266
0.9979488849639893,70266
0.9983994960784912,70266
0.9988598823547363,70266
0.9993124008178711,70266
0.9997737407684326,70266
1.0002293586730957,70266
1.0006864070892334,70266
1.0011394023895264,70266
1.0015921592712402,70266
1.0020520687103271,70266
1.0025036334991455,70266
1.0029659271240234,70266
1.00341796875,70266
1.0038790702819824,70266
1.0043339729309082,70266
1.0047945976257324,70266
1.005248785018921,70266
1.005716323852539,70266
1.0061702728271484,70266
1.0066204071044922,70266
1.0070791244506836,70266
1.0075297355651855,70266
1.0079922676086426,70266
1.0084435939788818,70266
1.0089049339294434,70266
1.0093581676483154,70266
1.0098164081573486,70266
1.0102665424346924,70266
1.010725498199463,70266
1.0111782550811768,70266
1.0116307735443115,70266
1.0120973587036133,70266
1.0125489234924316,70266
1.0130116939544678,70266
1.0134642124176025,70266
1.013925313949585,70266
1.0143773555755615,70266
1.0148372650146484,70266
1.015289306640625,70266
1.0157585144042969,70266
1.0162122249603271,70266
1.0166659355163574,70266
1.0171253681182861,70266
1.0175766944885254,70266
1.0180363655090332,70266
1.0184862613677979,70266
1.0189476013183594,70266
1.0193967819213867,70266
1.0198583602905273,70266
1.0203096866607666,70266
1.0207688808441162,70266
1.0212223529815674,70266
1.0216798782348633,70266
1.0221316814422607,70266
1.0225815773010254,70266
1.023041009902954,70266
1.023494005203247,70266
1.023956298828125,70266
1.0244076251983643,70266
1.0248684883117676,70266
1.025320053100586,70266
1.0257866382598877,70266
1.0262401103973389,70266
1.0266988277435303,70266
1.0271501541137695,70266
1.0276007652282715,70266
1.0280604362487793,70266
1.0285110473632812,70266
1.0289711952209473,70266
1.0294227600097656,70266
1.029883623123169,70266
1.0303337574005127,70266
1.0307915210723877,70266
1.0312435626983643,70266
1.0317013263702393,70266
1.0321550369262695,70266
1.032607078552246,70266
1.0330677032470703,70266
1.0335206985473633,70266
1.0339832305908203,70266
1.0344347953796387,70266
1.0348947048187256,70266
1.0353453159332275,70266
1.035811424255371,70266
1.0362646579742432,70266
1.0367236137390137,70266
1.0371756553649902,70266
1.0376267433166504,70266
1.0380873680114746,70266
1.0385379791259766,70266
1.0389971733093262,70266
1.0394484996795654,70266
1.039910078048706,70266
1.0403621196746826,70266
1.0408191680908203,70266
1.041271686553955,70266
1.041731595993042,70266
1.0421853065490723,70266
1.042637825012207,70266
1.043100357055664,70266
1.0435514450073242,70266
1.044013500213623,70266
1.044464111328125,70266
1.0449233055114746,70266
1.0453741550445557,70266
1.0458412170410156,70266
1.0462937355041504,70266
1.0467534065246582,70266
1.0472047328948975,70266
1.047656536102295,70266
1.04811692237854,70266
1.0485684871673584,70266
1.0490267276763916,70266
1.0494773387908936,70266
1.0499396324157715,70266
1.0503885746002197,70266
1.0508484840393066,70266
1.0513007640838623,70266
1.051760196685791,70266
1.0522136688232422,70266
1.052663803100586,70266
1.0531232357025146,70266
1.053574562072754,70266
1.0540351867675781,70266
1.0544869899749756,70266
1.0549471378326416,70266
1.0553994178771973,70266
1.0558679103851318,70266
1.0563201904296875,70266
1.0567786693572998,70266
1.0572311878204346,70266
1.057692289352417,70266
1.0581462383270264,70266
1.0585966110229492,70266
1.0590553283691406,70266
1.0595061779022217,70266
1.0599679946899414,70266
1.0604209899902344,70266
1.0608816146850586,70266
1.0613322257995605,70266
1.0617878437042236,70266
1.0622403621673584,70266
1.0626988410949707,70266
1.0631515979766846,70266
1.063603401184082,70266
1.0640618801116943,70266
1.064514398574829,70266
1.064976692199707,70266
1.0654280185699463,70266
1.0658977031707764,70266
1.066349983215332,70266
1.066810131072998,70266
1.0672633647918701,70266
1.0677235126495361,70266
1.068176031112671,70266
1.0686280727386475,70266
1.0690865516662598,70266
1.069535732269287,70266
1.0699944496154785,70266
1.0704452991485596,70266
1.0709056854248047,70266
1.071359395980835,70266
1.07181978225708,70266
1.0722711086273193,70266
1.0727312564849854,70266
1.0731830596923828,70266
1.0736336708068848,70266
1.0740931034088135,70266
1.0745444297790527,70266
1.075005292892456,70266
1.0754590034484863,70266
1.0759291648864746,70266
1.0763797760009766,70266
1.0768382549285889,70266
1.0772900581359863,70266
1.0777502059936523,70266
1.0782020092010498,70266
1.0786540508270264,70266
1.079113483428955,70266
1.0795648097991943,70266
1.0800254344940186,70266
1.080477237701416,70266
1.0809378623962402,70266
1.0813865661621094,70266
1.0818445682525635,70266
1.0822956562042236,70266
1.082754135131836,70266
1.083204746246338,70266
1.0836567878723145,70266
1.0841164588928223,70266
1.0845682621002197,70266
1.0850296020507812,70266
1.0854811668395996,70266
1.0859529972076416,70266
1.08640456199646,70266
1.0868654251098633,70266
1.0873162746429443,70266
1.0877742767333984,70266
1.0882256031036377,70266
1.088681936264038,70266
1.0891358852386475,70266
1.0895888805389404,70266
1.0900473594665527,70266
1.0905001163482666,70266
1.0909624099731445,70266
1.091413974761963,70266
1.0918738842010498,70266
1.09232497215271,70266
1.092782974243164,70266
1.0932345390319824,70266
1.0936923027038574,70266
1.094144344329834,70266
1.0945959091186523,70266
1.0950558185577393,70266
1.0955071449279785,70266
1.0959796905517578,70266
1.0964317321777344,70266
1.0968937873840332,70266
1.0973455905914307,70266
1.0978069305419922,70266
1.0982601642608643,70266
1.0987210273742676,70266
1.099172830581665,70266
1.0996227264404297,70266
1.1000819206237793,70266
1.1005339622497559,70266
1.1009960174560547,70266
1.1014468669891357,70266
1.1019084453582764,70266
1.1023597717285156,70266
1.1028180122375488,70266
1.1032710075378418,70266
1.1037306785583496,70266
1.1041829586029053,70266
1.1046345233917236,70266
1.1050922870635986,70266
1.1055455207824707,70266
1.1060163974761963,70266
1.1064682006835938,70266
1.106931447982788,70266
1.1073846817016602,70266
1.1078450679779053,70266
1.1082954406738281,70266
1.1087543964385986,70266
1.1092064380645752,70266
1.1096570491790771,70266
1.1101164817810059,70266
1.1105694770812988,70266
1.111032485961914,70266
1.1114840507507324,70266
1.1119446754455566,70266
1.1123967170715332,70266
1.1128573417663574,70266
1.113309621810913,70266
1.113769769668579,70266
1.1142215728759766,70266
1.1150999069213867,70266
1.1164135932922363,70266
1.1172947883605957,70266
1.1181714534759521,70266
1.1190555095672607,70266
1.1203572750091553,70266
1.1212389469146729,70266
1.1221184730529785,70266
1.1234204769134521,70266
1.1242995262145996,70266
1.1251766681671143,70266
1.1260676383972168,70266
1.1273670196533203,70266
1.1282434463500977,70266
1.129119634628296,70266
1.1304175853729248,70266
1.1312990188598633,70266
1.1321799755096436,70266
1.1330609321594238,70266
1.1343646049499512,70266
1.1352429389953613,70266
1.136132001876831,70266
1.1370134353637695,70266
1.1383168697357178,70266
1.139197826385498,70266
1.1400785446166992,70266
1.141380786895752,70266
1.1422622203826904,70266
1.1431453227996826,70266
1.1440503597259521,70266
1.1453521251678467,70266
1.1462390422821045,70266
1.147118330001831,70266
1.1484174728393555,70266
1.149299144744873,70266
1.1501829624176025,70266
1.1510629653930664,70266
1.1523630619049072,70266
1.1532421112060547,70266
1.1541225910186768,70266
1.1550042629241943,70266
1.1563217639923096,70266
1.1572000980377197,70266
1.1580801010131836,70266
1.1593830585479736,70266
1.160264253616333,70266
1.1611456871032715,70266
1.1620280742645264,70266
1.1633319854736328,70266
1.164210319519043,70266
1.1650917530059814,70266
1.1664066314697266,70266
1.167287826538086,70266
1.1681690216064453,70266
1.1690504550933838,70266
1.1703505516052246,70266
1.171229362487793,70266
1.1721067428588867,70266
1.173412799835205,70266
1.174295425415039,70266
1.175175666809082,70266
1.1760644912719727,70266
1.1773648262023926,70266
1.1782433986663818,70266
1.179121971130371,70266
1.1800034046173096,70266
1.1813082695007324,70266
1.182189702987671,70266
1.1830720901489258,70266
1.1843702793121338,70266
1.185248613357544,70266
1.1861395835876465,70266
1.187018871307373,70266
1.1883211135864258,70266
1.1891992092132568,70266
1.190077543258667,70266
1.1913783550262451,70266
1.1922569274902344,70266
1.19313645362854,70266
1.194016695022583,70266
1.1953184604644775,70266
1.196211338043213,70266
1.1970930099487305,70266
1.1983976364135742,70266
1.199280023574829,70266
1.200162649154663,70266
1.2010462284088135,70266
1.2023510932922363,70266
1.2032313346862793,70266
1.2041099071502686,70266
1.2054119110107422,70266
1.206305742263794,70266
1.2071874141693115,70266
1.2080674171447754,70266
1.20936918258667,70266
1.210249423980713,70266
1.211127519607544,70266
1.2120075225830078,70266
1.2133078575134277,70266
1.2141878604888916,70266
1.2150681018829346,70266
1.2163784503936768,70266
1.217259168624878,70266
1.2181384563446045,70266
1.2190182209014893,70266
1.2203161716461182,70266
1.2211971282958984,70266
1.222078800201416,70266
1.223379373550415,70266
1.224257230758667,70266
1.2251372337341309,70266
1.2260289192199707,70266
1.2273306846618652,70266
1.2282114028930664,70266
1.2290914058685303,70266
1.2304000854492188,70266
1.2312822341918945,70266
1.2321631908416748,70266
1.2330429553985596,70266
1.2343459129333496,70266
1.2352275848388672,70266
1.236114501953125,70266
1.237417221069336,70266
1.2382993698120117,70266
1.239182710647583,70266
1.2400588989257812,70266
1.2413599491119385,70266
1.2422435283660889,70266
1.2431221008300781,70266
1.244004726409912,70266
1.245305061340332,70266
1.2461957931518555,70266
1.2470743656158447,70266
1.2483737468719482,70266
1.2492504119873047,70266
1.2501294612884521,70266
1.251011848449707,70266
1.2523083686828613,70266
1.2531886100769043,70266
1.2540652751922607,70266
1.2553668022155762,70266
1.2562530040740967,70266
1.2571334838867188,70266
1.2580163478851318,70266
1.2593166828155518,70266
1.2601981163024902,70266
1.261077880859375,70266
1.2623801231384277,70266
1.2632601261138916,70266
1.264139175415039,70266
1.2650210857391357,70266
1.2663331031799316,70266
1.2672131061553955,70266
1.2680995464324951,70266
1.2694032192230225,70266
1.2702829837799072,70266
1.271165370941162,70266
1.272047996520996,70266
1.2733466625213623,70266
1.2742249965667725,70266
1.2751026153564453,70266
1.276413917541504,70266
1.2772951126098633,70266
1.27817702293396,70266
1.2790586948394775,70266
1.2803606986999512,70266
1.2812411785125732,70266
1.2821199893951416,70266
1.283421277999878,70266
1.2843010425567627,70266
1.2851824760437012,70266
1.28607177734375,70266
1.2873766422271729,70266
1.288257360458374,70266
1.289137601852417,70266
1.290022850036621,70266
1.2913243770599365,70266
1.292201042175293,70266
1.2930822372436523,70266
1.2943882942199707,70266
1.2952723503112793,70266
1.2961647510528564,70266
1.2970459461212158,70266
1.298346757888794,70266
1.2992277145385742,70266
1.3001072406768799,70266
1.3014109134674072,70266
1.302293300628662,70266
1.303173542022705,70266
1.3040547370910645,70266
1.3053576946258545,70266
1.306246042251587,70266
1.307124137878418,70266
1.3080084323883057,70266
1.3093087673187256,70266
1.3101890087127686,70266
1.3110969066619873,70266
1.3124017715454102,70266
1.3132848739624023,70266
1.314164638519287,70266
1.3150477409362793,70266
1.3163647651672363,70266
1.3172447681427002,70266
1.3181254863739014,70266
1.31900954246521,70266
1.3203141689300537,70266
1.3211965560913086,70266
1.322075605392456,70266
1.3233749866485596,70266
1.324256420135498,70266
1.3251407146453857,70266
1.3260307312011719,70266
1.3273346424102783,70266
1.3282170295715332,70266
1.3290956020355225,70266
1.3303983211517334,70266
1.3312838077545166,70266
1.332165002822876,70266
1.3330471515655518,70266
1.3343489170074463,70266
1.3352274894714355,70266
1.336118221282959,70266
1.3374216556549072,70266
1.338303804397583,70266
1.3391833305358887,70266
1.3400638103485107,70266
1.3413670063018799,70266
1.342247724533081,70266
1.3431272506713867,70266
1.3440330028533936,70266
1.3453381061553955,70266
1.3462281227111816,70266
1.3471064567565918,70266
1.3484110832214355,70266
1.3492941856384277,70266
1.3501739501953125,70266
1.3510520458221436,70266
1.3523504734039307,70266
1.3532304763793945,70266
1.3541083335876465,70266
1.3554127216339111,70266
1.3563039302825928,70266
1.3571853637695312,70266
1.3580663204193115,70266
1.3593645095825195,70266
1.3602426052093506,70266
1.3611257076263428,70266
1.3620071411132812,70266
1.3633100986480713,70266
1.3641910552978516,70266
1.36507248878479,70266
1.3663837909698486,70266
1.3672637939453125,70266
1.3681433200836182,70266
1.3690264225006104,70266
1.3703279495239258,70266
1.371208906173706,70266
1.3720879554748535,70266
1.3733866214752197,70266
1.374269962310791,70266
1.3751533031463623,70266
1.3760457038879395,70266
1.3773508071899414,70266
1.3782310485839844,70266
1.3791084289550781,70266
1.3804068565368652,70266
1.381286859512329,70266
1.3821678161621094,70266
1.3830509185791016,70266
1.3843531608581543,70266
1.3852336406707764,70266
1.3861210346221924,70266
1.3874211311340332,70266
1.3883004188537598,70266
1.3891828060150146,70266
1.3900620937347412,70266
1.391364336013794,70266
1.3922433853149414,70266
1.393125057220459,70266
1.3940069675445557,70266
1.39530611038208,70266
1.3961982727050781,70266
1.3970797061920166,70266
1.3983800411224365,70266
1.3992583751678467,70266
1.4001388549804688,70266
1.401021957397461,70266
1.402324914932251,70266
1.4032056331634521,70266
1.4040851593017578,70266
1.4053857326507568,70266
1.406275987625122,70266
1.4071569442749023,70266
1.40803861618042,70266
1.4093382358551025,70266
1.4102156162261963,70266
1.4110941886901855,70266
1.4123964309692383,70266
1.4132766723632812,70266
1.4141592979431152,70266
1.415041208267212,70266
1.4163532257080078,70266
1.4172351360321045,70266
1.418114185333252,70266
1.4194157123565674,70266
1.420297622680664,70266
1.4211783409118652,70266
1.422057867050171,70266
1.4233613014221191,70266
1.4242401123046875,70266
1.4251222610473633,70266
1.4260177612304688,70266
1.4273223876953125,70266
1.4282026290893555,70266
1.429081916809082,70266
1.4303834438323975,70266
1.4312641620635986,70266
1.4321463108062744,70266
1.433030128479004,70266
1.434330701828003,70266
1.4352123737335205,70266
1.436100721359253,70266
1.4374017715454102,70266
1.4382810592651367,70266
1.439161777496338,70266
1.440042495727539,70266
1.4413418769836426,70266
1.442220687866211,70266
1.4430992603302002,70266
1.444399356842041,70266
1.4452831745147705,70266
1.4461753368377686,70266
1.4470536708831787,70266
1.4483537673950195,70266
1.4492344856262207,70266
1.4501140117645264,70266
1.451416254043579,70266
1.4522974491119385,70266
1.453176736831665,70266
1.4540560245513916,70266
1.455357551574707,70266
1.4562456607818604,70266
1.4571261405944824,70266
1.4580073356628418,70266
1.4593098163604736,70266
1.4601893424987793,70266
1.4610671997070312,70266
1.4623687267303467,70266
1.4632465839385986,70266
1.4641261100769043,70266
1.4650077819824219,70266
1.466322660446167,70266
1.4671988487243652,70266
1.4680771827697754,70266
1.4693787097930908,70266
1.4702601432800293,70266
1.4711418151855469,70266
1.4720203876495361,70266
1.473323106765747,70266
1.4742004871368408,70266
1.4750797748565674,70266
1.4763903617858887,70266
1.4772708415985107,70266
1.478149652481079,70266
1.4790310859680176,70266
1.4803295135498047,70266
1.4812090396881104,70266
1.4820890426635742,70266
1.4833884239196777,70266
1.4842684268951416,70266
1.4851455688476562,70266
1.486034631729126,70266
1.4873344898223877,70266
1.4882142543792725,70266
1.489090919494629,70266
1.4903898239135742,70266
1.4912676811218262,70266
1.4921472072601318,70266
1.4930269718170166,70266
1.494328498840332,70266
1.4952096939086914,70266
1.4960973262786865,70266
1.4973948001861572,70266
1.4982750415802002,70266
1.4991576671600342,70266
1.5000391006469727,70266
1.5013401508331299,70266
1.5022196769714355,70266
1.5031023025512695,70266
1.5044023990631104,70266
1.5052831172943115,70266
1.5061771869659424,70266
1.5070579051971436,70266
1.5083606243133545,70266
1.5092425346374512,70266
1.5101213455200195,70266
1.5110032558441162,70266
1.5123026371002197,70266
1.51318359375,70266
1.5140619277954102,70266
1.5153636932373047,70266
1.516252040863037,70266
1.5171306133270264,70266
1.5180113315582275,70266
1.5193133354187012,70266
1.5201935768127441,70266
1.5210764408111572,70266
1.5223767757415771,70266
1.52325439453125,70266
1.5241329669952393,70266
1.5250132083892822,70266
1.5263254642486572,70266
1.5272059440612793,70266
1.5280873775482178,70266
1.529388666152954,70266
1.5302691459655762,70266
1.531148910522461,70266
1.5320305824279785,70266
1.5333352088928223,70266
1.5342152118682861,70266
1.5350914001464844,70266
1.5364043712615967,70266
1.5372874736785889,70266
1.538167953491211,70266
1.5390501022338867,70266
1.540351390838623,70266
1.5412309169769287,70266
1.542107343673706,70266
1.543407917022705,70266
1.544311761856079,70266
1.545196294784546,70266
1.546090841293335,70266
1.5473933219909668,70266
1.5482733249664307,70266
1.5491554737091064,70266
1.5500361919403076,70266
1.5513410568237305,70266
1.5522212982177734,70266
1.553102970123291,70266
1.5544054508209229,70266
1.5552887916564941,70266
1.5561811923980713,70266
1.5571162700653076,70266
1.558037519454956,70266
1.5593445301055908,70266
1.5602259635925293,70266
1.5611212253570557,70266
1.5620074272155762,70266
1.5633153915405273,70266
1.5641961097717285,70266
1.565077304840088,70266
1.5663952827453613,70266
1.5672814846038818,70266
1.5681803226470947,70266
1.569063425064087,70266
1.5703673362731934,70266
1.5712485313415527,70266
1.5721282958984375,70266
1.5730106830596924,70266
1.574314832687378,70266
1.575197458267212,70266
1.5760884284973145,70266
1.5773894786834717,70266
1.5782699584960938,70266
1.5791523456573486,70266
1.5800349712371826,70266
1.5813381671905518,70266
1.5822181701660156,70266
1.5830962657928467,70266
1.5843989849090576,70266
1.5852842330932617,70266
1.5861775875091553,70266
1.5870583057403564,70266
1.5883586406707764,70266
1.589238166809082,70266
1.590116262435913,70266
1.5914180278778076,70266
1.5922977924346924,70266
1.5931808948516846,70266
1.5940628051757812,70266
1.5953686237335205,70266
1.5962576866149902,70266
1.5971388816833496,70266
1.5980219841003418,70266
1.599327802658081,70266
1.6002066135406494,70266
1.6010878086090088,70266
1.6023876667022705,70266
1.6032686233520508,70266
1.604151725769043,70266
1.6050336360931396,70266
1.6063482761383057,70266
1.6072299480438232,70266
1.6081128120422363,70266
1.60941743850708,70266
1.6102981567382812,70266
1.6111819744110107,70266
1.6120631694793701,70266
1.6133689880371094,70266
1.614250898361206,70266
1.615135669708252,70266
1.6160292625427246,70266
1.6173381805419922,70266
1.6182191371917725,70266
1.6191020011901855,70266
1.620405912399292,70266
1.6212897300720215,70266
1.6221721172332764,70266
1.6230556964874268,70266
1.6243584156036377,70266
1.6252408027648926,70266
1.6261308193206787,70266
1.6270134449005127,70266
1.6283183097839355,70266
1.6291992664337158,70266
1.6300837993621826,70266
1.6313872337341309,70266
1.6322689056396484,70266
1.633150339126587,70266
1.6340341567993164,70266
1.6353378295898438,70266
1.6362290382385254,70266
1.6371078491210938,70266
1.63840913772583,70266
1.639291763305664,70266
1.6401703357696533,70266
1.641052007675171,70266
1.642350196838379,70266
1.6432292461395264,70266
1.6441118717193604,70266
1.6454136371612549,70266
1.6463046073913574,70266
1.6471898555755615,70266
1.6480727195739746,70266
1.6493775844573975,70266
1.650259256362915,70266
1.6511406898498535,70266
1.652021884918213,70266
1.653324842453003,70266
1.6542038917541504,70266
1.6550805568695068,70266
1.6563942432403564,70266
1.6572751998901367,70266
1.6581575870513916,70266
1.6590385437011719,70266
1.6603412628173828,70266
1.6612226963043213,70266
1.662102222442627,70266
1.6634018421173096,70266
1.6642835140228271,70266
1.6651651859283447,70266
1.6660561561584473,70266
1.6673648357391357,70266
1.6682467460632324,70266
1.6691269874572754,70266
1.6700105667114258,70266
1.6713149547576904,70266
1.6721956729888916,70266
1.6730766296386719,70266
1.674379825592041,70266
1.675262451171875,70266
1.6761586666107178,70266
1.6770408153533936,70266
1.678346872329712,70266
1.6792261600494385,70266
1.6801040172576904,70266
1.6814074516296387,70266
1.6822893619537354,70266
1.6831717491149902,70266
1.6840531826019287,70266
1.6853575706481934,70266
1.6862499713897705,70266
1.687131404876709,70266
1.6880137920379639,70266
1.689312219619751,70266
1.6901929378509521,70266
1.6910743713378906,70266
1.692380666732788,70266
1.6932647228240967,70266
1.6941485404968262,70266
1.6950297355651855,70266
1.696343183517456,70266
1.6972236633300781,70266
1.698105812072754,70266
1.6994125843048096,70266
1.7002933025360107,70266
1.7011725902557373,70266
1.702052116394043,70266
1.7033555507659912,70266
1.7042367458343506,70266
1.7051169872283936,70266
1.7060143947601318,70266
1.707319736480713,70266
1.7081992626190186,70266
1.709082841873169,70266
1.7103850841522217,70266
1.7112674713134766,70266
1.7121479511260986,70266
1.7130260467529297,70266
1.7143282890319824,70266
1.7152116298675537,70266
1.7161009311676025,70266
1.717404842376709,70266
1.7182886600494385,70266
1.7191720008850098,70266
1.7200543880462646,70266
1.7213563919067383,70266
1.7222375869750977,70266
1.7231168746948242,70266
1.7244195938110352,70266
1.7253015041351318,70266
1.726198673248291,70266
1.7270824909210205,70266
1.7283859252929688,70266
1.7292659282684326,70266
1.730147123336792,70266
1.731031894683838,70266
1.732335090637207,70266
1.733217716217041,70266
1.7340974807739258,70266
1.7354035377502441,70266
1.7362980842590332,70266
1.7371776103973389,70266
1.73805832862854,70266
1.7393605709075928,70266
1.7402396202087402,70266
1.7411201000213623,70266
1.74200439453125,70266
1.7433087825775146,70266
1.7442214488983154,70266
1.745103120803833,70266
1.746417760848999,70266
1.747300624847412,70266
1.7481868267059326,70266
1.7490689754486084,70266
1.750375747680664,70266
1.7512600421905518,70266
1.752140998840332,70266
1.7530243396759033,70266
1.7543280124664307,70266
1.7552096843719482,70266
1.756101369857788,70266
1.7574036121368408,70266
1.758286952972412,70266
1.7591686248779297,70266
1.7600531578063965,70266
1.761359453201294,70266
1.7622425556182861,70266
1.7631254196166992,70266
1.764012336730957,70266
1.7653162479400635,70266
1.7662088871002197,70266
1.767089605331421,70266
1.7683954238891602,70266
1.7692780494689941,70266
1.770162582397461,70266
1.7710456848144531,70266
1.7723474502563477,70266
1.7732272148132324,70266
1.7741103172302246,70266
1.7754130363464355,70266
1.7763075828552246,70266
1.777188777923584,70266
1.7780685424804688,70266
1.7793738842010498,70266
1.7802529335021973,70266
1.7811331748962402,70266
1.7820165157318115,70266
1.7833192348480225,70266
1.78420090675354,70266
1.7850844860076904,70266
1.7863988876342773,70266
1.7872822284698486,70266
1.7881646156311035,70266
1.7890465259552002,70266
1.790353536605835,70266
1.7912371158599854,70266
1.7921192646026611,70266
1.7930030822753906,70266
1.794306755065918,70266
1.795189619064331,70266
1.7960834503173828,70266
1.797386884689331,70266
1.7982673645019531,70266
1.7991480827331543,70266
1.800032377243042,70266
1.8013331890106201,70266
1.802213430404663,70266
1.8030943870544434,70266
1.8044006824493408,70266
1.805281400680542,70266
1.8061797618865967,70266
1.8070602416992188,70266
1.8083624839782715,70266
1.8092403411865234,70266
1.810124158859253,70266
1.8110082149505615,70266
1.8123161792755127,70266
1.8131980895996094,70266
1.8140804767608643,70266
1.8153870105743408,70266
1.8162786960601807,70266
1.8171641826629639,70266
1.818047046661377,70266
1.8193511962890625,70266
1.8202342987060547,70266
1.8211162090301514,70266
1.8224210739135742,70266
1.8233072757720947,70266
1.824190616607666,70266
1.8250703811645508,70266
1.826385259628296,70266
1.8272688388824463,70266
1.8281536102294922,70266
1.8290374279022217,70266
1.83034086227417,70266
1.8312218189239502,70266
1.8320989608764648,70266
1.833404302597046,70266
1.8342912197113037,70266
1.8351755142211914,70266
1.8360674381256104,70266
1.837372064590454,70266
1.8382506370544434,70266
1.8391318321228027,70266
1.840012550354004,70266
1.8413176536560059,70266
1.842198371887207,70266
1.8430800437927246,70266
1.8443851470947266,70266
1.8452703952789307,70266
1.8461639881134033,70266
1.847046136856079,70266
1.8483505249023438,70266
1.8492310047149658,70266
1.8501086235046387,70266
1.8514106273651123,70266
1.8522953987121582,70266
1.8531758785247803,70266
1.8540570735931396,70266
1.8553614616394043,70266
1.8562562465667725,70266
1.8571383953094482,70266
1.8580191135406494,70266
1.8593227863311768,70266
1.860203504562378,70266
1.8610849380493164,70266
1.8623871803283691,70266
1.8632690906524658,70266
1.8641507625579834,70266
1.8650331497192383,70266
1.8663442134857178,70266
1.8672261238098145,70266
1.868105411529541,70266
1.8694090843200684,70266
1.8702888488769531,70266
1.8711702823638916,70266
1.8720502853393555,70266
1.8733503818511963,70266
1.874227523803711,70266
1.875110149383545,70266
1.8764257431030273,70266
1.8773119449615479,70266
1.8781921863555908,70266
1.8790757656097412,70266
1.8803801536560059,70266
1.8812601566314697,70266
1.8821399211883545,70266
1.8830244541168213,70266
1.8843309879302979,70266
1.885213851928711,70266
1.8861010074615479,70266
1.8874013423919678,70266
1.8882827758789062,70266
1.889162302017212,70266
1.890045404434204,70266
1.8913452625274658,70266
1.892225980758667,70266
1.8931047916412354,70266
1.894407033920288,70266
1.8952887058258057,70266
1.8961832523345947,70266
1.8970634937286377,70266
1.898369550704956,70266
1.8992507457733154,70266
1.9001317024230957,70266
1.901012659072876,70266
1.9023160934448242,70266
1.9031970500946045,70266
1.904078483581543,70266
1.905381679534912,70266
1.9062767028808594,70266
1.9071595668792725,70266
1.9080421924591064,70266
1.9093444347381592,70266
1.9102272987365723,70266
1.9111080169677734,70266
1.9124150276184082,70266
1.9132976531982422,70266
1.9141769409179688,70266
1.91505765914917,70266
1.9163691997528076,70266
1.917248010635376,70266
1.9181265830993652,70266
1.9190125465393066,70266
1.920316219329834,70266
1.9211978912353516,70266
1.9220783710479736,70266
1.9233803749084473,70266
1.9242608547210693,70266
1.9251434803009033,70266
1.9260399341583252,70266
1.927344799041748,70266
1.9282243251800537,70266
1.9291036128997803,70266
1.930405855178833,70266
1.9312875270843506,70266
1.9321672916412354,70266
1.9330472946166992,70266
1.9343469142913818,70266
1.9352257251739502,70266
1.9361145496368408,70266
1.9374182224273682,70266
1.9383001327514648,70266
1.9391803741455078,70266
1.940061092376709,70266
1.9413621425628662,70266
1.9422447681427002,70266
1.9431257247924805,70266
1.9440321922302246,70266
1.9453377723693848,70266
1.9462294578552246,70266
1.947110891342163,70266
1.9484167098999023,70266
1.9493005275726318,70266
1.950181484222412,70266
1.9510619640350342,70266
1.9523637294769287,70266
1.9532437324523926,70266
1.9541230201721191,70266
1.9550042152404785,70266
1.9563217163085938,70266
1.9572007656097412,70266
1.958080768585205,70266
1.9593830108642578,70266
1.96026611328125,70266
1.9611496925354004,70266
1.9620332717895508,70266
1.9633383750915527,70266
1.9642186164855957,70266
1.9650990962982178,70266
1.9664154052734375,70266
1.9673004150390625,70266
1.96818208694458,70266
1.9690639972686768,70266
1.9703655242919922,70266
1.9712469577789307,70266
1.9721283912658691,70266
1.9730079174041748,70266
1.9743120670318604,70266
1.9751968383789062,70266
1.9760878086090088,70266
1.9774081707000732,70266
1.978294849395752,70266
1.9791810512542725,70266
1.9800610542297363,70266
1.9813799858093262,70266
1.9822628498077393,70266
1.9831440448760986,70266
1.9840285778045654,70266
1.9853312969207764,70266
1.9862196445465088,70266
1.987100601196289,70266
1.9884085655212402,70266
1.9892940521240234,70266
1.9901766777038574,70266
1.991058349609375,70266
1.9923617839813232,70266
1.993241786956787,70266
1.9941227436065674,70266
1.9950065612792969,70266
1.9963202476501465,70266
1.9972021579742432,70266
1.9980883598327637,70266
1.9993963241577148,70266
2.0002760887145996,70266
2.001157283782959,70266
2.0020434856414795,70266
2.003352403640747,70266
2.0042338371276855,70266
2.0051119327545166,70266
2.0060036182403564,70266
2.0073113441467285,70266
2.0081934928894043,70266
2.0090746879577637,70266
2.010380744934082,70266
2.0112617015838623,70266
2.012145519256592,70266
2.013030529022217,70266
2.0143377780914307,70266
2.0152199268341064,70266
2.016112804412842,70266
2.0174190998077393,70266
2.018301486968994,70266
2.01918625831604,70266
2.020070791244507,70266
2.021374464035034,70266
2.022254467010498,70266
2.0231356620788574,70266
2.024020195007324,70266
2.025325059890747,70266
2.0262157917022705,70266
2.027095317840576,70266
2.028397560119629,70266
2.0292813777923584,70266
2.030161142349243,70266
2.0310418605804443,70266
2.0323433876037598,70266
2.033224582672119,70266
2.0341038703918457,70266
2.0354065895080566,70266
2.036297082901001,70266
2.037177324295044,70266
2.038059711456299,70266
2.0393617153167725,70266
2.0402448177337646,70266
2.0411245822906494,70266
2.042006731033325,70266
2.04331374168396,70266
2.044196844100952,70266
2.0450758934020996,70266
2.046391725540161,70266
2.0472748279571533,70266
2.048156499862671,70266
2.049036979675293,70266
2.050344467163086,70266
2.0512263774871826,70266
2.052103042602539,70266
2.053403615951538,70266
2.054285764694214,70266
2.055166721343994,70266
2.0560595989227295,70266
2.0573642253875732,70266
2.0582473278045654,70266
2.059129238128662,70266
2.060011148452759,70266
2.0613131523132324,70266
2.062195062637329,70266
2.0630791187286377,70266
2.0643842220306396,70266
2.0652687549591064,70266
2.066164970397949,70266
2.067047357559204,70266
2.0683507919311523,70266
2.0692317485809326,70266
2.070112943649292,70266
2.071418523788452,70266
2.072305679321289,70266
2.073190212249756,70266
2.07407546043396,70266
2.0753817558288574,70266
2.076272964477539,70266
2.077155828475952,70266
2.0780415534973145,70266
2.079347848892212,70266
2.080228328704834,70266
2.081109046936035,70266
2.082414388656616,70266
2.0832955837249756,70266
2.0841784477233887,70266
2.0850605964660645,70266
2.086376667022705,70266
2.0872628688812256,70266
2.0881457328796387,70266
2.08902907371521,70266
2.0903351306915283,70266
2.091216564178467,70266
2.0921006202697754,70266
2.093407392501831,70266
2.094289541244507,70266
2.095172882080078,70266
2.0960662364959717,70266
2.0973665714263916,70266
2.0982487201690674,70266
2.0991315841674805,70266
2.1000149250030518,70266
2.1013197898864746,70266
2.102201461791992,70266
2.103083610534668,70266
2.1043879985809326,70266
2.1052708625793457,70266
2.106166124343872,70266
2.1070497035980225,70266
2.108355760574341,70266
2.1092352867126465,70266
2.1101174354553223,70266
2.111004590988159,70266
2.1123080253601074,70266
2.113189220428467,70266
2.114072799682617,70266
2.1153767108917236,70266
2.1162679195404053,70266
2.1171488761901855,70266
2.118032217025757,70266
2.119335412979126,70266
2.1202163696289062,70266
2.121098041534424,70266
2.1224024295806885,70266
2.1232879161834717,70266
2.1241705417633057,70266
2.1250531673431396,70266
2.126366376876831,70266
2.1272473335266113,70266
2.1281285285949707,70266
2.129014015197754,70266
2.130321979522705,70266
2.131204843521118,70266
2.132087230682373,70266
2.133394241333008,70266
2.1342787742614746,70266
2.135161876678467,70266
2.136057138442993,70266
2.137362003326416,70266
2.138245105743408,70266
2.1391286849975586,70266
2.1400153636932373,70266
2.1413204669952393,70266
2.142206907272339,70266
2.143089532852173,70266
2.144420862197876,70266
2.145305871963501,70266
2.1462035179138184,70266
2.147087574005127,70266
2.148395538330078,70266
2.149280071258545,70266
2.1501646041870117,70266
2.151048183441162,70266
2.152353525161743,70266
2.1532392501831055,70266
2.1541221141815186,70266
2.1550076007843018,70266
2.1563260555267334,70266
2.1572093963623047,70266
2.158092975616455,70266
2.1594014167785645,70266
2.160285234451294,70266
2.1611695289611816,70266
2.1620497703552246,70266
2.1633546352386475,70266
2.1642377376556396,70266
2.1651201248168945,70266
2.166015148162842,70266
2.167323350906372,70266
2.168205499649048,70266
2.1690895557403564,70266
2.170395851135254,70266
2.1712846755981445,70266
2.1721677780151367,70266
2.173051118850708,70266
2.1743571758270264,70266
2.1752421855926514,70266
2.1761341094970703,70266
2.1770169734954834,70266
2.1783223152160645,70266
2.179206371307373,70266
2.180087089538574,70266
2.181392192840576,70266
2.18227481842041,70266
2.183155059814453,70266
2.1840386390686035,70266
2.185344696044922,70266
2.186237096786499,70266
2.187119722366333,70266
2.188004732131958,70266
2.189311981201172,70266
2.1901943683624268,70266
2.1910781860351562,70266
2.1923835277557373,70266
2.193267822265625,70266
2.1941490173339844,70266
2.1950318813323975,70266
2.196349859237671,70266
2.1972296237945557,70266
2.1981101036071777,70266
2.199416160583496,70266
2.2003016471862793,70266
2.2011849880218506,70266
2.202068328857422,70266
2.203373908996582,70266
2.2042527198791504,70266
2.2051329612731934,70266
2.2060294151306152,70266
2.2073352336883545,70266
2.2082176208496094,70266
2.2091000080108643,70266
2.21040678024292,70266
2.2112879753112793,70266
2.2121686935424805,70266
2.213052272796631,70266
2.214357614517212,70266
2.215237855911255,70266
2.2161312103271484,70266
2.2170162200927734,70266
2.218320369720459,70266
2.2192022800445557,70266
2.2200846672058105,70266
2.2213892936706543,70266
2.2222719192504883,70266
2.2231574058532715,70266
2.2240397930145264,70266
2.2253429889678955,70266
2.226234197616577,70266
2.2271156311035156,70266
2.2284231185913086,70266
2.2293076515197754,70266
2.2301905155181885,70266
2.2310726642608643,70266
2.2323741912841797,70266
2.2332563400268555,70266
2.2341387271881104,70266
2.235023260116577,70266
2.236340045928955,70266
2.2372219562530518,70266
2.2381012439727783,70266
2.2394046783447266,70266
2.2402870655059814,70266
2.2411701679229736,70266
2.2420506477355957,70266
2.2433559894561768,70266
2.2442378997802734,70266
2.2451183795928955,70266
2.246011734008789,70266
2.2473151683807373,70266
2.2481977939605713,70266
2.249080181121826,70266
2.250382661819458,70266
2.2512662410736084,70266
2.2521510124206543,70266
2.253034830093384,70266
2.2543418407440186,70266
2.255223035812378,70266
2.2561159133911133,70266
2.257417678833008,70266
2.258300542831421,70266
2.2591841220855713,70266
2.26006817817688,70266
2.2613728046417236,70266
2.262254476547241,70266
2.263141632080078,70266
2.264024257659912,70266
2.2653257846832275,70266
2.2662172317504883,70266
2.267097234725952,70266
2.268401622772217,70266
2.269286632537842,70266
2.270167827606201,70266
2.2710487842559814,70266
2.272353172302246,70266
2.273231029510498,70266
2.274113416671753,70266
2.2754197120666504,70266
2.2763140201568604,70266
2.2771944999694824,70266
2.2780771255493164,70266
2.2793805599212646,70266
2.280261754989624,70266
2.281146764755249,70266
2.282029628753662,70266
2.2833328247070312,70266
2.284215211868286,70266
2.2850964069366455,70266
2.2864129543304443,70266
2.287294864654541,70266
2.288177013397217,70266
2.2890586853027344,70266
2.290363073348999,70266
2.2912447452545166,70266
2.2921266555786133,70266
2.2930104732513428,70266
2.294316291809082,70266
2.295196533203125,70266
2.2960903644561768,70266
2.297394275665283,70266
2.298274517059326,70266
2.2991580963134766,70266
2.3000385761260986,70266
2.301340341567993,70266
2.3022210597991943,70266
2.3031015396118164,70266
2.3044075965881348,70266
2.3052902221679688,70266
2.3061811923980713,70266
2.3070621490478516,70266
2.308367967605591,70266
2.3092503547668457,70266
2.3101344108581543,70266
2.311040163040161,70266
2.3123457431793213,70266
2.3132240772247314,70266
2.3141021728515625,70266
2.315406084060669,70266
2.316300630569458,70266
2.3171820640563965,70266
2.3180646896362305,70266
2.3193697929382324,70266
2.3202521800994873,70266
2.321131944656372,70266
2.322012424468994,70266
2.323314905166626,70266
2.324199676513672,70266
2.3250842094421387,70266
2.3264012336730957,70266
2.3272955417633057,70266
2.328176498413086,70266
2.3290555477142334,70266
2.3303544521331787,70266
2.331235885620117,70266
2.332115888595581,70266
2.3334221839904785,70266
2.3343029022216797,70266
2.3351850509643555,70266
2.3360774517059326,70266
2.33738112449646,70266
2.338266372680664,70266
2.33915114402771,70266
2.3400328159332275,70266
2.3413331508636475,70266
2.3422138690948486,70266
2.3430943489074707,70266
2.344003915786743,70266
2.3453102111816406,70266
2.346203565597534,70266
2.3470864295959473,70266
2.3483965396881104,70266
2.349283218383789,70266
2.3501675128936768,70266
2.351053476333618,70266
2.3523619174957275,70266
2.353242874145508,70266
2.354123830795288,70266
2.355008840560913,70266
2.3563225269317627,70266
2.3572046756744385,70266
2.3580877780914307,70266
2.3593931198120117,70266
2.3602771759033203,70266
2.3611581325531006,70266
2.3620381355285645,70266
2.3633408546447754,70266
2.3642234802246094,70266
2.365107774734497,70266
2.366425037384033,70266
2.3673086166381836,70266
2.3681890964508057,70266
2.3690707683563232,70266
2.3703713417053223,70266
2.37125301361084,70266
2.372138500213623,70266
2.3730223178863525,70266
2.3743271827697754,70266
2.375206470489502,70266
2.3760976791381836,70266
2.3774006366729736,70266
2.378283739089966,70266
2.3791661262512207,70266
2.3800477981567383,70266
2.381351947784424,70266
2.3822360038757324,70266
2.3831138610839844,70266
2.3844218254089355,70266
2.385307550430298,70266
2.3862051963806152,70266
2.3870880603790283,70266
2.388392686843872,70266
2.389275074005127,70266
2.3901586532592773,70266
2.3910446166992188,70266
2.3923518657684326,70266
2.3932371139526367,70266
2.394120454788208,70266
2.395003318786621,70266
2.396319627761841,70266
2.3972008228302,70266
2.398084878921509,70266
2.3993890285491943,70266
2.4002699851989746,70266
2.401153326034546,70266
2.402038097381592,70266
2.403341770172119,70266
2.404221773147583,70266
2.405103921890259,70266
2.406421422958374,70266
2.4073057174682617,70266
2.4081878662109375,70266
2.4090709686279297,70266
2.410374879837036,70266
2.4112584590911865,70266
2.4121408462524414,70266
2.4130256175994873,70266
2.4143295288085938,70266
2.4152095317840576,70266
2.416100263595581,70266
2.4174067974090576,70266
2.418290376663208,70266
2.419174909591675,70266
2.4200572967529297,70266
2.4213619232177734,70266
2.422246217727661,70266
2.423128366470337,70266
2.424010992050171,70266
2.4253146648406982,70266
2.4262096881866455,70266
2.4270927906036377,70266
2.428401470184326,70266
2.429285764694214,70266
2.4301698207855225,70266
2.4310543537139893,70266
2.432358741760254,70266
2.4332399368286133,70266
2.4341206550598145,70266
2.4350030422210693,70266
2.436319589614868,70266
2.4372034072875977,70266
2.4380860328674316,70266
2.439391851425171,70266
2.4402732849121094,70266
2.441155433654785,70266
2.4420418739318848,70266
2.443345785140991,70266
2.4442272186279297,70266
2.4451072216033936,70266
2.446418523788452,70266
2.447300434112549,70266
2.4481823444366455,70266
2.4490621089935303,70266
2.4503655433654785,70266
2.4512453079223633,70266
2.45212984085083,70266
2.453012704849243,70266
2.4543159008026123,70266
2.4551963806152344,70266
2.4560909271240234,70266
2.4573919773101807,70266
2.4582717418670654,70266
2.459152936935425,70266
2.460036516189575,70266
2.4613404273986816,70266
2.4622230529785156,70266
2.4631056785583496,70266
2.4644100666046143,70266
2.465291738510132,70266
2.466184616088867,70266
2.4670679569244385,70266
2.468374490737915,70266
2.4692559242248535,70266
2.4701333045959473,70266
2.471014976501465,70266
2.472321033477783,70266
2.473203420639038,70266
2.474088430404663,70266
2.475393295288086,70266
2.476290702819824,70266
2.47717547416687,70266
2.4780571460723877,70266
2.4793598651885986,70266
2.4802417755126953,70266
2.4811244010925293,70266
2.482009172439575,70266
2.4833128452301025,70266
2.484194278717041,70266
2.485076427459717,70266
2.4863884449005127,70266
2.487271308898926,70266
2.4881560802459717,70266
2.489039421081543,70266
2.4903433322906494,70266
2.491224527359009,70266
2.492105484008789,70266
2.493413209915161,70266
2.4942948818206787,70266
2.495175361633301,70266
2.496065378189087,70266
2.4973690509796143,70266
2.4982492923736572,70266
2.4991307258605957,70266
2.5000109672546387,70266
2.501316547393799,70266
2.502199411392212,70266
2.5030810832977295,70266
2.5043859481811523,70266
2.50526762008667,70266
2.5061655044555664,70266
2.507050037384033,70266
2.508358955383301,70266
2.5092413425445557,70266
2.510119676589966,70266
2.5114221572875977,70266
2.512303352355957,70266
2.5131874084472656,70266
2.514070749282837,70266
2.515378952026367,70266
2.516270637512207,70266
2.5171523094177246,70266
2.5180349349975586,70266
2.5193428993225098,70266
2.520223617553711,70266
2.521104335784912,70266
2.522407293319702,70266
2.5232884883880615,70266
2.5241689682006836,70266
2.525050640106201,70266
2.5263619422912598,70266
2.52724552154541,70266
2.5281260013580322,70266
2.529010534286499,70266
2.530313014984131,70266
2.5311944484710693,70266
2.5320754051208496,70266
2.5333807468414307,70266
2.534262180328369,70266
2.5351452827453613,70266
2.5360374450683594,70266
2.537341356277466,70266
2.5382192134857178,70266
2.5390992164611816,70266
2.54040265083313,70266
2.5412840843200684,70266
2.542163372039795,70266
2.5430448055267334,70266
2.544374465942383,70266
2.5452542304992676,70266
2.546151638031006,70266
2.5470335483551025,70266
2.548340320587158,70266
2.54921817779541,70266
2.550097703933716,70266
2.5514001846313477,70266
2.5522818565368652,70266
2.5531628131866455,70266
2.5540480613708496,70266
2.5553483963012695,70266
2.556238889694214,70266
2.5571179389953613,70266
2.5582449436187744,70266
2.5593628883361816,70266
2.560246229171753,70266
2.5611281394958496,70266
2.5620272159576416,70266
2.5633351802825928,70266
2.564232587814331,70266
2.565114736557007,70266
2.5660104751586914,70266
2.5673344135284424,70266
2.5682363510131836,70266
2.569119691848755,70266
2.57000470161438,70266
2.5713305473327637,70266
2.5722150802612305,70266
2.5731112957000732,70266
2.574415683746338,70266
2.5752995014190674,70266
2.5761921405792236,70266
2.5770771503448486,70266
2.578378915786743,70266
2.5792593955993652,70266
2.5801432132720947,70266
2.581026792526245,70266
2.5823285579681396,70266
2.58320951461792,70266
2.584091901779175,70266
2.5853984355926514,70266
2.5862913131713867,70266
2.5871734619140625,70266
2.5880556106567383,70266
2.589359760284424,70266
2.5902442932128906,70266
2.5911264419555664,70266
2.5920097827911377,70266
2.5933096408843994,70266
2.594193458557129,70266
2.5950775146484375,70266
2.596395254135132,70266
2.5972769260406494,70266
2.598159074783325,70266
2.5990450382232666,70266
2.6003482341766357,70266
2.601228713989258,70266
2.6021101474761963,70266
2.6034152507781982,70266
2.6042988300323486,70266
2.605179786682129,70266
2.606069803237915,70266
2.6073741912841797,70266
2.60825514793396,70266
2.6091365814208984,70266
2.6100189685821533,70266
2.6113271713256836,70266
2.612208366394043,70266
2.613091468811035,70266
2.6143999099731445,70266
2.6152825355529785,70266
2.616173505783081,70266
2.6170544624328613,70266
2.6183550357818604,70266
2.6192359924316406,70266
2.620117425918579,70266
2.6214184761047363,70266
2.6222994327545166,70266
2.6231863498687744,70266
2.624077796936035,70266
2.625380039215088,70266
2.6262693405151367,70266
2.6271519660949707,70266
2.6280322074890137,70266
2.629354476928711,70266
2.6302335262298584,70266
2.631133556365967,70266
2.6320321559906006,70266
2.6333377361297607,70266
2.634216547012329,70266
2.635096549987793,70266
2.636409044265747,70266
2.637291193008423,70266
2.6381707191467285,70266
2.6390509605407715,70266
2.640352725982666,70266
2.641233205795288,70266
2.6421120166778564,70266
2.6434128284454346,70266
2.644294261932373,70266
2.6451752185821533,70266
2.6460633277893066,70266
2.647368907928467,70266
2.648247003555298,70266
2.6491267681121826,70266
2.65000581741333,70266
2.651306629180908,70266
2.6521854400634766,70266
2.6530652046203613,70266
2.6543679237365723,70266
2.6552493572235107,70266
2.6561391353607178,70266
2.657020092010498,70266
2.658320188522339,70266
2.659200429916382,70266
2.6600823402404785,70266
2.661383628845215,70266
2.662264108657837,70266
2.663145065307617,70266
2.6640257835388184,70266
2.6653270721435547,70266
2.666224718093872,70266
2.6671061515808105,70266
2.6684091091156006,70266
2.6692886352539062,70266
2.670173168182373,70266
2.6710524559020996,70266
2.6723554134368896,70266
2.673236608505249,70266
2.6741206645965576,70266
2.6750073432922363,70266
2.6763246059417725,70266
2.6772072315216064,70266
2.678086042404175,70266
2.6793904304504395,70266
2.6802730560302734,70266
2.6811563968658447,70266
2.682039260864258,70266
2.6833415031433105,70266
2.6842198371887207,70266
2.6850993633270264,70266
2.6864118576049805,70266
2.6872951984405518,70266
2.6881752014160156,70266
2.6890549659729004,70266
2.6903576850891113,70266
2.6912384033203125,70266
2.692117214202881,70266
2.6934173107147217,70266
2.6942996978759766,70266
2.695180654525757,70266
2.696068525314331,70266
2.6973702907562256,70266
2.698251962661743,70266
2.6991333961486816,70266
2.70001482963562,70266
2.70131516456604,70266
2.7021963596343994,70266
2.7030787467956543,70266
2.704383134841919,70266
2.7052652835845947,70266
2.7061614990234375,70266
2.707043170928955,70266
2.708345651626587,70266
2.709225654602051,70266
2.7101073265075684,70266
2.711408853530884,70266
2.7122912406921387,70266
2.713169574737549,70266
2.7140514850616455,70266
2.7153565883636475,70266
2.7162468433380127,70266
2.7171268463134766,70266
2.718008518218994,70266
2.7193100452423096,70266
2.720191478729248,70266
2.721071481704712,70266
2.722371816635132,70266
2.723250150680542,70266
2.7241320610046387,70266
2.72501277923584,70266
2.7263262271881104,70266
2.727205753326416,70266
2.7280867099761963,70266
2.72938871383667,70266
2.7302703857421875,70266
2.7311527729034424,70266
2.732034683227539,70266
2.73334002494812,70266
2.734222412109375,70266
2.735100507736206,70266
2.736412286758423,70266
2.7372937202453613,70266
2.738175868988037,70266
2.7390551567077637,70266
2.740356922149658,70266
2.7412378787994385,70266
2.7421178817749023,70266
2.7434194087982178,70266
2.744326114654541,70266
2.745206117630005,70266
2.746098279953003,70266
2.747398853302002,70266
2.7482800483703613,70266
2.7491614818573,70266
2.7500414848327637,70266
2.7513387203216553,70266
2.7522170543670654,70266
2.753095865249634,70266
2.754396915435791,70266
2.755277395248413,70266
2.756171703338623,70266
2.7570512294769287,70266
2.7583553791046143,70266
2.759235382080078,70266
2.7601168155670166,70266
2.7614197731018066,70266
2.762302875518799,70266
2.763181209564209,70266
2.7640621662139893,70266
2.765359878540039,70266
2.7662503719329834,70266
2.76713228225708,70266
2.768014669418335,70266
2.7693145275115967,70266
2.7701961994171143,70266
2.771077871322632,70266
2.772378921508789,70266
2.773258686065674,70266
2.774138927459717,70266
2.77502179145813,70266
2.776334762573242,70266
2.7772154808044434,70266
2.778095006942749,70266
2.7793972492218018,70266
2.7802791595458984,70266
2.7811620235443115,70266
2.782046318054199,70266
2.7833468914031982,70266
2.784227132797241,70266
2.7851076126098633,70266
2.7864203453063965,70266
2.787306308746338,70266
2.788187265396118,70266
2.7890682220458984,70266
2.790371894836426,70266
2.7912511825561523,70266
2.792130947113037,70266
2.793011426925659,70266
2.794312000274658,70266
2.7951929569244385,70266
2.7960848808288574,70266
2.7973885536193848,70266
2.7982685565948486,70266
2.7991526126861572,70266
2.8000359535217285,70266
2.8013393878936768,70266
2.8022212982177734,70266
2.8030993938446045,70266
2.8044028282165527,70266
2.8052845001220703,70266
2.806178569793701,70266
2.807058811187744,70266
2.808363914489746,70266
2.8092455863952637,70266
2.8101251125335693,70266
2.811006784439087,70266
2.8123087882995605,70266
2.813189744949341,70266
2.8140714168548584,70266
2.8153679370880127,70266
2.816256523132324,70266
2.817136764526367,70266
2.818016529083252,70266
2.819315195083618,70266
2.8201944828033447,70266
2.8210742473602295,70266
2.8223748207092285,70266
2.8232533931732178,70266
2.82413387298584,70266
2.8250157833099365,70266
2.8263304233551025,70266
2.827211618423462,70266
2.828094005584717,70266
2.829397201538086,70266
2.8302786350250244,70266
2.8311619758605957,70266
2.8320460319519043,70266
2.8333494663238525,70266
2.834233045578003,70266
2.835114002227783,70266
2.836005449295044,70266
2.837306499481201,70266
2.8381869792938232,70266
2.8390684127807617,70266
2.8403704166412354,70266
2.841250419616699,70266
2.842130184173584,70266
2.8430123329162598,70266
2.8443148136138916,70266
2.845196485519409,70266
2.8460893630981445,70266
2.8473970890045166,70266
2.848283529281616,70266
2.8491649627685547,70266
2.850046396255493,70266
2.851353645324707,70266
2.852236032485962,70266
2.8531157970428467,70266
2.8544247150421143,70266
2.8553106784820557,70266
2.85620379447937,70266
2.8570873737335205,70266
2.8584067821502686,70266
2.859292984008789,70266
2.8601760864257812,70266
2.861078977584839,70266
2.8624086380004883,70266
2.8632943630218506,70266
2.8641765117645264,70266
2.8650593757629395,70266
2.866377115249634,70266
2.8672616481781006,70266
2.8681468963623047,70266
2.8690319061279297,70266
2.870333433151245,70266
2.8712151050567627,70266
2.8720972537994385,70266
2.873401165008545,70266
2.874285936355591,70266
2.8751676082611084,70266
2.8760597705841064,70266
2.8773624897003174,70266
2.8782448768615723,70266
2.879119873046875,70266
2.8804233074188232,70266
2.8813090324401855,70266
2.8821916580200195,70266
2.8830761909484863,70266
2.8843798637390137,70266
2.8852598667144775,70266
2.88615345954895,70266
2.887036085128784,70266
2.888340711593628,70266
2.8892245292663574,70266
2.890106678009033,70266
2.891409397125244,70266
2.892289876937866,70266
2.8931708335876465,70266
2.8940532207489014,70266
2.8953685760498047,70266
2.8962628841400146,70266
2.897151231765747,70266
2.8980331420898438,70266
2.8993332386016846,70266
2.9002158641815186,70266
2.9010963439941406,70266
2.902400255203247,70266
2.9032845497131348,70266
2.904167652130127,70266
2.90505051612854,70266
2.9063591957092285,70266
2.9072394371032715,70266
2.9081177711486816,70266
2.909421443939209,70266
2.9103050231933594,70266
2.9111886024475098,70266
2.912067413330078,70266
2.91337251663208,70266
2.914252996444702,70266
2.9151360988616943,70266
2.916029453277588,70266
2.9173386096954346,70266
2.9182236194610596,70266
2.9191038608551025,70266
2.9204049110412598,70266
2.9212863445281982,70266
2.922166347503662,70266
2.9230494499206543,70266
2.9243555068969727,70266
2.9252381324768066,70266
2.92612886428833,70266
2.927011489868164,70266
2.9283125400543213,70266
2.9291927814483643,70266
2.9300730228424072,70266
2.9313766956329346,70266
2.932255983352661,70266
2.9331398010253906,70266
2.9340198040008545,70266
2.9353220462799072,70266
2.9362151622772217,70266
2.937096357345581,70266
2.938398599624634,70266
2.9392828941345215,70266
2.9401657581329346,70266
2.941046714782715,70266
2.9423508644104004,70266
2.9432311058044434,70266
2.9441330432891846,70266
2.945033311843872,70266
2.946347951889038,70266
2.9472310543060303,70266
2.9481124877929688,70266
2.949416399002075,70266
2.9502995014190674,70266
2.951181411743164,70266
2.952064275741577,70266
2.9533679485321045,70266
2.954249143600464,70266
2.9551308155059814,70266
2.956024408340454,70266
2.9573309421539307,70266
2.95821213722229,70266
2.959094524383545,70266
2.9603981971740723,70266
2.9612815380096436,70266
2.9621775150299072,70266
2.9630613327026367,70266
2.964364528656006,70266
2.965247392654419,70266
2.966139793395996,70266
2.9670236110687256,70266
2.968341112136841,70266
2.969221591949463,70266
2.970104694366455,70266
2.9710090160369873,70266
2.972313642501831,70266
2.973198413848877,70266
2.9740827083587646,70266
2.9753870964050293,70266
2.9762768745422363,70266
2.9771621227264404,70266
2.978045701980591,70266
2.979351043701172,70266
2.9802310466766357,70266
2.9811089038848877,70266
2.982410192489624,70266
2.983292579650879,70266
2.9841747283935547,70266
2.9850568771362305,70266
2.986370325088501,70266
2.987251043319702,70266
2.9881324768066406,70266
2.9890172481536865,70266
2.9903206825256348,70266
2.9911983013153076,70266
2.992079973220825,70266
2.993385076522827,70266
2.9942636489868164,70266
2.9951460361480713,70266
2.996039867401123,70266
2.997344493865967,70266
2.9982216358184814,70266
2.9990994930267334,70266
3.000401496887207,70266
3.0012829303741455,70266
3.0021660327911377,70266
3.003046989440918,70266
3.00435471534729,70266
3.0052342414855957,70266
3.006124496459961,70266
3.007007122039795,70266
3.008326292037964,70266
3.0092086791992188,70266
3.0101113319396973,70266
3.0110154151916504,70266
3.012319564819336,70266
3.013199806213379,70266
3.0140833854675293,70266
3.0153915882110596,70266
3.016286611557007,70266
3.0171682834625244,70266
3.0180504322052,70266
3.0193567276000977,70266
3.020237445831299,70266
3.0211193561553955,70266
3.022420883178711,70266
3.0233044624328613,70266
3.024183988571167,70266
3.025062084197998,70266
3.0263748168945312,70266
3.0272552967071533,70266
3.028134346008301,70266
3.0290160179138184,70266
3.0303220748901367,70266
3.031207799911499,70266
3.0320885181427,70266
3.0333924293518066,70266
3.0342750549316406,70266
3.0351572036743164,70266
3.0360493659973145,70266
3.037353992462158,70266
3.0382330417633057,70266
3.0391123294830322,70266
3.0404183864593506,70266
3.041302442550659,70266
3.0421853065490723,70266
3.0430686473846436,70266
3.044370412826538,70266
3.0452511310577393,70266
3.0461409091949463,70266
3.0470242500305176,70266
3.048326253890991,70266
3.049206495285034,70266
3.0500893592834473,70266
3.0513904094696045,70266
3.052272081375122,70266
3.053152322769165,70266
3.054034948348999,70266
3.0553383827209473,70266
3.0562283992767334,70266
3.0571088790893555,70266
3.0584144592285156,70266
3.05930233001709,70266
3.060185194015503,70266
3.061065912246704,70266
3.0623693466186523,70266
3.063250780105591,70266
3.0641305446624756,70266
3.065012216567993,70266
3.0663251876831055,70266
3.0672080516815186,70266
3.068086862564087,70266
3.069391965866089,70266
3.070275068283081,70266
3.0711586475372314,70266
3.072039842605591,70266
3.0733447074890137,70266
3.0742242336273193,70266
3.075103759765625,70266
3.076415538787842,70266
3.077298879623413,70266
3.0781800746917725,70266
3.0790598392486572,70266
3.0803608894348145,70266
3.0812430381774902,70266
3.0821220874786377,70266
3.083003282546997,70266
3.084304094314575,70266
3.0851876735687256,70266
3.0860815048217773,70266
3.087383508682251,70266
3.088261365890503,70266
3.0891404151916504,70266
3.0900211334228516,70266
3.0913245677948,70266
3.09220552444458,70266
3.0930874347686768,70266
3.094388723373413,70266
3.095268726348877,70266
3.0961570739746094,70266
3.0970380306243896,70266
3.0983431339263916,70266
3.099222421646118,70266
3.1001014709472656,70266
3.101404905319214,70266
3.1022865772247314,70266
3.1031668186187744,70266
3.1040472984313965,70266
3.105353593826294,70266
3.1062419414520264,70266
3.107121467590332,70266
3.1080052852630615,70266
3.109306812286377,70266
3.11018705368042,70266
3.1110682487487793,70266
3.112367868423462,70266
3.1132466793060303,70266
3.114126443862915,70266
3.115007162094116,70266
3.1163218021392822,70266
3.1172051429748535,70266
3.1180877685546875,70266
3.119394063949585,70266
3.1202774047851562,70266
3.121159553527832,70266
3.1220412254333496,70266
3.1233420372009277,70266
3.12422251701355,70266
3.1251001358032227,70266
3.126413106918335,70266
3.1272964477539062,70266
3.1281774044036865,70266
3.1290576457977295,70266
3.1303627490997314,70266
3.131243944168091,70266
3.1321237087249756,70266
3.1330056190490723,70266
3.1343088150024414,70266
3.1351888179779053,70266
3.1360771656036377,70266
3.1373798847198486,70266
3.13826060295105,70266
3.139141798019409,70266
3.1400229930877686,70266
3.1413257122039795,70266
3.1422061920166016,70266
3.143087148666382,70266
3.1444125175476074,70266
3.145296335220337,70266
3.146191358566284,70266
3.147075891494751,70266
3.148407459259033,70266
3.1492934226989746,70266
3.1501760482788086,70266
3.1510581970214844,70266
3.1523613929748535,70266
3.1532442569732666,70266
3.1541261672973633,70266
3.1550099849700928,70266
3.156323194503784,70266
3.1572041511535645,70266
3.158086061477661,70266
3.159391164779663,70266
3.160273790359497,70266
3.161153554916382,70266
3.1620378494262695,70266
3.1633460521698,70266
3.164224863052368,70266
3.1651034355163574,70266
3.1660115718841553,70266
3.1673147678375244,70266
3.1681954860687256,70266
3.169074773788452,70266
3.1703758239746094,70266
3.1712560653686523,70266
3.172140121459961,70266
3.173022985458374,70266
3.174326181411743,70266
3.1752071380615234,70266
3.1760971546173096,70266
3.177394151687622,70266
3.178273916244507,70266
3.1791579723358154,70266
3.180039167404175,70266
3.181342840194702,70266
3.182222843170166,70266
3.183103084564209,70266
3.184408664703369,70266
3.1852922439575195,70266
3.186185121536255,70266
3.187065601348877,70266
3.188366174697876,70266
3.189249277114868,70266
3.190129518508911,70266
3.191011667251587,70266
3.1923117637634277,70266
3.193192958831787,70266
3.194075107574463,70266
3.195378541946411,70266
3.196270704269409,70266
3.197152614593506,70266
3.198033571243286,70266
3.1993329524993896,70266
3.200211524963379,70266
3.2010910511016846,70266
3.2023961544036865,70266
3.203277587890625,70266
3.204158306121826,70266
3.2050390243530273,70266
3.2063522338867188,70266
3.2072317600250244,70266
3.2081170082092285,70266
3.2094218730926514,70266
3.2103047370910645,70266
3.211186170578003,70266
3.212066411972046,70266
3.213369131088257,70266
3.2142481803894043,70266
3.215127944946289,70266
3.2160227298736572,70266
3.217329978942871,70266
3.2182087898254395,70266
3.2190895080566406,70266
3.2203927040100098,70266
3.2212717533111572,70266
3.222153663635254,70266
3.2230372428894043,70266
3.2243409156799316,70266
3.2252213954925537,70266
3.2261111736297607,70266
3.227418899536133,70266
3.228301763534546,70266
3.2291860580444336,70266
3.2300679683685303,70266
3.2313668727874756,70266
3.2322447299957275,70266
3.2331249713897705,70266
3.2340047359466553,70266
3.2353060245513916,70266
3.2361977100372314,70266
3.2370798587799072,70266
3.238379716873169,70266
3.239259958267212,70266
3.2401442527770996,70266
3.2410264015197754,70266
3.2423274517059326,70266
3.243206739425659,70266
3.244086503982544,70266
3.245389223098755,70266
3.2462785243988037,70266
3.247159957885742,70266
3.2480411529541016,70266
3.249343156814575,70266
3.250221014022827,70266
3.2511022090911865,70266
3.252406358718872,70266
3.2532882690429688,70266
3.25416898727417,70266
3.2550482749938965,70266
3.2563610076904297,70266
3.257241725921631,70266
3.2581193447113037,70266
3.25942063331604,70266
3.2603037357330322,70266
3.2611846923828125,70266
3.2620675563812256,70266
3.2633700370788574,70266
3.2642526626586914,70266
3.2651329040527344,70266
3.2660231590270996,70266
3.2673254013061523,70266
3.268204927444458,70266
3.2690846920013428,70266
3.2703857421875,70266
3.271265745162964,70266
3.272148609161377,70266
3.27303147315979,70266
3.2743382453918457,70266
3.2752208709716797,70266
3.2761123180389404,70266
3.277419328689575,70266
3.278303384780884,70266
3.2791852951049805,70266
3.2800657749176025,70266
3.2813687324523926,70266
3.282249689102173,70266
3.2831313610076904,70266
3.2840137481689453,70266
3.2853145599365234,70266
3.2862045764923096,70266
3.2870874404907227,70266
3.288388252258301,70266
3.2892677783966064,70266
3.2901480197906494,70266
3.291032075881958,70266
3.2923383712768555,70266
3.293217182159424,70266
3.2940969467163086,70266
3.2954013347625732,70266
3.296293258666992,70266
3.2971746921539307,70266
3.298055410385132,70266
3.2993602752685547,70266
3.300243854522705,70266
3.3011226654052734,70266
3.3020050525665283,70266
3.3033063411712646,70266
3.3041863441467285,70266
3.305068254470825,70266
3.3063836097717285,70266
3.307265043258667,70266
3.3081459999084473,70266
3.3090271949768066,70266
3.310328483581543,70266
3.3112361431121826,70266
3.3121190071105957,70266
3.3134207725524902,70266
3.3143043518066406,70266
3.315185308456421,70266
3.3160736560821533,70266
3.317375421524048,70266
3.3182566165924072,70266
3.319133996963501,70266
3.320016622543335,70266
3.3213183879852295,70266
3.3221981525421143,70266
3.3230769634246826,70266
3.32437801361084,70266
3.3252594470977783,70266
3.326152801513672,70266
3.327033758163452,70266
3.328336238861084,70266
3.3292152881622314,70266
3.3300981521606445,70266
3.3313982486724854,70266
3.3322806358337402,70266
3.333160638809204,70266
3.334043502807617,70266
3.3353474140167236,70266
3.3362374305725098,70266
3.3371191024780273,70266
3.338421583175659,70266
3.3393044471740723,70266
3.3401873111724854,70266
3.3410680294036865,70266
3.342369556427002,70266
3.343248128890991,70266
3.344151258468628,70266
3.3450331687927246,70266
3.3463494777679443,70266
3.347233295440674,70266
3.3481128215789795,70266
3.349411725997925,70266
3.350294589996338,70266
3.3511757850646973,70266
3.352055311203003,70266
3.3533573150634766,70266
3.354235887527466,70266
3.355114698410034,70266
3.356006383895874,70266
3.357309579849243,70266
3.3581910133361816,70266
3.359072208404541,70266
3.3603739738464355,70266
3.361254930496216,70266
3.362135171890259,70266
3.3630197048187256,70266
3.3643200397491455,70266
3.365199089050293,70266
3.366088628768921,70266
3.3673884868621826,70266
3.3682687282562256,70266
3.3691511154174805,70266
3.370034694671631,70266
3.371338129043579,70266
3.372220516204834,70266
3.373098134994507,70266
3.3744056224823,70266
3.3752923011779785,70266
3.3761849403381348,70266
3.3770663738250732,70266
3.378365993499756,70266
3.3792471885681152,70266
3.380128860473633,70266
3.381010055541992,70266
3.3823108673095703,70266
3.383190155029297,70266
3.384068250656128,70266
3.385368585586548,70266
3.386256456375122,70266
3.3871381282806396,70266
3.388018846511841,70266
3.3893208503723145,70266
3.3902015686035156,70266
3.3910844326019287,70266
3.3923888206481934,70266
3.393268585205078,70266
3.3941495418548584,70266
3.3950304985046387,70266
3.3963425159454346,70266
3.3972222805023193,70266
3.398101329803467,70266
3.399400234222412,70266
3.4002795219421387,70266
3.4011619091033936,70266
3.402043104171753,70266
3.4033432006835938,70266
3.4042205810546875,70266
3.4051015377044678,70266
3.406418561935425,70266
3.407301902770996,70266
3.4081833362579346,70266
3.4090638160705566,70266
3.4103658199310303,70266
3.4112486839294434,70266
3.4121289253234863,70266
3.4130122661590576,70266
3.4143173694610596,70266
3.4152026176452637,70266
3.416095018386841,70266
3.417395830154419,70266
3.4182796478271484,70266
3.4191620349884033,70266
3.4200427532196045,70266
3.421344518661499,70266
3.422224521636963,70266
3.4231009483337402,70266
3.424402952194214,70266
3.4252829551696777,70266
3.426175117492676,70266
3.4270544052124023,70266
3.4283595085144043,70266
3.4292428493499756,70266
3.4301223754882812,70266
3.4310061931610107,70266
3.4323081970214844,70266
3.4331893920898438,70266
3.4340691566467285,70266
3.4353699684143066,70266
3.4362571239471436,70266
3.437138795852661,70266
3.4380195140838623,70266
3.439319610595703,70266
3.4401986598968506,70266
3.441077947616577,70266
3.44238018989563,70266
3.4432640075683594,70266
3.444143772125244,70266
3.445026159286499,70266
3.4463424682617188,70266
3.44722318649292,70266
3.44810152053833,70266
3.4494035243988037,70266
3.4502835273742676,70266
3.4511632919311523,70266
3.452043056488037,70266
3.453342914581299,70266
3.4542243480682373,70266
3.4551050662994385,70266
3.4564192295074463,70266
3.457301616668701,70266
3.458184003829956,70266
3.4590656757354736,70266
3.460369348526001,70266
3.461250066757202,70266
3.462130308151245,70266
3.4630110263824463,70266
3.4643115997314453,70266
3.4651927947998047,70266
3.4660837650299072,70266
3.4673852920532227,70266
3.4682652950286865,70266
3.4691457748413086,70266
3.470024347305298,70266
3.4713242053985596,70266
3.4722042083740234,70266
3.4730842113494873,70266
3.4743857383728027,70266
3.475269079208374,70266
3.4761626720428467,70266
3.477044105529785,70266
3.4783434867858887,70266
3.4792251586914062,70266
3.4801065921783447,70266
3.481410503387451,70266
3.4822933673858643,70266
3.4831764698028564,70266
3.4840569496154785,70266
3.4853570461273193,70266
3.486246109008789,70266
3.4871251583099365,70266
3.4880073070526123,70266
3.4893081188201904,70266
3.490187168121338,70266
3.4910683631896973,70266
3.492370843887329,70266
3.4932503700256348,70266
3.4941282272338867,70266
3.4950101375579834,70266
3.496324300765991,70266
3.497203826904297,70266
3.4980874061584473,70266
3.4993908405303955,70266
3.500271797180176,70266
3.501157283782959,70266
3.5020382404327393,70266
3.5033421516418457,70266
3.5042238235473633,70266
3.50510573387146,70266
3.506422996520996,70266
3.507308006286621,70266
3.508192300796509,70266
3.5090749263763428,70266
3.5103790760040283,70266
3.511258840560913,70266
3.5121374130249023,70266
3.5130205154418945,70266
3.5143258571624756,70266
3.5152058601379395,70266
3.516096591949463,70266
3.517397403717041,70266
3.5182783603668213,70266
3.5191595554351807,70266
3.5200393199920654,70266
3.521338939666748,70266
3.522217273712158,70266
3.523097038269043,70266
3.524402141571045,70266
3.525285005569458,70266
3.5261807441711426,70266
3.527060031890869,70266
3.5283632278442383,70266
3.5292437076568604,70266
3.5301239490509033,70266
3.531006097793579,70266
3.532309055328369,70266
3.5331928730010986,70266
3.5340723991394043,70266
3.535374641418457,70266
3.5362625122070312,70266
3.537144899368286,70266
3.53802752494812,70266
3.53933048248291,70266
3.5402097702026367,70266
3.541090250015259,70266
3.5423920154571533,70266
3.5432755947113037,70266
3.5441877841949463,70266
3.5450713634490967,70266
3.546389102935791,70266
3.5472707748413086,70266
3.5481531620025635,70266
3.5490338802337646,70266
3.550339698791504,70266
3.5512194633483887,70266
3.552097797393799,70266
3.5534019470214844,70266
3.55428409576416,70266
3.5551655292510986,70266
3.5560576915740967,70266
3.557360887527466,70266
3.558244228363037,70266
3.559467315673828,70266
3.560079574584961,70266
3.5613932609558105,70266
3.56229567527771,70266
3.5632004737854004,70266
3.5640876293182373,70266
3.5653960704803467,70266
3.566305160522461,70266
3.5672121047973633,70266
3.568094253540039,70266
3.569399118423462,70266
3.570300817489624,70266
3.5712037086486816,70266
3.5720884799957275,70266
3.5733959674835205,70266
3.574277877807617,70266
3.57515811920166,70266
3.57605242729187,70266
3.577359437942505,70266
3.578239679336548,70266
3.579120635986328,70266
3.5804216861724854,70266
3.5813069343566895,70266
3.582188367843628,70266
3.5830698013305664,70266
3.584373712539673,70266
3.585252285003662,70266
3.58614182472229,70266
3.5870254039764404,70266
3.5883290767669678,70266
3.5892117023468018,70266
3.5900940895080566,70266
3.591398239135742,70266
3.59228253364563,70266
3.5931639671325684,70266
3.5940468311309814,70266
3.595351219177246,70266
3.596242666244507,70266
3.59712290763855,70266
3.598005771636963,70266
3.5993101596832275,70266
3.600191354751587,70266
3.601072072982788,70266
3.6023781299591064,70266
3.603262186050415,70266
3.6041462421417236,70266
3.6050291061401367,70266
3.6063454151153564,70266
3.6072275638580322,70266
3.6081061363220215,70266
3.609410285949707,70266
3.6102938652038574,70266
3.611176013946533,70266
3.6120569705963135,70266
3.613358974456787,70266
3.614238977432251,70266
3.615117311477661,70266
3.6160097122192383,70266
3.6173148155212402,70266
3.6181960105895996,70266
3.619077205657959,70266
3.620377779006958,70266
3.6212575435638428,70266
3.6221413612365723,70266
3.623023271560669,70266
3.624326705932617,70266
3.6252102851867676,70266
3.6261038780212402,70266
3.627408742904663,70266
3.628290891647339,70266
3.629171133041382,70266
3.6300530433654785,70266
3.6313552856445312,70266
3.6322364807128906,70266
3.6331188678741455,70266
3.6344215869903564,70266
3.635305643081665,70266
3.636198043823242,70266
3.6370792388916016,70266
3.6383838653564453,70266
3.6392648220062256,70266
3.640148162841797,70266
3.641030788421631,70266
3.642334461212158,70266
3.643216848373413,70266
3.644096612930298,70266
3.645397424697876,70266
3.6462931632995605,70266
3.6471750736236572,70266
3.648056983947754,70266
3.6493616104125977,70266
3.6502416133880615,70266
3.651123285293579,70266
3.6520066261291504,70266
3.6533069610595703,70266
3.654188394546509,70266
3.6550731658935547,70266
3.656388282775879,70266
3.6572694778442383,70266
3.6581544876098633,70266
3.659036874771118,70266
3.660341262817383,70266
3.6612226963043213,70266
3.6621034145355225,70266
3.6634061336517334,70266
3.664287805557251,70266
3.665170431137085,70266
3.666060447692871,70266
3.667365312576294,70266
3.6682472229003906,70266
3.669127941131592,70266
3.670010805130005,70266
3.671316385269165,70266
3.672198534011841,70266
3.6730802059173584,70266
3.6743791103363037,70266
3.675259590148926,70266
3.6761534214019775,70266
3.6770331859588623,70266
3.6783366203308105,70266
3.6792187690734863,70266
3.6800999641418457,70266
3.6814019680023193,70266
3.682284355163574,70266
3.6831679344177246,70266
3.684047222137451,70266
3.6853482723236084,70266
3.6862359046936035,70266
3.6871161460876465,70266
3.688417911529541,70266
3.689300775527954,70266
3.6901843547821045,70266
3.69106388092041,70266
3.692368268966675,70266
3.693251848220825,70266
3.6941347122192383,70266
3.6950173377990723,70266
3.6963319778442383,70266
3.697216272354126,70266
3.6980974674224854,70266
3.699403762817383,70266
3.700289011001587,70266
3.701171636581421,70266
3.702054977416992,70266
3.703359842300415,70266
3.704240322113037,70266
3.705122947692871,70266
3.706017017364502,70266
3.7073214054107666,70266
3.7082018852233887,70266
3.709084987640381,70266
3.7103843688964844,70266
3.7112650871276855,70266
3.7121481895446777,70266
3.7130303382873535,70266
3.714332342147827,70266
3.7152132987976074,70266
3.716106653213501,70266
3.717409133911133,70266
3.7182905673980713,70266
3.719170093536377,70266
3.7200534343719482,70266
3.7213592529296875,70266
3.7222397327423096,70266
3.723116159439087,70266
3.724414110183716,70266
3.725297451019287,70266
3.7261929512023926,70266
3.727073907852173,70266
3.7283742427825928,70266
3.7292511463165283,70266
3.7301323413848877,70266
3.731013298034668,70266
3.7323169708251953,70266
3.7331974506378174,70266
3.7340800762176514,70266
3.735381841659546,70266
3.7362749576568604,70266
3.737159252166748,70266
3.738037586212158,70266
3.7393434047698975,70266
3.7402243614196777,70266
3.7411038875579834,70266
3.7424068450927734,70266
3.74328875541687,70266
3.7441952228546143,70266
3.745077133178711,70266
3.746391534805298,70266
3.7472755908966064,70266
3.7481601238250732,70266
3.749041795730591,70266
3.7503435611724854,70266
3.751225471496582,70266
3.752105951309204,70266
3.7534077167510986,70266
3.754291534423828,70266
3.7551724910736084,70266
3.7560629844665527,70266
3.757368564605713,70266
3.7582507133483887,70266
3.7591567039489746,70266
3.760042667388916,70266
3.7613468170166016,70266
3.76224684715271,70266
3.7631332874298096,70266
3.764017343521118,70266
3.7653210163116455,70266
3.7662124633789062,70266
3.7670934200286865,70266
3.768397331237793,70266
3.769282102584839,70266
3.7701659202575684,70266
3.7710487842559814,70266
3.7723546028137207,70266
3.7732367515563965,70266
3.774120330810547,70266
3.77500581741333,70266
3.7763209342956543,70266
3.777202606201172,70266
3.7780861854553223,70266
3.7793874740600586,70266
3.78027081489563,70266
3.781153678894043,70266
3.7820348739624023,70266
3.7833399772644043,70266
3.7842214107513428,70266
3.7851030826568604,70266
3.786419630050659,70266
3.7873055934906006,70266
3.7881903648376465,70266
3.7890729904174805,70266
3.790381908416748,70266
3.791266679763794,70266
3.7921509742736816,70266
3.79303240776062,70266
3.7943365573883057,70266
3.795217514038086,70266
3.7961087226867676,70266
3.797412395477295,70266
3.7982962131500244,70266
3.799182176589966,70266
3.8000645637512207,70266
3.8013720512390137,70266
3.802253484725952,70266
3.803135871887207,70266
3.804018020629883,70266
3.8053219318389893,70266
3.806215763092041,70266
3.807096242904663,70266
3.8084053993225098,70266
3.809290647506714,70266
3.8101768493652344,70266
3.811058521270752,70266
3.8123581409454346,70266
3.8132410049438477,70266
3.814122200012207,70266
3.8150055408477783,70266
3.8163206577301025,70266
3.81720232963562,70266
3.8180837631225586,70266
3.819387197494507,70266
3.820270299911499,70266
3.8211522102355957,70266
3.8220326900482178,70266
3.823336601257324,70266
3.824218511581421,70266
3.8250999450683594,70266
3.82641339302063,70266
3.8272995948791504,70266
3.8281843662261963,70266
3.8290669918060303,70266
3.830371379852295,70266
3.831251382827759,70266
3.8321330547332764,70266
3.833015203475952,70266
3.834320545196533,70266
3.835205078125,70266
3.83609676361084,70266
3.837402582168579,70266
3.838285446166992,70266
3.8391659259796143,70266
3.8400466442108154,70266
3.8413517475128174,70266
3.8422346115112305,70266
3.84311842918396,70266
3.8444225788116455,70266
3.845308303833008,70266
3.8462014198303223,70266
3.847083330154419,70266
3.8483850955963135,70266
3.8492679595947266,70266
3.850151300430298,70266
3.85103702545166,70266
3.8523597717285156,70266
3.853243112564087,70266
3.854125738143921,70266
3.8550283908843994,70266
3.856358289718628,70266
3.857239246368408,70266
3.8581197261810303,70266
3.8590033054351807,70266
3.860307216644287,70266
3.861189126968384,70266
3.862071990966797,70266
3.8633742332458496,70266
3.8642525672912598,70266
3.865135669708252,70266
3.866032361984253,70266
3.867337226867676,70266
3.868218421936035,70266
3.869098663330078,70266
3.8704051971435547,70266
3.871288537979126,70266
3.872171640396118,70266
3.873053550720215,70266
3.874361991882324,70266
3.875242233276367,70266
3.876131534576416,70266
3.8770134449005127,70266
3.8783154487609863,70266
3.8791964054107666,70266
3.8800759315490723,70266
3.881377935409546,70266
3.8822591304779053,70266
3.8831422328948975,70266
3.8840267658233643,70266
3.885328531265259,70266
3.886218309402466,70266
3.887099504470825,70266
3.888402223587036,70266
3.8892860412597656,70266
3.8901662826538086,70266
3.8910484313964844,70266
3.892350435256958,70266
3.8932301998138428,70266
3.8941099643707275,70266
3.8954124450683594,70266
3.8963050842285156,70266
3.897183895111084,70266
3.8980627059936523,70266
3.899369478225708,70266
3.9002525806427,70266
3.9011363983154297,70266
3.9020204544067383,70266
3.9033291339874268,70266
3.9042105674743652,70266
3.9050893783569336,70266
3.906404733657837,70266
3.9072890281677246,70266
3.908170461654663,70266
3.9090535640716553,70266
3.9103572368621826,70266
3.911235809326172,70266
3.9121174812316895,70266
3.913419723510742,70266
3.914301633834839,70266
3.9151837825775146,70266
3.916074514389038,70266
3.917379856109619,70266
3.918262243270874,70266
3.919142961502075,70266
3.9200246334075928,70266
3.921326160430908,70266
3.9222092628479004,70266
3.9230899810791016,70266
3.9243955612182617,70266
3.925279378890991,70266
3.9261715412139893,70266
3.9270553588867188,70266
3.928359270095825,70266
3.9292409420013428,70266
3.930121421813965,70266
3.9310057163238525,70266
3.9323134422302246,70266
3.933199405670166,70266
3.9340856075286865,70266
3.9353904724121094,70266
3.936281442642212,70266
3.937166690826416,70266
3.938046932220459,70266
3.9393551349639893,70266
3.9402430057525635,70266
3.9411261081695557,70266
3.942007303237915,70266
3.943308115005493,70266
3.944216012954712,70266
3.945101261138916,70266
3.9464197158813477,70266
3.9473066329956055,70266
3.9481892585754395,70266
3.9490702152252197,70266
3.950373888015747,70266
3.9512529373168945,70266
3.9521350860595703,70266
3.953019857406616,70266
3.9543235301971436,70266
3.9552054405212402,70266
3.956098794937134,70266
3.957402467727661,70266
3.9582862854003906,70266
3.959169626235962,70266
3.960054874420166,70266
3.961359977722168,70266
3.9622421264648438,70266
3.963125705718994,70266
3.9640111923217773,70266
3.9653141498565674,70266
3.966207981109619,70266
3.967089891433716,70266
3.968395709991455,70266
3.9692795276641846,70266
3.9701626300811768,70266
3.971045970916748,70266
3.9723503589630127,70266
3.9732298851013184,70266
3.9741122722625732,70266
3.9754159450531006,70266
3.976308584213257,70266
3.9771909713745117,70266
3.9780728816986084,70266
3.9793782234191895,70266
3.980259895324707,70266
3.98114275932312,70266
3.982025384902954,70266
3.983330249786377,70266
3.984210252761841,70266
3.9850916862487793,70266
3.9864065647125244,70266
3.987290859222412,70266
3.9881746768951416,70266
3.9890542030334473,70266
3.9903578758239746,70266
3.9912381172180176,70266
3.992119789123535,70266
3.993422746658325,70266
3.9943058490753174,70266
3.9951889514923096,70266
3.9960813522338867,70266
3.9973857402801514,70266
3.998267889022827,70266
3.9991517066955566,70266
4.000036954879761,70266
4.001340389251709,70266
4.002218723297119,70266
4.003101348876953,70266
4.004408836364746,70266
4.005290985107422,70266
4.0061891078948975,70266
4.007073163986206,70266
4.008373498916626,70266
4.0092551708221436,70266
4.010139226913452,70266
4.011022090911865,70266
4.0123302936553955,70266
4.013215065002441,70266
4.014095783233643,70266
4.015401363372803,70266
4.016294240951538,70266
4.017175912857056,70266
4.018057584762573,70266
4.019366264343262,70266
4.020249128341675,70266
4.021131753921509,70266
4.022015810012817,70266
4.023320198059082,70266
4.0241992473602295,70266
4.025080919265747,70266
4.026395082473755,70266
4.027276992797852,70266
4.028159141540527,70266
4.029041290283203,70266
4.03034234046936,70266
4.0312206745147705,70266
4.032100200653076,70266
4.033399820327759,70266
4.034285306930542,70266
4.035167932510376,70266
4.036058664321899,70266
4.037360906600952,70266
4.038239479064941,70266
4.0391199588775635,70266
4.040004014968872,70266
4.041305780410767,70266
4.0421881675720215,70266
4.043067693710327,70266
4.044370412826538,70266
4.045249700546265,70266
4.046141862869263,70266
4.047027587890625,70266
4.048330307006836,70266
4.049209833145142,70266
4.050091981887817,70266
4.051397085189819,70266
4.052279949188232,70266
4.053164005279541,70266
4.054046154022217,70266
4.055354356765747,70266
4.056245565414429,70266
4.057126045227051,70266
4.058011531829834,70266
4.0593156814575195,70266
4.060198545455933,70266
4.061079502105713,70266
4.062386989593506,70266
4.063270092010498,70266
4.064151048660278,70266
4.065035104751587,70266
4.06634783744812,70266
4.067229747772217,70266
4.068110704421997,70266
4.069417715072632,70266
4.070301055908203,70266
4.0711822509765625,70266
4.072062730789185,70266
4.073365926742554,70266
4.074246883392334,70266
4.075125455856323,70266
4.076019048690796,70266
4.077324151992798,70266
4.078207492828369,70266
4.079090118408203,70266
4.08039402961731,70266
4.081274509429932,70266
4.082156658172607,70266
4.083037853240967,70266
4.084340333938599,70266
4.085218667984009,70266
4.086111068725586,70266
4.087415933609009,70266
4.088298082351685,70266
4.089179754257202,70266
4.0900609493255615,70266
4.091364860534668,70266
4.092247724533081,70266
4.093130826950073,70266
4.094012498855591,70266
4.09531831741333,70266
4.096212148666382,70266
4.097092628479004,70266
4.098392963409424,70266
4.099276304244995,70266
4.100160121917725,70266
4.101042985916138,70266
4.1023478507995605,70266
4.103230714797974,70266
4.104111194610596,70266
4.105415344238281,70266
4.106308460235596,70266
4.107191562652588,70266
4.1080732345581055,70266
4.109375476837158,70266
4.110255241394043,70266
4.1111369132995605,70266
4.112019777297974,70266
4.113324880599976,70266
4.114207983016968,70266
4.1150901317596436,70266
4.116406440734863,70266
4.117289066314697,70266
4.118172883987427,70266
4.119054555892944,70266
4.1203601360321045,70266
4.121242046356201,70266
4.122121334075928,70266
4.123006343841553,70266
4.124310493469238,70266
4.125193357467651,70266
4.126086473464966,70266
4.127391815185547,70266
4.128275632858276,70266
4.129158020019531,70266
4.130041599273682,70266
4.131342172622681,70266
4.132221937179565,70266
4.1331000328063965,70266
4.134403944015503,70266
4.135287046432495,70266
4.136181354522705,70266
4.137061357498169,70266
4.138364553451538,70266
4.139245510101318,70266
4.1401262283325195,70266
4.141008138656616,70266
4.142314434051514,70266
4.143193244934082,70266
4.1440935134887695,70266
4.145398378372192,70266
4.1462883949279785,70266
4.1471686363220215,70266
4.148070573806763,70266
4.149377107620239,70266
4.1502604484558105,70266
4.1511430740356445,70266
4.1520256996154785,70266
4.153327465057373,70266
4.154208660125732,70266
4.155090570449829,70266
4.156409502029419,70266
4.157293319702148,70266
4.158172607421875,70266
4.159051418304443,70266
4.160351991653442,70266
4.161236047744751,70266
4.162119150161743,70266
4.163005590438843,70266
4.164310932159424,70266
4.165193557739258,70266
4.166085958480835,70266
4.167390823364258,70266
4.168271541595459,70266
4.169151544570923,70266
4.17003321647644,70266
4.171337366104126,70266
4.1722211837768555,70266
4.1731038093566895,70266
4.174407482147217,70266
4.17529034614563,70266
4.17618465423584,70266
4.177066326141357,70266
4.178370475769043,70266
4.179251432418823,70266
4.180134057998657,70266
4.181015968322754,70266
4.182316780090332,70266
4.183196783065796,70266
4.184079885482788,70266
4.185379981994629,70266
4.186275005340576,70266
4.187160491943359,70266
4.188043832778931,70266
4.189345359802246,70266
4.190225601196289,70266
4.191105127334595,70266
4.192406892776489,70266
4.1932902336120605,70266
4.194171667098999,70266
4.1950523853302,70266
4.196364879608154,70266
4.19724440574646,70266
4.198124170303345,70266
4.199005126953125,70266
4.200307369232178,70266
4.201189279556274,70266
4.202069520950317,70266
4.203370809555054,70266
4.204251050949097,70266
4.205132007598877,70266
4.206026554107666,70266
4.207331657409668,70266
4.2082130908966064,70266
4.209093809127808,70266
4.210391998291016,70266
4.211273193359375,70266
4.212158203125,70266
4.21303915977478,70266
4.214341163635254,70266
4.215221166610718,70266
4.21610951423645,70266
4.217412948608398,70266
4.218295335769653,70266
4.219175100326538,70266
4.220054388046265,70266
4.221353769302368,70266
4.2222325801849365,70266
4.223113059997559,70266
4.224416732788086,70266
4.2252984046936035,70266
4.2261879444122314,70266
4.227069139480591,70266
4.228368043899536,70266
4.2292468547821045,70266
4.230127811431885,70266
4.231010437011719,70266
4.23231053352356,70266
4.2331907749176025,70266
4.23407244682312,70266
4.2353761196136475,70266
4.236265420913696,70266
4.237146377563477,70266
4.238030195236206,70266
4.239335060119629,70266
4.240219354629517,70266
4.241098880767822,70266
4.242400884628296,70266
4.243282794952393,70266
4.244164943695068,70266
4.245046854019165,70266
4.246363878250122,70266
4.247246742248535,70266
4.248125791549683,70266
4.249007940292358,70266
4.250310659408569,70266
4.251192331314087,70266
4.252071857452393,70266
4.253373861312866,70266
4.254252910614014,70266
4.2551352977752686,70266
4.256029844284058,70266
4.257330656051636,70266
4.2582104206085205,70266
4.259094715118408,70266
4.260397911071777,70266
4.26128363609314,70266
4.26216983795166,70266
4.263051748275757,70266
4.264358043670654,70266
4.265237092971802,70266
4.266126394271851,70266
4.267008066177368,70266
4.268311262130737,70266
4.269194602966309,70266
4.270071983337402,70266
4.271376848220825,70266
4.272256135940552,70266
4.273137092590332,70266
4.27401876449585,70266
4.275322198867798,70266
4.276213645935059,70266
4.277094841003418,70266
4.278395891189575,70266
4.279277324676514,70266
4.280157804489136,70266
4.281038045883179,70266
4.282341480255127,70266
4.283223867416382,70266
4.284104347229004,70266
4.285407066345215,70266
4.286301612854004,70266
4.287184238433838,70266
4.288065195083618,70266
4.289367198944092,70266
4.290247678756714,70266
4.2911272048950195,70266
4.292011022567749,70266
4.293315887451172,70266
4.294199705123901,70266
4.295082092285156,70266
4.296396255493164,70266
4.297281265258789,70266
4.298161745071411,70266
4.299046754837036,70266
4.300350904464722,70266
4.301232814788818,70266
4.302115440368652,70266
4.3034186363220215,70266
4.304304361343384,70266
4.305186748504639,70266
4.3060784339904785,70266
4.3073835372924805,70266
4.308264493942261,70266
4.3091466426849365,70266
4.310028791427612,70266
4.3113532066345215,70266
4.3122336864471436,70266
4.313114166259766,70266
4.314415216445923,70266
4.315294027328491,70266
4.316186428070068,70266
4.317065954208374,70266
4.3183677196502686,70266
4.319247007369995,70266
4.3201282024383545,70266
4.321011066436768,70266
4.322313070297241,70266
4.323197841644287,70266
4.324079751968384,70266
4.325384855270386,70266
4.3262779712677,70266
4.327158689498901,70266
4.328041076660156,70266
4.329345703125,70266
4.330226421356201,70266
4.331104516983032,70266
4.332409858703613,70266
4.333292245864868,70266
4.334173679351807,70266
4.335055351257324,70266
4.336369037628174,70266
4.337246656417847,70266
4.338125467300415,70266
4.339007616043091,70266
4.340312957763672,70266
4.341192722320557,70266
4.3420729637146,70266
4.34337592124939,70266
4.344281911849976,70266
4.345165967941284,70266
4.346058130264282,70266
4.347362279891968,70266
4.348242998123169,70266
4.349124193191528,70266
4.350007057189941,70266
4.3513100147247314,70266
4.35219144821167,70266
4.3530731201171875,70266
4.354381561279297,70266
4.355266094207764,70266
4.356161594390869,70266
4.357044458389282,70266
4.35834264755249,70266
4.3592209815979,70266
4.360101222991943,70266
4.361405372619629,70266
4.3622870445251465,70266
4.363168716430664,70266
4.364053726196289,70266
4.365357160568237,70266
4.3662495613098145,70266
4.367130279541016,70266
4.3680126667022705,70266
4.369316816329956,70266
4.370198726654053,70266
4.3710808753967285,70266
4.372386455535889,70266
4.373270273208618,70266
4.3741514682769775,70266
4.375033855438232,70266
4.376348972320557,70266
4.377231597900391,70266
4.378111839294434,70266
4.379417657852173,70266
4.380297660827637,70266
4.381181001663208,70266
4.382063865661621,70266
4.383368253707886,70266
4.384250640869141,70266
4.385131597518921,70266
4.386026620864868,70266
4.387329339981079,70266
4.388211011886597,70266
4.389092206954956,70266
4.390396356582642,70266
4.391278266906738,70266
4.392159461975098,70266
4.39304256439209,70266
4.394348621368408,70266
4.39522910118103,70266
4.396119594573975,70266
4.397004127502441,70266
4.3983073234558105,70266
4.399190425872803,70266
4.400071620941162,70266
4.4013731479644775,70266
4.402254343032837,70266
4.403136253356934,70266
4.404017448425293,70266
4.405318737030029,70266
4.406213045120239,70266
4.4070963859558105,70266
4.408400058746338,70266
4.409283638000488,70266
4.41016697883606,70266
4.4110472202301025,70266
4.412352561950684,70266
4.413235664367676,70266
4.414114952087402,70266
4.415416717529297,70266
4.416311025619507,70266
4.417193412780762,70266
4.418077707290649,70266
4.419382333755493,70266
4.420264005661011,70266
4.421149253845215,70266
4.4220335483551025,70266
4.42333722114563,70266
4.424217700958252,70266
4.425101280212402,70266
4.426417350769043,70266
4.427302837371826,70266
4.428189039230347,70266
4.429070949554443,70266
4.430377721786499,70266
4.431260585784912,70266
4.432142972946167,70266
4.433026552200317,70266
4.434333324432373,70266
4.435215950012207,70266
4.436108350753784,70266
4.43741512298584,70266
4.438300848007202,70266
4.439188480377197,70266
4.440071105957031,70266
4.441375494003296,70266
4.442257881164551,70266
4.443140268325806,70266
4.4440224170684814,70266
4.445328950881958,70266
4.446221828460693,70266
4.44710636138916,70266
4.448413133621216,70266
4.449299097061157,70266
4.450184106826782,70266
4.4510674476623535,70266
4.452371120452881,70266
4.453252553939819,70266
4.454135417938232,70266
4.4550206661224365,70266
4.45633339881897,70266
4.457215785980225,70266
4.458095550537109,70266
4.459399223327637,70266
4.460282564163208,70266
4.461166858673096,70266
4.4620490074157715,70266
4.463348150253296,70266
4.464230060577393,70266
4.465110778808594,70266
4.466004848480225,70266
4.467303276062012,70266
4.468183755874634,70266
4.469062566757202,70266
4.470366716384888,70266
4.471249580383301,70266
4.472133636474609,70266
4.47301459312439,70266
4.474319219589233,70266
4.475199937820435,70266
4.476091384887695,70266
4.477396488189697,70266
4.478283166885376,70266
4.479166269302368,70266
4.480047941207886,70266
4.481348991394043,70266
4.4822306632995605,70266
4.483113050460815,70266
4.484416246414185,70266
4.485300064086914,70266
4.48619532585144,70266
4.487079620361328,70266
4.488382577896118,70266
4.489261865615845,70266
4.490143299102783,70266
4.491027116775513,70266
4.492331504821777,70266
4.493213176727295,70266
4.494094133377075,70266
4.495397329330444,70266
4.496293067932129,70266
4.497176647186279,70266
4.498058795928955,70266
4.499368906021118,70266
4.500251293182373,70266
4.501134395599365,70266
4.502018451690674,70266
4.5033252239227295,70266
4.504208087921143,70266
4.505093336105347,70266
4.50640869140625,70266
4.507291316986084,70266
4.508177757263184,70266
4.509056329727173,70266
4.5103607177734375,70266
4.511242389678955,70266
4.512123346328735,70266
4.51300835609436,70266
4.514312505722046,70266
4.515195369720459,70266
4.516087055206299,70266
4.51739239692688,70266
4.518277168273926,70266
4.519186496734619,70266
4.5200676918029785,70266
4.521372556686401,70266
4.522254705429077,70266
4.5231404304504395,70266
4.524023771286011,70266
4.525326728820801,70266
4.526219129562378,70266
4.527100324630737,70266
4.528401851654053,70266
4.529284954071045,70266
4.530166149139404,70266
4.531048536300659,70266
4.532351732254028,70266
4.53323221206665,70266
4.53411340713501,70266
4.535416841506958,70266
4.536309003829956,70266
4.537192106246948,70266
4.538073301315308,70266
4.5393781661987305,70266
4.540259599685669,70266
4.54114294052124,70266
4.542028188705444,70266
4.5433349609375,70266
4.544238090515137,70266
4.5451202392578125,70266
4.546020030975342,70266
4.547328233718872,70266
4.5482094287872314,70266
4.549092054367065,70266
4.550397157669067,70266
4.55128288269043,70266
4.552166700363159,70266
4.5530500411987305,70266
4.554355621337891,70266
4.555238246917725,70266
4.5561323165893555,70266
4.557019233703613,70266
4.558324337005615,70266
4.559206247329712,70266
4.560358762741089,70266
4.561045408248901,70266
4.5623579025268555,70266
4.563258171081543,70266
4.564162731170654,70266
4.565048694610596,70266
4.5663676261901855,70266
4.567269563674927,70266
4.5681774616241455,70266
4.569062232971191,70266
4.5703723430633545,70266
4.5712730884552,70266
4.572178602218628,70266
4.573062896728516,70266
4.574370861053467,70266
4.575254678726196,70266
4.576149225234985,70266
4.5770344734191895,70266
4.578341722488403,70266
4.579224109649658,70266
4.580105543136597,70266
4.581411838531494,70266
4.5822975635528564,70266
4.583184242248535,70266
4.584065675735474,70266
4.585373640060425,70266
4.586268424987793,70266
4.587153673171997,70266
4.588038206100464,70266
4.589345216751099,70266
4.590226173400879,70266
4.591103792190552,70266
4.592412948608398,70266
4.593295574188232,70266
4.594180583953857,70266
4.595061779022217,70266
4.596376895904541,70266
4.597259998321533,70266
4.598143815994263,70266
4.599027633666992,70266
4.600332498550415,70266
4.601213455200195,70266
4.602095603942871,70266
4.603399991989136,70266
4.604283571243286,70266
4.605167865753174,70266
4.606062650680542,70266
4.607370138168335,70266
4.608253240585327,70266
4.6091392040252686,70266
4.610023498535156,70266
4.611330270767212,70266
4.612210512161255,70266
4.613092660903931,70266
4.614401340484619,70266
4.615286350250244,70266
4.616182804107666,70266
4.617063283920288,70266
4.618370056152344,70266
4.619253635406494,70266
4.620136499404907,70266
4.621017694473267,70266
4.622320175170898,70266
4.623201370239258,70266
4.624082088470459,70266
4.625385046005249,70266
4.626277685165405,70266
4.627162218093872,70266
4.628046751022339,70266
4.629351377487183,70266
4.630232334136963,70266
4.631115674972534,70266
4.63242244720459,70266
4.633306503295898,70266
4.634191274642944,70266
4.635075330734253,70266
4.636390447616577,70266
4.6372764110565186,70266
4.638160467147827,70266
4.639045476913452,70266
4.640353202819824,70266
4.641236782073975,70266
4.642118215560913,70266
4.643422603607178,70266
4.644307613372803,70266
4.6451873779296875,70266
4.646076917648315,70266
4.6473822593688965,70266
4.648264169692993,70266
4.649147272109985,70266
4.650029420852661,70266
4.651332855224609,70266
4.652214288711548,70266
4.653100252151489,70266
4.654407978057861,70266
4.655292987823486,70266
4.6561877727508545,70266
4.6570703983306885,70266
4.65837550163269,70266
4.659258604049683,70266
4.660142183303833,70266
4.661025285720825,70266
4.6623313426971436,70266
4.6632139682769775,70266
4.664094686508179,70266
4.665397644042969,70266
4.666290998458862,70266
4.667173385620117,70266
4.668055772781372,70266
4.669360637664795,70266
4.670241117477417,70266
4.6711204051971436,70266
4.672003507614136,70266
4.673315525054932,70266
4.674198389053345,70266
4.675081014633179,70266
4.6763997077941895,70266
4.677283048629761,70266
4.678164482116699,70266
4.6790452003479,70266
4.680347442626953,70266
4.681227207183838,70266
4.682107925415039,70266
4.68341064453125,70266
4.684296607971191,70266
4.685179710388184,70266
4.686070919036865,70266
4.68737530708313,70266
4.68825626373291,70266
4.689136028289795,70266
4.690020561218262,70266
4.6913275718688965,70266
4.692208766937256,70266
4.693089723587036,70266
4.6943910121917725,70266
4.69527792930603,70266
4.696173667907715,70266
4.697058439254761,70266
4.698366165161133,70266
4.699248552322388,70266
4.7001307010650635,70266
4.701014518737793,70266
4.702322244644165,70266
4.70320200920105,70266
4.704084873199463,70266
4.705388784408569,70266
4.706278562545776,70266
4.707163572311401,70266
4.708045482635498,70266
4.709352493286133,70266
4.710233926773071,70266
4.711114883422852,70266
4.712420225143433,70266
4.713303804397583,70266
4.71418571472168,70266
4.7150678634643555,70266
4.71638035774231,70266
4.717264175415039,70266
4.718146324157715,70266
4.719027042388916,70266
4.720333099365234,70266
4.7212138175964355,70266
4.722095251083374,70266
4.723397493362427,70266
4.724281549453735,70266
4.725165367126465,70266
4.726057767868042,70266
4.727364540100098,70266
4.728250026702881,70266
4.7291340827941895,70266
4.7300169467926025,70266
4.731323003768921,70266
4.7322070598602295,70266
4.733088731765747,70266
4.7343950271606445,70266
4.735276937484741,70266
4.736172199249268,70266
4.737057685852051,70266
4.738363265991211,70266
4.739244222640991,70266
4.7401251792907715,70266
4.741009712219238,70266
4.7423155307769775,70266
4.743197679519653,70266
4.744100093841553,70266
4.745404481887817,70266
4.746298313140869,70266
4.747179746627808,70266
4.748061656951904,70266
4.749369144439697,70266
4.750253200531006,70266
4.751137733459473,70266
4.75201940536499,70266
4.753325700759888,70266
4.754207134246826,70266
4.755089282989502,70266
4.756407022476196,70266
4.757291078567505,70266
4.758175849914551,70266
4.759056091308594,70266
4.760358810424805,70266
4.761239528656006,70266
4.762117862701416,70266
4.763421058654785,70266
4.764304876327515,70266
4.76518702507019,70266
4.766080856323242,70266
4.767384767532349,70266
4.76826548576355,70266
4.769148349761963,70266
4.770058870315552,70266
4.771362781524658,70266
4.772244930267334,70266
4.773125886917114,70266
4.7740089893341064,70266
4.775311231613159,70266
4.77620267868042,70266
4.777086019515991,70266
4.778390645980835,70266
4.7792723178863525,70266
4.780155658721924,70266
4.781038999557495,70266
4.782344102859497,70266
4.783225774765015,70266
4.784106731414795,70266
4.785411834716797,70266
4.78630518913269,70266
4.787188291549683,70266
4.78806734085083,70266
4.789370775222778,70266
4.790249586105347,70266
4.791130542755127,70266
4.792011260986328,70266
4.793310880661011,70266
4.794193744659424,70266
4.795074224472046,70266
4.796388864517212,70266
4.797271251678467,70266
4.798153638839722,70266
4.799036264419556,70266
4.800343036651611,70266
4.801225662231445,70266
4.8021039962768555,70266
4.803408145904541,70266
4.804290294647217,70266
4.80517315864563,70266
4.806062459945679,70266
4.807367563247681,70266
4.808247804641724,70266
4.8091278076171875,70266
4.8100128173828125,70266
4.811316967010498,70266
4.8121984004974365,70266
4.813079357147217,70266
4.814389705657959,70266
4.815271377563477,70266
4.816166162490845,70266
4.817051649093628,70266
4.818354368209839,70266
4.819234609603882,70266
4.820113897323608,70266
4.821415901184082,70266
4.822299957275391,70266
4.823184967041016,70266
4.824067115783691,70266
4.825370788574219,70266
4.826263666152954,70266
4.8271472454071045,70266
4.828031301498413,70266
4.829336166381836,70266
4.830220460891724,70266
4.831102132797241,70266
4.832405090332031,70266
4.833289861679077,70266
4.834175109863281,70266
4.835056304931641,70266
4.836374282836914,70266
4.837256669998169,70266
4.838141918182373,70266
4.839025497436523,70266
4.840327501296997,70266
4.84121036529541,70266
4.842095375061035,70266
4.843400001525879,70266
4.844284534454346,70266
4.8451690673828125,70266
4.846062898635864,70266
4.847370147705078,70266
4.8482506275177,70266
4.849134683609009,70266
4.850021123886108,70266
4.851330041885376,70266
4.852212429046631,70266
4.853093862533569,70266
4.85439920425415,70266
4.855284214019775,70266
4.856180906295776,70266
4.8570661544799805,70266
4.8583714962005615,70266
4.8592565059661865,70266
4.860138177871704,70266
4.861023187637329,70266
4.8623292446136475,70266
4.8632097244262695,70266
4.864091873168945,70266
4.8653974533081055,70266
4.866291522979736,70266
4.867173671722412,70266
4.868056774139404,70266
4.869363307952881,70266
4.870243310928345,70266
4.871125936508179,70266
4.872009038925171,70266
4.873314142227173,70266
4.874196529388428,70266
4.875079154968262,70266
4.876393795013428,70266
4.87727689743042,70266
4.878162145614624,70266
4.879043817520142,70266
4.880352258682251,70266
4.881234645843506,70266
4.8821141719818115,70266
4.883418560028076,70266
4.884302854537964,70266
4.885183572769165,70266
4.886073350906372,70266
4.887378931045532,70266
4.888261079788208,70266
4.8891425132751465,70266
4.890026092529297,70266
4.891330718994141,70266
4.892209053039551,70266
4.89309024810791,70266
4.8943963050842285,70266
4.895281791687012,70266
4.8961756229400635,70266
4.897055149078369,70266
4.898357152938843,70266
4.899237871170044,70266
4.900120258331299,70266
4.901423692703247,70266
4.902307987213135,70266
4.903192043304443,70266
4.904075860977173,70266
4.9053802490234375,70266
4.906272649765015,70266
4.907158136367798,70266
4.908039093017578,70266
4.909342288970947,70266
4.910222291946411,70266
4.9111011028289795,70266
4.912403345108032,70266
4.913289308547974,70266
4.914171457290649,70266
4.915052890777588,70266
4.916369676589966,70266
4.917252063751221,70266
4.918133735656738,70266
4.9190144538879395,70266
4.920319318771362,70266
4.921200752258301,70266
4.92208194732666,70266
4.923386335372925,70266
4.924272775650024,70266
4.925158262252808,70266
4.926052570343018,70266
4.9273600578308105,70266
4.928241968154907,70266
4.9291253089904785,70266
4.930009603500366,70266
4.931314706802368,70266
4.93219518661499,70266
4.933077096939087,70266
4.9343812465667725,70266
4.935262203216553,70266
4.936155557632446,70266
4.9370386600494385,70266
4.938345909118652,70266
4.939228296279907,70266
4.940109491348267,70266
4.941413879394531,70266
4.942295789718628,70266
4.9431750774383545,70266
4.944076776504517,70266
4.945380687713623,70266
4.9462714195251465,70266
4.947153806686401,70266
4.94803786277771,70266
4.949340105056763,70266
4.950219631195068,70266
4.951102256774902,70266
4.952406883239746,70266
4.953290700912476,70266
4.954173564910889,70266
4.95505428314209,70266
4.956369638442993,70266
4.957249402999878,70266
4.958128452301025,70266
4.959011554718018,70266
4.960314750671387,70266
4.961196184158325,70266
4.962077617645264,70266
4.963379621505737,70266
4.964260816574097,70266
4.965141296386719,70266
4.966034412384033,70266
4.967339515686035,70266
4.968220472335815,70266
4.969098329544067,70266
4.970402956008911,70266
4.9712865352630615,70266
4.972167730331421,70266
4.9730494022369385,70266
4.974353790283203,70266
4.9752373695373535,70266
4.976127862930298,70266
4.977012634277344,70266
4.978320598602295,70266
4.979204416275024,70266
4.980086803436279,70266
4.9813923835754395,70266
4.98227334022522,70266
4.983157157897949,70266
4.984040021896362,70266
4.985345363616943,70266
4.98623514175415,70266
4.987117052078247,70266
4.988003253936768,70266
4.989310264587402,70266
4.990192651748657,70266
4.991072654724121,70266
4.992379188537598,70266
4.993262529373169,70266
4.994144678115845,70266
4.99502968788147,70266
4.996343374252319,70266
4.997223854064941,70266
4.998103380203247,70266
4.999408006668091,70266
5.0002899169921875,70266
5.001170635223389,70266
5.0020527839660645,70266
5.003355979919434,70266
5.004238605499268,70266
5.00511908531189,70266
5.006012678146362,70266
5.007317304611206,70266
5.008201837539673,70266
5.009083986282349,70266
5.010390758514404,70266
5.011274576187134,70266
5.012155532836914,70266
5.013037919998169,70266
5.014342784881592,70266
5.015221834182739,70266
5.016109228134155,70266
5.017411708831787,70266
5.018296480178833,70266
5.019178152084351,70266
5.020061016082764,70266
5.0213623046875,70266
5.022243499755859,70266
5.02312445640564,70266
5.0240092277526855,70266
5.025311470031738,70266
5.026204347610474,70266
5.0270891189575195,70266
5.0283918380737305,70266
5.0292747020721436,70266
5.030155897140503,70266
5.031038284301758,70266
5.032343626022339,70266
5.033225774765015,70266
5.034106254577637,70266
5.035409450531006,70266
5.036303758621216,70266
5.037184476852417,70266
5.038063049316406,70266
5.039366960525513,70266
5.040247440338135,70266
5.041125774383545,70266
5.042003393173218,70266
5.043307304382324,70266
5.044189691543579,70266
5.045072078704834,70266
5.046384572982788,70266
5.047266960144043,70266
5.048149347305298,70266
5.049031734466553,70266
5.050334930419922,70266
5.051215410232544,70266
5.0520970821380615,70266
5.053402423858643,70266
5.054287433624268,70266
5.055171728134155,70266
5.056063652038574,70266
5.057368993759155,70266
5.05824875831604,70266
5.0591301918029785,70266
5.060012340545654,70266
5.061316013336182,70266
5.062199354171753,70266
5.06308126449585,70266
5.064387321472168,70266
5.065271377563477,70266
5.066169261932373,70266
5.067054033279419,70266
5.068358659744263,70266
5.069238185882568,70266
5.070120334625244,70266
5.071421384811401,70266
5.0723044872283936,70266
5.073186635971069,70266
5.07406759262085,70266
5.075369834899902,70266
5.076261758804321,70266
5.077147006988525,70266
5.078033685684204,70266
5.0793421268463135,70266
5.080226421356201,70266
5.081108570098877,70266
5.08241605758667,70266
5.083299398422241,70266
5.084182500839233,70266
5.085062026977539,70266
5.086379051208496,70266
5.087264776229858,70266
5.088145971298218,70266
5.08902907371521,70266
5.090331315994263,70266
5.091211318969727,70266
5.0920937061309814,70266
5.0933997631073,70266
5.094283103942871,70266
5.09516453742981,70266
5.096060276031494,70266
5.097365617752075,70266
5.098246812820435,70266
5.099129915237427,70266
5.100013017654419,70266
5.101314306259155,70266
5.102195978164673,70266
5.103075981140137,70266
5.104377031326294,70266
5.10525918006897,70266
5.106152296066284,70266
5.107034921646118,70266
5.108341455459595,70266
5.109222412109375,70266
5.110105276107788,70266
5.111412048339844,70266
5.112295627593994,70266
5.113178730010986,70266
5.114060163497925,70266
5.115365743637085,70266
5.116254568099976,70266
5.117136001586914,70266
5.118018865585327,70266
5.11932110786438,70266
5.1202003955841064,70266
5.121081829071045,70266
5.122385263442993,70266
5.123269557952881,70266
5.124151945114136,70266
5.125035047531128,70266
5.1263532638549805,70266
5.127236366271973,70266
5.128119468688965,70266
5.12900447845459,70266
5.13031005859375,70266
5.1311938762664795,70266
5.132075071334839,70266
5.133378982543945,70266
5.134260654449463,70266
5.1351447105407715,70266
5.136037588119507,70266
5.137340307235718,70266
5.138221025466919,70266
5.139101505279541,70266
5.140408992767334,70266
5.141293048858643,70266
5.142176389694214,70266
5.1430583000183105,70266
5.144388198852539,70266
5.145272254943848,70266
5.146168231964111,70266
5.147054195404053,70266
5.14838719367981,70266
5.149271011352539,70266
5.150153398513794,70266
5.151037931442261,70266
5.152344226837158,70266
5.1532301902771,70266
5.154113292694092,70266
5.1554200649261475,70266
5.156315565109253,70266
5.1571996212005615,70266
5.158084154129028,70266
5.159388303756714,70266
5.160269021987915,70266
5.161150932312012,70266
5.162032604217529,70266
5.163336515426636,70266
5.164217233657837,70266
5.165098190307617,70266
5.166414022445679,70266
5.167295217514038,70266
5.168175220489502,70266
5.1690568923950195,70266
5.170358657836914,70266
5.17124342918396,70266
5.17212176322937,70266
5.173006057739258,70266
5.174312353134155,70266
5.175194025039673,70266
5.176084280014038,70266
5.1773881912231445,70266
5.178269386291504,70266
5.179152727127075,70266
5.180034637451172,70266
5.181337594985962,70266
5.182220458984375,70266
5.183098554611206,70266
5.1844000816345215,70266
5.1852827072143555,70266
5.186177492141724,70266
5.187060356140137,70266
5.188362121582031,70266
5.189242362976074,70266
5.190122604370117,70266
5.1910035610198975,70266
5.192305088043213,70266
5.1931867599487305,70266
5.194069147109985,70266
5.195376873016357,70266
5.196267366409302,70266
5.1971518993377686,70266
5.198035001754761,70266
5.199340105056763,70266
5.200220823287964,70266
5.201097726821899,70266
5.202395915985107,70266
5.2032787799835205,70266
5.2041614055633545,70266
5.205044746398926,70266
5.2063610553741455,70266
5.207244873046875,70266
5.208125114440918,70266
5.2090065479278564,70266
5.21030855178833,70266
5.211192846298218,70266
5.212073802947998,70266
5.213376522064209,70266
5.2142558097839355,70266
5.215137481689453,70266
5.216030836105347,70266
5.217336416244507,70266
5.218218564987183,70266
5.21910285949707,70266
5.220408916473389,70266
5.2212934494018555,70266
5.222174167633057,70266
5.223053455352783,70266
5.224355697631836,70266
5.225236892700195,70266
5.226125955581665,70266
5.227008581161499,70266
5.22831130027771,70266
5.22919225692749,70266
5.230074167251587,70266
5.231378078460693,70266
5.232253789901733,70266
5.2331342697143555,70266
5.234014272689819,70266
5.235315322875977,70266
5.236207723617554,70266
5.237090349197388,70266
5.238391876220703,70266
5.239272832870483,70266
5.240156888961792,70266
5.241042375564575,70266
5.242341995239258,70266
5.243222713470459,70266
5.244102954864502,70266
5.245405197143555,70266
5.2463014125823975,70266
5.247180223464966,70266
5.248061656951904,70266
5.249364137649536,70266
5.250246047973633,70266
5.251127481460571,70266
5.252008676528931,70266
5.253307580947876,70266
5.2541892528533936,70266
5.255069971084595,70266
5.256383895874023,70266
5.257265090942383,70266
5.258145332336426,70266
5.259026288986206,70266
5.2603302001953125,70266
5.261209011077881,70266
5.2620885372161865,70266
5.263390779495239,70266
5.264270544052124,70266
5.265154600143433,70266
5.266043663024902,70266
5.267346143722534,70266
5.2682249546051025,70266
5.2691051959991455,70266
5.270407676696777,70266
5.271291971206665,70266
5.272177457809448,70266
5.273055553436279,70266
5.274357557296753,70266
5.275238037109375,70266
5.276125907897949,70266
5.277008771896362,70266
5.278310537338257,70266
5.279190540313721,70266
5.280066967010498,70266
5.281367301940918,70266
5.282247543334961,70266
5.283128499984741,70266
5.284010648727417,70266
5.285315036773682,70266
5.286209583282471,70266
5.2870917320251465,70266
5.288394451141357,70266
5.289274215698242,70266
5.29015588760376,70266
5.291040658950806,70266
5.29234504699707,70266
5.293223857879639,70266
5.294105768203735,70266
5.295410871505737,70266
5.296306371688843,70266
5.297189474105835,70266
5.2980711460113525,70266
5.299378395080566,70266
5.300258159637451,70266
5.3011415004730225,70266
5.302021741867065,70266
5.30332088470459,70266
5.304203987121582,70266
5.305086374282837,70266
5.306397438049316,70266
5.307278156280518,70266
5.308161020278931,70266
5.309042930603027,70266
5.310344457626343,70266
5.311248779296875,70266
5.312130451202393,70266
5.31301212310791,70266
5.314314842224121,70266
5.31519889831543,70266
5.316091299057007,70266
5.317396879196167,70266
5.318279504776001,70266
5.319161653518677,70266
5.320044994354248,70266
5.321349859237671,70266
5.322229862213135,70266
5.32310938835144,70266
5.324413061141968,70266
5.325296401977539,70266
5.32619047164917,70266
5.327072620391846,70266
5.328374624252319,70266
5.329254627227783,70266
5.330136299133301,70266
5.331020355224609,70266
5.332326889038086,70266
5.333207368850708,70266
5.334088325500488,70266
5.335392236709595,70266
5.336283445358276,70266
5.337167024612427,70266
5.33804988861084,70266
5.339359283447266,70266
5.340243101119995,70266
5.341122627258301,70266
5.342004299163818,70266
5.343308925628662,70266
5.344220161437988,70266
5.345105171203613,70266
5.346422433853149,70266
5.3473100662231445,70266
5.348190546035767,70266
5.349071741104126,70266
5.35037636756897,70266
5.351254463195801,70266
5.352135181427002,70266
5.353018760681152,70266
5.354323148727417,70266
5.355205297470093,70266
5.35609769821167,70266
5.357399225234985,70266
5.3582844734191895,70266
5.359165906906128,70266
5.360047101974487,70266
5.361352205276489,70266
5.362233877182007,70266
5.36311936378479,70266
5.364423990249634,70266
5.365307807922363,70266
5.366199731826782,70266
5.367084264755249,70266
5.368389368057251,70266
5.369275093078613,70266
5.370160102844238,70266
5.371044397354126,70266
5.372352123260498,70266
5.373239040374756,70266
5.374119281768799,70266
5.375004291534424,70266
5.37632155418396,70266
5.377206802368164,70266
5.37808632850647,70266
5.379392623901367,70266
5.380276679992676,70266
5.381159782409668,70266
5.38204026222229,70266
5.383342742919922,70266
5.384226322174072,70266
5.385106801986694,70266
5.386418581008911,70266
5.387300252914429,70266
5.38817834854126,70266
5.389057159423828,70266
5.390356540679932,70266
5.391239166259766,70266
5.392115831375122,70266
5.393417596817017,70266
5.394298791885376,70266
5.395177364349365,70266
5.396066904067993,70266
5.397369146347046,70266
5.398249626159668,70266
5.399127244949341,70266
5.400010585784912,70266
5.401313066482544,70266
5.402193546295166,70266
5.403071880340576,70266
5.40437912940979,70266
5.405261039733887,70266
5.406151533126831,70266
5.40703272819519,70266
5.408337354660034,70266
5.409217596054077,70266
5.410099506378174,70266
5.411402225494385,70266
5.412283182144165,70266
5.413166046142578,70266
5.414049863815308,70266
5.415351152420044,70266
5.416240692138672,70266
5.4171202182769775,70266
5.4184229373931885,70266
5.419308423995972,70266
5.420189619064331,70266
5.421070575714111,70266
5.422374963760376,70266
5.423258066177368,70266
5.424144268035889,70266
5.4250266551971436,70266
5.42634129524231,70266
5.427223443984985,70266
5.42810583114624,70266
5.429409980773926,70266
5.430293321609497,70266
5.431178092956543,70266
5.432058572769165,70266
5.433367490768433,70266
5.434249639511108,70266
5.435126543045044,70266
5.4360191822052,70266
5.437324047088623,70266
5.438203573226929,70266
5.439086437225342,70266
5.440386533737183,70266
5.441266775131226,70266
5.442148685455322,70266
5.443030834197998,70266
5.444335699081421,70266
5.44521689414978,70266
5.446105241775513,70266
5.447409152984619,70266
5.448290109634399,70266
5.449171781539917,70266
5.450051546096802,70266
5.451352119445801,70266
5.452229261398315,70266
5.4531049728393555,70266
5.45440673828125,70266
5.455289363861084,70266
5.456181049346924,70266
5.457061767578125,70266
5.458363771438599,70266
5.459243535995483,70266
5.460123300552368,70266
5.461003303527832,70266
5.462303638458252,70266
5.46318507194519,70266
5.464064121246338,70266
5.4653661251068115,70266
5.466253280639648,70266
5.467136859893799,70266
5.468019723892212,70266
5.469316720962524,70266
5.470199346542358,70266
5.47108006477356,70266
5.4723803997039795,70266
5.473260164260864,70266
5.474141597747803,70266
5.475023984909058,70266
5.476340055465698,70266
5.477221727371216,70266
5.478101491928101,70266
5.479405641555786,70266
5.480290412902832,70266
5.481174468994141,70266
5.4820568561553955,70266
5.483361005783081,70266
5.484241247177124,70266
5.485121726989746,70266
5.486014366149902,70266
5.487317085266113,70266
5.488196611404419,70266
5.489076852798462,70266
5.4903810024261475,70266
5.4912638664245605,70266
5.492145538330078,70266
5.493027925491333,70266
5.494330167770386,70266
5.495210647583008,70266
5.496098756790161,70266
5.4974000453948975,70266
5.498283624649048,70266
5.49916934967041,70266
5.50005316734314,70266
5.501357793807983,70266
5.502237796783447,70266
5.5031163692474365,70266
5.50441575050354,70266
5.505298614501953,70266
5.506188154220581,70266
5.507068395614624,70266
5.508371829986572,70266
5.509250640869141,70266
5.510132789611816,70266
5.511015892028809,70266
5.512317657470703,70266
5.513197183609009,70266
5.514077663421631,70266
5.515377998352051,70266
5.516269683837891,70266
5.517154932022095,70266
5.518038988113403,70266
5.519369125366211,70266
5.5202531814575195,70266
5.5211341381073,70266
5.522015810012817,70266
5.523319959640503,70266
5.524200916290283,70266
5.525083780288696,70266
5.526398420333862,70266
5.52728009223938,70266
5.528162240982056,70266
5.52904486656189,70266
5.530346155166626,70266
5.531230688095093,70266
5.532109498977661,70266
5.5334084033966064,70266
5.534289836883545,70266
5.535170793533325,70266
5.536058187484741,70266
5.537359714508057,70266
5.538239479064941,70266
5.539118051528931,70266
5.540417432785034,70266
5.541300296783447,70266
5.5421833992004395,70266
5.543063402175903,70266
5.5443925857543945,70266
5.54527473449707,70266
5.5461719036102295,70266
5.547053575515747,70266
5.548359394073486,70266
5.549238681793213,70266
5.550119161605835,70266
5.551422357559204,70266
5.552303075790405,70266
5.553184270858765,70266
5.554064512252808,70266
5.555368900299072,70266
5.556259393692017,70266
5.557142972946167,70266
5.558025598526001,70266
5.559326648712158,70266
5.560208320617676,70266
5.561310291290283,70266
5.562046766281128,70266
5.563361406326294,70266
5.564265012741089,70266
5.565150022506714,70266
5.56604528427124,70266
5.5673675537109375,70266
5.568269491195679,70266
5.569154262542725,70266
5.5700390338897705,70266
5.571365118026733,70266
5.572249174118042,70266
5.573132276535034,70266
5.574015855789185,70266
5.575320243835449,70266
5.576214075088501,70266
5.57709527015686,70266
5.5784010887146,70266
5.579287767410278,70266
5.580171585083008,70266
5.581054925918579,70266
5.582359790802002,70266
5.583240509033203,70266
5.584121227264404,70266
5.585004806518555,70266
5.586320877075195,70266
5.587202310562134,70266
5.588086843490601,70266
5.589388608932495,70266
5.590269088745117,70266
5.591155529022217,70266
5.592038869857788,70266
5.593345403671265,70266
5.594226360321045,70266
5.595108985900879,70266
5.5964226722717285,70266
5.597309827804565,70266
5.5981972217559814,70266
5.599083423614502,70266
5.60038948059082,70266
5.601271867752075,70266
5.60215425491333,70266
5.60304069519043,70266
5.604348659515381,70266
5.605229377746582,70266
5.606118440628052,70266
5.607424020767212,70266
5.608309507369995,70266
5.609192371368408,70266
5.610074520111084,70266
5.611377000808716,70266
5.61225700378418,70266
5.613141059875488,70266
5.6140241622924805,70266
5.615331411361694,70266
5.616221904754639,70266
5.617105484008789,70266
5.618412017822266,70266
5.619297027587891,70266
5.620179653167725,70266
5.621061325073242,70266
5.622368097305298,70266
5.62325119972229,70266
5.624134302139282,70266
5.625018119812012,70266
5.626331567764282,70266
5.627213478088379,70266
5.628098011016846,70266
5.629403829574585,70266
5.630289077758789,70266
5.631175756454468,70266
5.632058620452881,70266
5.633363246917725,70266
5.634247541427612,70266
5.635130167007446,70266
5.636025667190552,70266
5.637333154678345,70266
5.6382153034210205,70266
5.639097690582275,70266
5.640404224395752,70266
5.6412880420684814,70266
5.642170429229736,70266
5.643055438995361,70266
5.644364356994629,70266
5.6452484130859375,70266
5.646141529083252,70266
5.6470255851745605,70266
5.648329973220825,70266
5.64921236038208,70266
5.650099277496338,70266
5.6514058113098145,70266
5.652288436889648,70266
5.653172969818115,70266
5.654056787490845,70266
5.655364513397217,70266
5.6562581062316895,70266
5.657144784927368,70266
5.658029317855835,70266
5.659333944320679,70266
5.660218000411987,70266
5.661100149154663,70266
5.662405490875244,70266
5.663288593292236,70266
5.664169788360596,70266
5.665056228637695,70266
5.666372299194336,70266
5.667253494262695,70266
5.668134927749634,70266
5.6690192222595215,70266
5.670325994491577,70266
5.67120623588562,70266
5.672091245651245,70266
5.673399448394775,70266
5.6742846965789795,70266
5.675168752670288,70266
5.676062822341919,70266
5.6773693561553955,70266
5.678252696990967,70266
5.679134130477905,70266
5.680017709732056,70266
5.681321382522583,70266
5.682204008102417,70266
5.683086156845093,70266
5.684392213821411,70266
5.685275316238403,70266
5.686172008514404,70266
5.687057018280029,70266
5.688359260559082,70266
5.689239263534546,70266
5.6901185512542725,70266
5.691424369812012,70266
5.692308664321899,70266
5.6931939125061035,70266
5.6940758228302,70266
5.69538140296936,70266
5.696274995803833,70266
5.697156667709351,70266
5.698044300079346,70266
5.699350595474243,70266
5.700232028961182,70266
5.7011120319366455,70266
5.702418565750122,70266
5.703300714492798,70266
5.704182147979736,70266
5.705064058303833,70266
5.7063822746276855,70266
5.707263469696045,70266
5.7081475257873535,70266
5.709055185317993,70266
5.7103636264801025,70266
5.71126651763916,70266
5.712169408798218,70266
5.713052749633789,70266
5.7143614292144775,70266
5.715246677398682,70266
5.716139793395996,70266
5.717023611068726,70266
5.718331575393677,70266
5.719219923019409,70266
5.720099687576294,70266
5.721403360366821,70266
5.7222864627838135,70266
5.723168134689331,70266
5.724050760269165,70266
5.7253570556640625,70266
5.726250171661377,70266
5.727134466171265,70266
5.728020668029785,70266
5.729328393936157,70266
5.730211973190308,70266
5.731095552444458,70266
5.7324018478393555,70266
5.733286380767822,70266
5.734171390533447,70266
5.735053777694702,70266
5.736371040344238,70266
5.737252712249756,70266
5.738133430480957,70266
5.739016056060791,70266
5.740323305130005,70266
5.741205453872681,70266
5.74208927154541,70266
5.743398189544678,70266
5.744304180145264,70266
5.745187282562256,70266
5.746078968048096,70266
5.747384309768677,70266
5.748265266418457,70266
5.74914813041687,70266
5.750029802322388,70266
5.751332998275757,70266
5.752215147018433,70266
5.753096580505371,70266
5.7544004917144775,70266
5.7552831172943115,70266
5.756175756454468,70266
5.757055997848511,70266
5.7583606243133545,70266
5.75924277305603,70266
5.760125637054443,70266
5.761008024215698,70266
5.762314558029175,70266
5.763198137283325,70266
5.764082908630371,70266
5.7653913497924805,70266
5.76628565788269,70266
5.767168998718262,70266
5.768050670623779,70266
5.769357442855835,70266
5.770238399505615,70266
5.771119594573975,70266
5.772003173828125,70266
5.77331018447876,70266
5.774190902709961,70266
5.775075435638428,70266
5.7763917446136475,70266
5.777275323867798,70266
5.778156757354736,70266
5.7790398597717285,70266
5.780344247817993,70266
5.781223297119141,70266
5.7821033000946045,70266
5.783407688140869,70266
5.784289360046387,70266
5.785170555114746,70266
5.7860612869262695,70266
5.7873618602752686,70266
5.788240194320679,70266
5.789120435714722,70266
5.790424823760986,70266
5.791308403015137,70266
5.792189359664917,70266
5.793070554733276,70266
5.794373512268066,70266
5.7952563762664795,70266
5.796151161193848,70266
5.797035217285156,70266
5.7983386516571045,70266
5.799218654632568,70266
5.800098419189453,70266
5.801401615142822,70266
5.802282810211182,70266
5.803165435791016,70266
5.804046392440796,70266
5.805344581604004,70266
5.806236028671265,70266
5.807117462158203,70266
5.808422803878784,70266
5.809304237365723,70266
5.810184717178345,70266
5.811063766479492,70266
5.812368869781494,70266
5.813250303268433,70266
5.8141326904296875,70266
5.815012216567993,70266
5.816328525543213,70266
5.817209482192993,70266
5.818090438842773,70266
5.819394826889038,70266
5.820279121398926,70266
5.821161270141602,70266
5.822042942047119,70266
5.823347806930542,70266
5.824228525161743,70266
5.825109958648682,70266
5.8260040283203125,70266
5.827308416366577,70266
5.828190803527832,70266
5.829073429107666,70266
5.830376148223877,70266
5.831258535385132,70266
5.832141876220703,70266
5.8330254554748535,70266
5.834329843521118,70266
5.835208892822266,70266
5.836101055145264,70266
5.837407112121582,70266
5.83829140663147,70266
5.839174747467041,70266
5.840056657791138,70266
5.841361999511719,70266
5.842243671417236,70266
5.843127250671387,70266
5.844010829925537,70266
5.845313787460327,70266
5.846203088760376,70266
5.847087860107422,70266
5.848391771316528,70266
5.849273681640625,70266
5.850156784057617,70266
5.851039886474609,70266
5.852341413497925,70266
5.853220224380493,70266
5.854098558425903,70266
5.855403184890747,70266
5.8562963008880615,70266
5.857177734375,70266
5.8580591678619385,70266
5.8593621253967285,70266
5.860245704650879,70266
5.8611273765563965,70266
5.8620078563690186,70266
5.8633105754852295,70266
5.864196300506592,70266
5.865079402923584,70266
5.866393089294434,70266
5.8672776222229,70266
5.868157863616943,70266
5.869039535522461,70266
5.870342016220093,70266
5.8712241649627686,70266
5.872105121612549,70266
5.873409032821655,70266
5.8742921352386475,70266
5.875176191329956,70266
5.8760666847229,70266
5.877368450164795,70266
5.878246784210205,70266
5.87912654876709,70266
5.880008935928345,70266
5.881313323974609,70266
5.882195711135864,70266
5.88307523727417,70266
5.884377479553223,70266
5.885259628295898,70266
5.886151075363159,70266
5.8870344161987305,70266
5.8883373737335205,70266
5.889220714569092,70266
5.890101909637451,70266
5.891402959823608,70266
5.89228630065918,70266
5.893169403076172,70266
5.894054651260376,70266
5.895359039306641,70266
5.8962485790252686,70266
5.897129058837891,70266
5.8980138301849365,70266
5.899319887161255,70266
5.900201797485352,70266
5.901080369949341,70266
5.902383804321289,70266
5.903266429901123,70266
5.904148101806641,70266
5.905030250549316,70266
5.906342267990112,70266
5.907225847244263,70266
5.90810489654541,70266
5.909408092498779,70266
5.9102866649627686,70266
5.91116738319397,70266
5.912047863006592,70266
5.913348913192749,70266
5.914230823516846,70266
5.915112018585205,70266
5.916006326675415,70266
5.917308568954468,70266
5.9181883335113525,70266
5.9190685749053955,70266
5.920375347137451,70266
5.9212541580200195,70266
5.922135353088379,70266
5.923017978668213,70266
5.924323081970215,70266
5.9252097606658936,70266
5.92609977722168,70266
5.927407741546631,70266
5.9282920360565186,70266
5.929175853729248,70266
5.930056095123291,70266
5.931360960006714,70266
5.93224310874939,70266
5.933125257492065,70266
5.934007883071899,70266
5.935307264328003,70266
5.936201333999634,70266
5.9370832443237305,70266
5.938387393951416,70266
5.939270734786987,70266
5.940152883529663,70266
5.9410340785980225,70266
5.94233775138855,70266
5.943217515945435,70266
5.944121837615967,70266
5.945004940032959,70266
5.9463183879852295,70266
5.947199583053589,70266
5.948100328445435,70266
5.94940710067749,70266
5.95031213760376,70266
5.95121431350708,70266
5.9520978927612305,70266
5.953396797180176,70266
5.95427942276001,70266
5.955162525177002,70266
5.956056594848633,70266
5.957362174987793,70266
5.958242416381836,70266
5.9591286182403564,70266
5.96001124382019,70266
5.961313247680664,70266
5.962195158004761,70266
5.963075637817383,70266
5.964376211166382,70266
5.965257167816162,70266
5.966149806976318,70266
5.967034101486206,70266
5.968339443206787,70266
5.969219923019409,70266
5.970101594924927,70266
5.9714035987854,70266
5.97228741645813,70266
5.97317099571228,70266
5.974052667617798,70266
5.975356340408325,70266
5.976248502731323,70266
5.977126598358154,70266
5.978006362915039,70266
5.979308843612671,70266
5.980188369750977,70266
5.981069326400757,70266
5.9823713302612305,70266
5.983250617980957,70266
5.984130620956421,70266
5.985015392303467,70266
5.986331224441528,70266
5.987212181091309,70266
5.988094329833984,70266
5.989397048950195,70266
5.990281343460083,70266
5.991163730621338,70266
5.992047071456909,70266
5.993349552154541,70266
5.994231700897217,70266
5.995110750198364,70266
5.996005058288574,70266
5.9973108768463135,70266
5.99819016456604,70266
5.99906849861145,70266
6.000371694564819,70266
6.001253128051758,70266
6.002135276794434,70266
6.003016233444214,70266
6.004317998886108,70266
6.005200147628784,70266
6.006092548370361,70266
6.007397890090942,70266
6.008281230926514,70266
6.0091636180877686,70266
6.010045766830444,70266
6.011346817016602,70266
6.012228488922119,70266
6.01310920715332,70266
6.0144126415252686,70266
6.015296459197998,70266
6.016191244125366,70266
6.01707124710083,70266
6.018373966217041,70266
6.01925802230835,70266
6.020140647888184,70266
6.021024465560913,70266
6.022327899932861,70266
6.0232110023498535,70266
6.024093151092529,70266
6.025400400161743,70266
6.026295900344849,70266
6.0271759033203125,70266
6.028056383132935,70266
6.0293591022491455,70266
6.030237674713135,70266
6.031116724014282,70266
6.032420873641968,70266
6.033303737640381,70266
6.034187316894531,70266
6.0350706577301025,70266
6.036387920379639,70266
6.037267208099365,70266
6.038148880004883,70266
6.039032936096191,70266
6.040338039398193,70266
6.041216850280762,70266
6.0420966148376465,70266
6.043402433395386,70266
6.044283866882324,70266
6.045164585113525,70266
6.046056270599365,70266
6.047359943389893,70266
6.04824161529541,70266
6.049121141433716,70266
6.050004482269287,70266
6.051318645477295,70266
6.05220103263855,70266
6.053082466125488,70266
6.054385662078857,70266
6.055267572402954,70266
6.056161403656006,70266
6.05704402923584,70266
6.058347940444946,70266
6.059228897094727,70266
6.060110330581665,70266
6.061414003372192,70266
6.062296390533447,70266
6.063179016113281,70266
6.064058065414429,70266
6.06536340713501,70266
6.0662522315979,70266
6.067134857177734,70266
6.06801962852478,70266
6.069324731826782,70266
6.070204019546509,70266
6.0710837841033936,70266
6.072387456893921,70266
6.073268413543701,70266
6.074149131774902,70266
6.075032949447632,70266
6.076348781585693,70266
6.0772318840026855,70266
6.078111171722412,70266
6.07941460609436,70266
6.080297946929932,70266
6.08117938041687,70266
6.08206033706665,70266
6.083362579345703,70266
6.084242820739746,70266
6.085124254226685,70266
6.086015939712524,70266
6.087336301803589,70266
6.088219404220581,70266
6.089099407196045,70266
6.0900046825408936,70266
6.091327905654907,70266
6.0922088623046875,70266
6.09309196472168,70266
6.094395399093628,70266
6.09527587890625,70266
6.096168041229248,70266
6.097050189971924,70266
6.098354339599609,70266
6.099235773086548,70266
6.100115776062012,70266
6.101417541503906,70266
6.1023030281066895,70266
6.103184700012207,70266
6.10406494140625,70266
6.105367660522461,70266
6.106257915496826,70266
6.107138395309448,70266
6.108021259307861,70266
6.1093223094940186,70266
6.110201835632324,70266
6.111079216003418,70266
6.112382173538208,70266
6.11326265335083,70266
6.114144325256348,70266
6.115025281906128,70266
6.116337537765503,70266
6.117218017578125,70266
6.118098497390747,70266
6.119403123855591,70266
6.120287895202637,70266
6.121171712875366,70266
6.122054815292358,70266
6.123362302780151,70266
6.124239444732666,70266
6.125116348266602,70266
6.126009225845337,70266
6.127313137054443,70266
6.128191709518433,70266
6.129072189331055,70266
6.1303722858428955,70266
6.131253004074097,70266
6.132133483886719,70266
6.133015155792236,70266
6.13431453704834,70266
6.135197162628174,70266
6.136086940765381,70266
6.137399196624756,70266
6.138280630111694,70266
6.139165163040161,70266
6.1400465965271,70266
6.141345500946045,70266
6.142226696014404,70266
6.143105506896973,70266
6.144010066986084,70266
6.1453118324279785,70266
6.146203279495239,70266
6.14708685874939,70266
6.148414850234985,70266
6.149297475814819,70266
6.150177478790283,70266
6.151055812835693,70266
6.1523597240448,70266
6.153238534927368,70266
6.154117822647095,70266
6.155420303344727,70266
6.156315326690674,70266
6.157195329666138,70266
6.158075332641602,70266
6.159373044967651,70266
6.160249471664429,70266
6.161126375198364,70266
6.162006616592407,70266
6.163307189941406,70266
6.164187669754028,70266
6.165066242218018,70266
6.1663782596588135,70266
6.167260646820068,70266
6.168142080307007,70266
6.169021844863892,70266
6.170323133468628,70266
6.171204090118408,70266
6.172084093093872,70266
6.173386812210083,70266
6.174269676208496,70266
6.175152778625488,70266
6.176047325134277,70266
6.177350044250488,70266
6.178232908248901,70266
6.179114818572998,70266
6.180421829223633,70266
6.181304931640625,70266
6.18218731880188,70266
6.183067560195923,70266
6.184369325637817,70266
6.185248851776123,70266
6.1861395835876465,70266
6.18702244758606,70266
6.188328504562378,70266
6.189208507537842,70266
6.190087556838989,70266
6.191390514373779,70266
6.192270278930664,70266
6.193151235580444,70266
6.194033145904541,70266
6.195337533950806,70266
6.196228504180908,70266
6.197107791900635,70266
6.19840931892395,70266
6.199290752410889,70266
6.200169563293457,70266
6.2010533809661865,70266
6.20235800743103,70266
6.203242063522339,70266
6.204122066497803,70266
6.205004692077637,70266
6.206322431564331,70266
6.207205057144165,70266
6.208086967468262,70266
6.2093892097473145,70266
6.210271120071411,70266
6.211150407791138,70266
6.212031602859497,70266
6.213335990905762,70266
6.2142157554626465,70266
6.2150962352752686,70266
6.216411352157593,70266
6.217292308807373,70266
6.218174457550049,70266
6.219054222106934,70266
6.22035551071167,70266
6.221235513687134,70266
6.222115755081177,70266
6.223416805267334,70266
6.2242958545684814,70266
6.225176572799683,70266
6.226063013076782,70266
6.227367639541626,70266
6.228248834609985,70266
6.229128122329712,70266
6.2300121784210205,70266
6.231316804885864,70266
6.232197999954224,70266
6.233078479766846,70266
6.234378099441528,70266
6.235259294509888,70266
6.236151456832886,70266
6.237033128738403,70266
6.238335371017456,70266
6.23922061920166,70266
6.240098237991333,70266
6.241401672363281,70266
6.242283344268799,70266
6.243165493011475,70266
6.244045734405518,70266
6.245348930358887,70266
6.246239900588989,70266
6.247117042541504,70266
6.248418092727661,70266
6.249301433563232,70266
6.250185489654541,70266
6.251066446304321,70266
6.252373218536377,70266
6.253252267837524,70266
6.254132986068726,70266
6.255015850067139,70266
6.2563323974609375,70266
6.257213354110718,70266
6.258094549179077,70266
6.259400129318237,70266
6.260282516479492,70266
6.26116418838501,70266
6.262048244476318,70266
6.263352155685425,70266
6.264233827590942,70266
6.265115976333618,70266
6.266008138656616,70266
6.267315864562988,70266
6.268201589584351,70266
6.269084930419922,70266
6.270391941070557,70266
6.271274089813232,70266
6.272154331207275,70266
6.273037672042847,70266
6.274341821670532,70266
6.275220632553101,70266
6.276110410690308,70266
6.277413368225098,70266
6.278297185897827,70266
6.279177904129028,70266
6.280059099197388,70266
6.2813615798950195,70266
6.282243967056274,70266
6.283121585845947,70266
6.284006357192993,70266
6.285306930541992,70266
6.2861998081207275,70266
6.287081718444824,70266
6.288383483886719,70266
6.289264917373657,70266
6.290144920349121,70266
6.291027069091797,70266
6.29232931137085,70266
6.293208122253418,70266
6.294088363647461,70266
6.295388460159302,70266
6.2962806224823,70266
6.297164678573608,70266
6.298046588897705,70266
6.299349546432495,70266
6.300230026245117,70266
6.30111026763916,70266
6.302412509918213,70266
6.303295612335205,70266
6.304178237915039,70266
6.3050596714019775,70266
6.306377649307251,70266
6.307260990142822,70266
6.308143615722656,70266
6.309026002883911,70266
6.310328960418701,70266
6.311237812042236,70266
6.312120676040649,70266
6.313006162643433,70266
6.314310789108276,70266
6.315190315246582,70266
6.316082000732422,70266
6.317387819290161,70266
6.3182692527771,70266
6.319149732589722,70266
6.32003378868103,70266
6.321338176727295,70266
6.322217702865601,70266
6.323098182678223,70266
6.324404239654541,70266
6.325284242630005,70266
6.326179027557373,70266
6.327059507369995,70266
6.328362226486206,70266
6.329244136810303,70266
6.330125570297241,70266
6.331006288528442,70266
6.33230996131897,70266
6.333192825317383,70266
6.334072113037109,70266
6.335374593734741,70266
6.336264133453369,70266
6.337146759033203,70266
6.338029384613037,70266
6.339334964752197,70266
6.340214967727661,70266
6.341095685958862,70266
6.342397451400757,70266
6.343279600143433,70266
6.344187259674072,70266
6.3450727462768555,70266
6.346390008926392,70266
6.347273111343384,70266
6.348154544830322,70266
6.349039316177368,70266
6.350347995758057,70266
6.351230621337891,70266
6.352111339569092,70266
6.353413343429565,70266
6.354296922683716,70266
6.355180025100708,70266
6.356069803237915,70266
6.357372522354126,70266
6.358252048492432,70266
6.359135627746582,70266
6.360016822814941,70266
6.3613197803497314,70266
6.3621985912323,70266
6.363080978393555,70266
6.364386796951294,70266
6.365264892578125,70266
6.3661582469940186,70266
6.367040634155273,70266
6.368345737457275,70266
6.369227409362793,70266
6.370109796524048,70266
6.371413230895996,70266
6.3722968101501465,70266
6.373178720474243,70266
6.374058961868286,70266
6.375361204147339,70266
6.376253366470337,70266
6.377131700515747,70266
6.3780131340026855,70266
6.379311561584473,70266
6.380192518234253,70266
6.381073474884033,70266
6.382379055023193,70266
6.38325834274292,70266
6.384138822555542,70266
6.385020017623901,70266
6.386335134506226,70266
6.387217998504639,70266
6.388099908828735,70266
6.389401912689209,70266
6.3902857303619385,70266
6.391167640686035,70266
6.392048120498657,70266
6.393348455429077,70266
6.394229173660278,70266
6.395108938217163,70266
6.396003484725952,70266
6.3973047733306885,70266
6.39818811416626,70266
6.399068832397461,70266
6.400370121002197,70266
6.40124773979187,70266
6.402130603790283,70266
6.4030115604400635,70266
6.404313087463379,70266
6.405193567276001,70266
6.406084060668945,70266
6.40738582611084,70266
6.4082629680633545,70266
6.409146308898926,70266
6.410029172897339,70266
6.4113335609436035,70266
6.412218332290649,70266
6.413098573684692,70266
6.414405107498169,70266
6.415287494659424,70266
6.416183948516846,70266
6.417065143585205,70266
6.418370246887207,70266
6.419250965118408,70266
6.420135021209717,70266
6.421019077301025,70266
6.422322511672974,70266
6.423204183578491,70266
6.424086570739746,70266
6.425391435623169,70266
6.426283121109009,70266
6.427164554595947,70266
6.42804741859436,70266
6.429352283477783,70266
6.430235862731934,70266
6.431115388870239,70266
6.432417154312134,70266
6.43330192565918,70266
6.434184312820435,70266
6.435066223144531,70266
6.436380624771118,70266
6.437260627746582,70266
6.438142538070679,70266
6.439022064208984,70266
6.440326929092407,70266
6.4412078857421875,70266
6.442089557647705,70266
6.443394899368286,70266
6.444278001785278,70266
6.445162296295166,70266
6.446055889129639,70266
6.447364330291748,70266
6.448243618011475,70266
6.449122190475464,70266
6.450422286987305,70266
6.451306104660034,70266
6.45218825340271,70266
6.453071117401123,70266
6.45437216758728,70266
6.455251932144165,70266
6.456142902374268,70266
6.457024335861206,70266
6.458324909210205,70266
6.459205865859985,70266
6.460088729858398,70266
6.461391448974609,70266
6.4622743129730225,70266
6.463155269622803,70266
6.464036226272583,70266
6.465344429016113,70266
6.466237306594849,70266
6.467122793197632,70266
6.468005180358887,70266
6.469308853149414,70266
6.470191717147827,70266
6.471076965332031,70266
6.472379207611084,70266
6.473259687423706,70266
6.474142789840698,70266
6.475025415420532,70266
6.476339340209961,70266
6.477221727371216,70266
6.478102445602417,70266
6.479407787322998,70266
6.480291128158569,70266
6.481173992156982,70266
6.482056617736816,70266
6.483360767364502,70266
6.484240531921387,70266
6.485121011734009,70266
6.4860146045684814,70266
6.487319231033325,70266
6.488201141357422,70266
6.489083766937256,70266
6.490387678146362,70266
6.49126672744751,70266
6.4921488761901855,70266
6.493030309677124,70266
6.494335174560547,70266
6.495216131210327,70266
6.496105432510376,70266
6.49741005897522,70266
6.498297691345215,70266
6.4991843700408936,70266
6.5000669956207275,70266
6.5013720989227295,70266
6.502253293991089,70266
6.503133773803711,70266
6.504017114639282,70266
6.505326747894287,70266
6.506216526031494,70266
6.507099628448486,70266
6.508405447006226,70266
6.509288549423218,70266
6.5101728439331055,70266
6.5110557079315186,70266
6.512355327606201,70266
6.513239145278931,70266
6.51411771774292,70266
6.515420913696289,70266
6.516311407089233,70266
6.517192125320435,70266
6.518074989318848,70266
6.519404888153076,70266
6.52029013633728,70266
6.521172523498535,70266
6.5220558643341064,70266
6.523360013961792,70266
6.5242414474487305,70266
6.525120258331299,70266
6.526015281677246,70266
6.527320384979248,70266
6.52820348739624,70266
6.529083967208862,70266
6.530385732650757,70266
6.531266450881958,70266
6.532150506973267,70266
6.533033847808838,70266
6.5343358516693115,70266
6.535216569900513,70266
6.536104917526245,70266
6.5374064445495605,70266
6.538289785385132,70266
6.539172172546387,70266
6.540054798126221,70266
6.5413594245910645,70266
6.542237758636475,70266
6.543119668960571,70266
6.54403018951416,70266
6.545342445373535,70266
6.546236276626587,70266
6.547118425369263,70266
6.548003911972046,70266
6.549305200576782,70266
6.550187349319458,70266
6.551069736480713,70266
6.552373647689819,70266
6.553252458572388,70266
6.55413556098938,70266
6.555016279220581,70266
6.5563294887542725,70266
6.557211875915527,70266
6.558090925216675,70266
6.5593955516815186,70266
6.560277223587036,70266
6.561160564422607,70266
6.562152147293091,70266
6.563406705856323,70266
6.5642924308776855,70266
6.5651936531066895,70266
6.56609582901001,70266
6.567401647567749,70266
6.568285226821899,70266
6.569191932678223,70266
6.570090055465698,70266
6.571397542953491,70266
6.572280645370483,70266
6.573186159133911,70266
6.57407021522522,70266
6.575374603271484,70266
6.576263666152954,70266
6.577146053314209,70266
6.578029155731201,70266
6.579333543777466,70266
6.580214023590088,70266
6.5810935497283936,70266
6.582395315170288,70266
6.583277225494385,70266
6.5841591358184814,70266
6.5850396156311035,70266
6.586355686187744,70266
6.587237358093262,70266
6.588117361068726,70266
6.589420557022095,70266
6.590304374694824,70266
6.5911853313446045,70266
6.592064619064331,70266
6.593369007110596,70266
6.594248533248901,70266
6.59512996673584,70266
6.596024036407471,70266
6.597330331802368,70266
6.5982136726379395,70266
6.599096298217773,70266
6.600397825241089,70266
6.601281404495239,70266
6.6021623611450195,70266
6.603044748306274,70266
6.604349136352539,70266
6.605230331420898,70266
6.6061201095581055,70266
6.607003211975098,70266
6.608304262161255,70266
6.609184980392456,70266
6.610067844390869,70266
6.611375570297241,70266
6.612252712249756,70266
6.613131999969482,70266
6.614014625549316,70266
6.615320444107056,70266
6.616212368011475,70266
6.617092847824097,70266
6.61839485168457,70266
6.619277000427246,70266
6.620158910751343,70266
6.621040105819702,70266
6.622344017028809,70266
6.6232240200042725,70266
6.624101161956787,70266
6.625403881072998,70266
6.626294851303101,70266
6.627175331115723,70266
6.628056049346924,70266
6.629356622695923,70266
6.630238771438599,70266
6.631118535995483,70266
6.632420301437378,70266
6.633302450180054,70266
6.634183883666992,70266
6.635066032409668,70266
6.636382818222046,70266
6.637264966964722,70266
6.6381447315216064,70266
6.639027833938599,70266
6.640331268310547,70266
6.641211986541748,70266
6.6420934200286865,70266
6.643397092819214,70266
6.6442790031433105,70266
6.645162105560303,70266
6.64605450630188,70266
6.647358655929565,70266
6.648239850997925,70266
6.649119853973389,70266
6.650005578994751,70266
6.651308298110962,70266
6.652189493179321,70266
6.653071880340576,70266
6.65437650680542,70266
6.655259609222412,70266
6.656151056289673,70266
6.657032489776611,70266
6.6583356857299805,70266
6.659215688705444,70266
6.660095930099487,70266
6.6613993644714355,70266
6.662283182144165,70266
6.663165807723999,70266
6.664048910140991,70266
6.6653501987457275,70266
6.666253328323364,70266
6.667133331298828,70266
6.668014287948608,70266
6.6693127155303955,70266
6.670193910598755,70266
6.671076536178589,70266
6.6723792552948,70266
6.673260927200317,70266
6.674141883850098,70266
6.675024747848511,70266
6.676340579986572,70266
6.677222728729248,70266
6.678103685379028,70266
6.679407835006714,70266
6.680291414260864,70266
6.681174278259277,70266
6.682050466537476,70266
6.683347940444946,70266
6.684229135513306,70266
6.685106039047241,70266
6.686417818069458,70266
6.687298774719238,70266
6.688179016113281,70266
6.689058303833008,70266
6.69036078453064,70266
6.691240072250366,70266
6.692117929458618,70266
6.69342303276062,70266
6.694305658340454,70266
6.695189714431763,70266
6.696083068847656,70266
6.697387218475342,70266
6.698266506195068,70266
6.699147701263428,70266
6.7000322341918945,70266
6.701335906982422,70266
6.702216625213623,70266
6.703094482421875,70266
6.704397916793823,70266
6.705278635025024,70266
6.706169843673706,70266
6.7070536613464355,70266
6.708359003067017,70266
6.7092413902282715,70266
6.7101218700408936,70266
6.711005687713623,70266
6.712312698364258,70266
6.71319842338562,70266
6.714082717895508,70266
6.71538782119751,70266
6.716278791427612,70266
6.717161417007446,70266
6.718042373657227,70266
6.719348907470703,70266
6.720231056213379,70266
6.72111177444458,70266
6.722416400909424,70266
6.723299980163574,70266
6.724184989929199,70266
6.725067853927612,70266
6.726383447647095,70266
6.727265119552612,70266
6.7281494140625,70266
6.729034900665283,70266
6.730340003967285,70266
6.731222867965698,70266
6.732102632522583,70266
6.733407974243164,70266
6.734290361404419,70266
6.73517370223999,70266
6.736066102981567,70266
6.737373352050781,70266
6.738253116607666,70266
6.7391357421875,70266
6.740018367767334,70266
6.741320371627808,70266
6.742205619812012,70266
6.74308705329895,70266
6.744415283203125,70266
6.745301723480225,70266
6.7461981773376465,70266
6.747080087661743,70266
6.748386859893799,70266
6.749268054962158,70266
6.750146865844727,70266
6.7510292530059814,70266
6.752333879470825,70266
6.753215551376343,70266
6.754098176956177,70266
6.7554028034210205,70266
6.756298065185547,70266
6.7571797370910645,70266
6.758060693740845,70266
6.759368419647217,70266
6.760249614715576,70266
6.761128902435303,70266
6.762012720108032,70266
6.763315916061401,70266
6.7641987800598145,70266
6.765082597732544,70266
6.766400337219238,70266
6.767282247543335,70266
6.7681660652160645,70266
6.76904821395874,70266
6.7703564167022705,70266
6.771238565444946,70266
6.772119045257568,70266
6.773422002792358,70266
6.7743079662323,70266
6.775190591812134,70266
6.776083946228027,70266
6.777389764785767,70266
6.778270483016968,70266
6.779154539108276,70266
6.780038118362427,70266
6.7813403606414795,70266
6.782225608825684,70266
6.78310751914978,70266
6.78441309928894,70266
6.785296201705933,70266
6.786187648773193,70266
6.787068843841553,70266
6.788372039794922,70266
6.7892515659332275,70266
6.790132284164429,70266
6.791016101837158,70266
6.792321681976318,70266
6.793204069137573,70266
6.794084072113037,70266
6.7953855991363525,70266
6.796277046203613,70266
6.797159910202026,70266
6.798041343688965,70266
6.799346446990967,70266
6.8002283573150635,70266
6.801107883453369,70266
6.802411317825317,70266
6.803295373916626,70266
6.804177761077881,70266
6.805060625076294,70266
6.806376695632935,70266
6.8072590827941895,70266
6.808141708374023,70266
6.809024095535278,70266
6.810327053070068,70266
6.811206340789795,70266
6.81208872795105,70266
6.813392400741577,70266
6.8143157958984375,70266
6.815196990966797,70266
6.816089868545532,70266
6.817395210266113,70266
6.8182759284973145,70266
6.819157361984253,70266
6.820038795471191,70266
6.821343421936035,70266
6.822225570678711,70266
6.823106288909912,70266
6.824409246444702,70266
6.825289964675903,70266
6.826181650161743,70266
6.82706356048584,70266
6.828366756439209,70266
6.82925009727478,70266
6.830132722854614,70266
6.831015348434448,70266
6.83231782913208,70266
6.833200693130493,70266
6.8340840339660645,70266
6.835386753082275,70266
6.836279392242432,70266
6.837163209915161,70266
6.838045120239258,70266
6.839347839355469,70266
6.840231657028198,70266
6.841112852096558,70266
6.8424155712127686,70266
6.843298673629761,70266
6.844182252883911,70266
6.845065355300903,70266
6.846381187438965,70266
6.847261667251587,70266
6.848142385482788,70266
6.849024772644043,70266
6.85032844543457,70266
6.851208448410034,70266
6.852088451385498,70266
6.853389739990234,70266
6.85427188873291,70266
6.855154275894165,70266
6.856046915054321,70266
6.8573479652404785,70266
6.858225107192993,70266
6.859105348587036,70266
6.8604066371917725,70266
6.861287832260132,70266
6.862170696258545,70266
6.863051414489746,70266
6.864352226257324,70266
6.865232229232788,70266
6.866121768951416,70266
6.867006778717041,70266
6.868309259414673,70266
6.869197368621826,70266
6.870082378387451,70266
6.871391296386719,70266
6.872274398803711,70266
6.873160123825073,70266
6.874048709869385,70266
6.875356674194336,70266
6.876249313354492,70266
6.877131462097168,70266
6.878034353256226,70266
6.879340648651123,70266
6.880239725112915,70266
6.881120204925537,70266
6.882023334503174,70266
6.883328676223755,70266
6.884209871292114,70266
6.885090351104736,70266
6.886406898498535,70266
6.887288808822632,70266
6.888171911239624,70266
6.889051914215088,70266
6.890356779098511,70266
6.891237497329712,70266
6.892117738723755,70266
6.893003463745117,70266
6.894309043884277,70266
6.8951990604400635,70266
6.89609169960022,70266
6.897393703460693,70266
6.8982768058776855,70266
6.899159908294678,70266
6.9000396728515625,70266
6.901342391967773,70266
6.90222692489624,70266
6.903103590011597,70266
6.904408693313599,70266
6.905293703079224,70266
6.90618634223938,70266
6.90706729888916,70266
6.90837025642395,70266
6.909250974655151,70266
6.910130500793457,70266
6.911011457443237,70266
6.912315130233765,70266
6.913197755813599,70266
6.9140784740448,70266
6.91537880897522,70266
6.916270017623901,70266
6.917150974273682,70266
6.9180333614349365,70266
6.919334411621094,70266
6.920214653015137,70266
6.921092987060547,70266
6.922396898269653,70266
6.92327880859375,70266
6.9241623878479,70266
6.925043106079102,70266
6.926356554031372,70266
6.927237272262573,70266
6.928116798400879,70266
6.9294188022613525,70266
6.930301904678345,70266
6.931184768676758,70266
6.932088136672974,70266
6.933398485183716,70266
6.934301853179932,70266
6.9352030754089355,70266
6.936099529266357,70266
6.937406301498413,70266
6.938289642333984,70266
6.939175128936768,70266
6.940057277679443,70266
6.941362619400024,70266
6.942244052886963,70266
6.943126678466797,70266
6.944033145904541,70266
6.945355176925659,70266
6.94624662399292,70266
6.947130441665649,70266
6.948014974594116,70266
6.949316740036011,70266
6.950198650360107,70266
6.951081275939941,70266
6.952381610870361,70266
6.953261613845825,70266
6.954141855239868,70266
6.955026626586914,70266
6.956340551376343,70266
6.957223415374756,70266
6.958106756210327,70266
6.959411859512329,70266
6.960294485092163,70266
6.961174726486206,70266
6.962054967880249,70266
6.96336030960083,70266
6.9642415046691895,70266
6.965122222900391,70266
6.966016530990601,70266
6.967319965362549,70266
6.968200206756592,70266
6.969081401824951,70266
6.970382928848267,70266
6.971267461776733,70266
6.972148656845093,70266
6.973033905029297,70266
6.974337339401245,70266
6.9752197265625,70266
6.976108551025391,70266
6.977405786514282,70266
6.978287696838379,70266
6.979169607162476,70266
6.9800498485565186,70266
6.981351852416992,70266
6.98223352432251,70266
6.983112335205078,70266
6.984414339065552,70266
6.9852988719940186,70266
6.986193656921387,70266
6.987075328826904,70266
6.988381385803223,70266
6.989262580871582,70266
6.9901442527771,70266
6.991025447845459,70266
6.992328643798828,70266
6.9932098388671875,70266
6.994092702865601,70266
6.995396852493286,70266
6.996291637420654,70266
6.997175455093384,70266
6.998057842254639,70266
6.999364614486694,70266
7.000247478485107,70266
7.001131534576416,70266
7.002013921737671,70266
7.0033180713653564,70266
7.004201173782349,70266
7.005081415176392,70266
7.006397008895874,70266
7.0072855949401855,70266
7.0081703662872314,70266
7.0090553760528564,70266
7.010361433029175,70266
7.011243581771851,70266
7.012124538421631,70266
7.013009071350098,70266
7.014314889907837,70266
7.015198469161987,70266
7.016090631484985,70266
7.017395257949829,70266
7.018279314041138,70266
7.01916241645813,70266
7.020045518875122,70266
7.021349906921387,70266
7.0222327709198,70266
7.023112058639526,70266
7.024417400360107,70266
7.025301218032837,70266
7.026193857192993,70266
7.027076005935669,70266
7.028380393981934,70266
7.029260873794556,70266
7.03014063835144,70266
7.031026124954224,70266
7.032329559326172,70266
7.03321099281311,70266
7.034093618392944,70266
7.035397052764893,70266
7.03629207611084,70266
7.0371763706207275,70266
7.038058757781982,70266
7.039362907409668,70266
7.04024600982666,70266
7.041129112243652,70266
7.042013645172119,70266
7.043320417404175,70266
7.044201612472534,70266
7.045085668563843,70266
7.046399354934692,70266
7.047285318374634,70266
7.048169374465942,70266
7.0490546226501465,70266
7.05036187171936,70266
7.051245450973511,70266
7.052126407623291,70266
7.053009033203125,70266
7.054314613342285,70266
7.055197238922119,70266
7.0560901165008545,70266
7.057392835617065,70266
7.058274269104004,70266
7.059157133102417,70266
7.0600409507751465,70266
7.0613462924957275,70266
7.062228441238403,70266
7.0631091594696045,70266
7.0644097328186035,70266
7.065294027328491,70266
7.066186428070068,70266
7.067066669464111,70266
7.068371772766113,70266
7.069253444671631,70266
7.0701329708099365,70266
7.071014881134033,70266
7.07231879234314,70266
7.073198080062866,70266
7.074082374572754,70266
7.075389385223389,70266
7.076278209686279,70266
7.077160596847534,70266
7.078041076660156,70266
7.079345464706421,70266
7.080227851867676,70266
7.081112384796143,70266
7.082418441772461,70266
7.083301067352295,70266
7.08418607711792,70266
7.085067510604858,70266
7.086384057998657,70266
7.087267160415649,70266
7.088149070739746,70266
7.089030742645264,70266
7.090333938598633,70266
7.091213226318359,70266
7.09209418296814,70266
7.093399286270142,70266
7.094282865524292,70266
7.095165967941284,70266
7.096059322357178,70266
7.097362756729126,70266
7.09824275970459,70266
7.099125862121582,70266
7.1000096797943115,70266
7.1013147830963135,70266
7.102196931838989,70266
7.103081226348877,70266
7.104385852813721,70266
7.105268239974976,70266
7.106163501739502,70266
7.107047080993652,70266
7.10835337638855,70266
7.109234094619751,70266
7.110115051269531,70266
7.111416816711426,70266
7.112299203872681,70266
7.113181114196777,70266
7.114063739776611,70266
7.115370512008667,70266
7.116260051727295,70266
7.1171417236328125,70266
7.118026256561279,70266
7.119330883026123,70266
7.120211601257324,70266
7.121094465255737,70266
7.1224000453948975,70266
7.123283863067627,70266
7.124167442321777,70266
7.125051259994507,70266
7.126368761062622,70266
7.127252578735352,70266
7.12813401222229,70266
7.129016637802124,70266
7.130321264266968,70266
7.131206274032593,70266
7.132089614868164,70266
7.133396625518799,70266
7.134276866912842,70266
7.135159015655518,70266
7.1360554695129395,70266
7.137360095977783,70266
7.138241529464722,70266
7.13912296295166,70266
7.14000678062439,70266
7.141312122344971,70266
7.142197608947754,70266
7.143081426620483,70266
7.144408464431763,70266
7.14529275894165,70266
7.1461873054504395,70266
7.147069692611694,70266
7.1484034061431885,70266
7.149289131164551,70266
7.150173664093018,70266
7.151055574417114,70266
7.152359247207642,70266
7.153242111206055,70266
7.154125452041626,70266
7.155009746551514,70266
7.156323194503784,70266
7.157206058502197,70266
7.158091068267822,70266
7.159395456314087,70266
7.160279750823975,70266
7.161162614822388,70266
7.162044525146484,70266
7.163349866867065,70266
7.164231300354004,70266
7.165111541748047,70266
7.166023254394531,70266
7.167330741882324,70266
7.168211221694946,70266
7.169095277786255,70266
7.170400381088257,70266
7.171283960342407,70266
7.172164678573608,70266
7.173046350479126,70266
7.174348592758179,70266
7.175227642059326,70266
7.176120758056641,70266
7.177004337310791,70266
7.178309679031372,70266
7.179192543029785,70266
7.180074453353882,70266
7.18137788772583,70266
7.182260036468506,70266
7.183142185211182,70266
7.184028148651123,70266
7.18532919883728,70266
7.186218976974487,70266
7.187100172042847,70266
7.188404083251953,70266
7.189288854598999,70266
7.190172433853149,70266
7.191053152084351,70266
7.19235897064209,70266
7.193240404129028,70266
7.194122076034546,70266
7.1950061321258545,70266
7.196323394775391,70266
7.197206974029541,70266
7.198091506958008,70266
7.199396848678589,70266
7.200282096862793,70266
7.201167583465576,70266
7.202049970626831,70266
7.203354835510254,70266
7.204239368438721,70266
7.205118417739868,70266
7.206014633178711,70266
7.207319736480713,70266
7.208202362060547,70266
7.209083318710327,70266
7.21038818359375,70266
7.211271047592163,70266
7.212155103683472,70266
7.21303915977478,70266
7.2143473625183105,70266
7.215229272842407,70266
7.216120958328247,70266
7.217007637023926,70266
7.218310832977295,70266
7.219192981719971,70266
7.2200751304626465,70266
7.221378803253174,70266
7.222261667251587,70266
7.223146438598633,70266
7.22402811050415,70266
7.225331783294678,70266
7.226223945617676,70266
7.227104902267456,70266
7.228407382965088,70266
7.229290246963501,70266
7.230173826217651,70266
7.2310566902160645,70266
7.232362747192383,70266
7.233244895935059,70266
7.2341296672821045,70266
7.2350122928619385,70266
7.236325979232788,70266
7.237207412719727,70266
7.23808741569519,70266
7.239390850067139,70266
7.240273714065552,70266
7.241156101226807,70266
7.242040157318115,70266
7.2433435916900635,70266
7.244223594665527,70266
7.245103120803833,70266
7.24642014503479,70266
7.247303485870361,70266
7.248182773590088,70266
7.249064207077026,70266
7.25036883354187,70266
7.251248836517334,70266
7.252131938934326,70266
7.253014087677002,70266
7.254315376281738,70266
7.255202770233154,70266
7.256094694137573,70266
7.25739860534668,70266
7.258283376693726,70266
7.25916600227356,70266
7.260047197341919,70266
7.261355400085449,70266
7.262237787246704,70266
7.26311731338501,70266
7.264004707336426,70266
7.265309572219849,70266
7.266201496124268,70266
7.267082452774048,70266
7.268384695053101,70266
7.269267320632935,70266
7.270148992538452,70266
7.2710347175598145,70266
7.272337913513184,70266
7.273218631744385,70266
7.274097681045532,70266
7.275399208068848,70266
7.276293992996216,70266
7.277177572250366,70266
7.278061151504517,70266
7.279363632202148,70266
7.280246019363403,70266
7.281129360198975,70266
7.282014608383179,70266
7.283319473266602,70266
7.284199476242065,70266
7.285082578659058,70266
7.286396503448486,70266
7.287280321121216,70266
7.288163185119629,70266
7.289047002792358,70266
7.290350437164307,70266
7.291234493255615,70266
7.292118549346924,70266
7.293422222137451,70266
7.294307231903076,70266
7.295188903808594,70266
7.29607892036438,70266
7.297383546829224,70266
7.298265218734741,70266
7.299147844314575,70266
7.300031423568726,70266
7.301337003707886,70266
7.302219867706299,70266
7.303099870681763,70266
7.304404020309448,70266
7.305285930633545,70266
7.306177139282227,70266
7.307058572769165,70266
7.308361768722534,70266
7.30924391746521,70266
7.310126543045044,70266
7.311022043228149,70266
7.3123345375061035,70266
7.3132171630859375,70266
7.3140997886657715,70266
7.315404176712036,70266
7.31629753112793,70266
7.3171820640563965,70266
7.318065404891968,70266
7.319369316101074,70266
7.320250988006592,70266
7.321131467819214,70266
7.322014808654785,70266
7.323318243026733,70266
7.324201345443726,70266
7.325085639953613,70266
7.326399564743042,70266
7.3272809982299805,70266
7.328166961669922,70266
7.329048156738281,70266
7.330355882644653,70266
7.331238269805908,70266
7.332116365432739,70266
7.333421468734741,70266
7.334306478500366,70266
7.335188627243042,70266
7.336082935333252,70266
7.337388515472412,70266
7.338271141052246,70266
7.339156150817871,70266
7.340038776397705,70266
7.341343402862549,70266
7.342228174209595,70266
7.34311056137085,70266
7.344019889831543,70266
7.345327854156494,70266
7.3462183475494385,70266
7.347098112106323,70266
7.34840202331543,70266
7.349285840988159,70266
7.3501691818237305,70266
7.351049900054932,70266
7.352354288101196,70266
7.353239297866821,70266
7.354121208190918,70266
7.355005741119385,70266
7.356317520141602,70266
7.357197999954224,70266
7.3580780029296875,70266
7.3593809604644775,70266
7.360263824462891,70266
7.36114764213562,70266
7.3620312213897705,70266
7.363338947296143,70266
7.3642213344573975,70266
7.365100860595703,70266
7.366417646408081,70266
7.3673012256622314,70266
7.368182897567749,70266
7.369065523147583,70266
7.370372295379639,70266
7.371253252029419,70266
7.372134208679199,70266
7.373018741607666,70266
7.37432336807251,70266
7.3752055168151855,70266
7.376098871231079,70266
7.377403497695923,70266
7.378287315368652,70266
7.379173040390015,70266
7.380053758621216,70266
7.381360054016113,70266
7.382241725921631,70266
7.38312554359436,70266
7.384010314941406,70266
7.385319471359253,70266
7.386213064193726,70266
7.387094974517822,70266
7.388399124145508,70266
7.3892834186553955,70266
7.390170335769653,70266
7.391053676605225,70266
7.392361879348755,70266
7.39324688911438,70266
7.394129037857056,70266
7.395015001296997,70266
7.396330833435059,70266
7.397213697433472,70266
7.398096323013306,70266
7.399399280548096,70266
7.40028190612793,70266
7.401165962219238,70266
7.402047872543335,70266
7.403352975845337,70266
7.404233455657959,70266
7.4051127433776855,70266
7.406007289886475,70266
7.407310247421265,70266
7.408191919326782,70266
7.409071445465088,70266
7.410376071929932,70266
7.411255359649658,70266
7.412136793136597,70266
7.413021087646484,70266
7.414323806762695,70266
7.415205240249634,70266
7.416098356246948,70266
7.417400360107422,70266
7.4182844161987305,70266
7.419168949127197,70266
7.420051574707031,70266
7.4213550090789795,70266
7.422236204147339,70266
7.423115491867065,70266
7.424416780471802,70266
7.425300121307373,70266
7.426192760467529,70266
7.427075386047363,70266
7.428378343582153,70266
7.429258823394775,70266
7.4301416873931885,70266
7.431024551391602,70266
7.4323296546936035,70266
7.4332122802734375,70266
7.434093236923218,70266
7.435394525527954,70266
7.436288595199585,70266
7.437171459197998,70266
7.438053846359253,70266
7.4393579959869385,70266
7.440237522125244,70266
7.441118478775024,70266
7.442420721054077,70266
7.443304061889648,70266
7.444185495376587,70266
7.445066213607788,70266
7.446380138397217,70266
7.447260141372681,70266
7.448142051696777,70266
7.449023723602295,70266
7.450329542160034,70266
7.451209545135498,70266
7.452091693878174,70266
7.453396558761597,70266
7.454280138015747,70266
7.455161809921265,70266
7.4560534954071045,70266
7.457354545593262,70266
7.458237648010254,70266
7.459120273590088,70266
7.4600043296813965,70266
7.46130633354187,70266
7.462190389633179,70266
7.463068246841431,70266
7.464370012283325,70266
7.465253591537476,70266
7.466146945953369,70266
7.46703028678894,70266
7.468334674835205,70266
7.469214200973511,70266
7.470096111297607,70266
7.471397161483765,70266
7.472278594970703,70266
7.473162651062012,70266
7.474044322967529,70266
7.475344657897949,70266
7.476234436035156,70266
7.477116346359253,70266
7.478420734405518,70266
7.479303359985352,70266
7.480185031890869,70266
7.481064319610596,70266
7.482367277145386,70266
7.483248710632324,70266
7.484130620956421,70266
7.48501443862915,70266
7.486327171325684,70266
7.487208843231201,70266
7.488091468811035,70266
7.4893958568573,70266
7.490278482437134,70266
7.491161346435547,70266
7.492040395736694,70266
7.493345022201538,70266
7.494227170944214,70266
7.4951066970825195,70266
7.4964234828948975,70266
7.497306823730469,70266
7.498188018798828,70266
7.499068737030029,70266
7.500373840332031,70266
7.501253843307495,70266
7.502135753631592,70266
7.503018140792847,70266
7.50432014465332,70266
7.505202054977417,70266
7.5060951709747314,70266
7.507398366928101,70266
7.508281469345093,70266
7.509164333343506,70266
7.510044574737549,70266
7.51134991645813,70266
7.512231111526489,70266
7.513109922409058,70266
7.5144124031066895,70266
7.515297889709473,70266
7.51619291305542,70266
7.517077207565308,70266
7.518380880355835,70266
7.519287109375,70266
7.520175218582153,70266
7.521057844161987,70266
7.522359132766724,70266
7.523243427276611,70266
7.524124383926392,70266
7.5250091552734375,70266
7.526325702667236,70266
7.527207851409912,70266
7.528090953826904,70266
7.529397010803223,70266
7.5302817821502686,70266
7.531166315078735,70266
7.5320494174957275,70266
7.533355712890625,70266
7.534236907958984,70266
7.535118818283081,70266
7.536011457443237,70266
7.537316560745239,70266
7.538197994232178,70266
7.539083480834961,70266
7.540386438369751,70266
7.541268825531006,70266
7.54215407371521,70266
7.54303765296936,70266
7.544367790222168,70266
7.545250415802002,70266
7.546144723892212,70266
7.547031402587891,70266
7.548333406448364,70266
7.549212455749512,70266
7.550093173980713,70266
7.551396608352661,70266
7.552279949188232,70266
7.5531628131866455,70266
7.554044723510742,70266
7.55535101890564,70266
7.556242942810059,70266
7.5571229457855225,70266
7.558005332946777,70266
7.559310436248779,70266
7.560192823410034,70266
7.561073064804077,70266
7.562376260757446,70266
7.56356143951416,70266
7.564239263534546,70266
7.565129041671753,70266
7.566043376922607,70266
7.567354202270508,70266
7.568237781524658,70266
7.5691375732421875,70266
7.570040702819824,70266
7.571348667144775,70266
7.57223105430603,70266
7.573129415512085,70266
7.574030160903931,70266
7.5753374099731445,70266
7.576228618621826,70266
7.577109336853027,70266
7.578409433364868,70266
7.579294443130493,70266
7.580177068710327,70266
7.5810582637786865,70266
7.582361698150635,70266
7.583243131637573,70266
7.584122896194458,70266
7.58500599861145,70266
7.586321592330933,70266
7.58720588684082,70266
7.588089466094971,70266
7.589393377304077,70266
7.590274810791016,70266
7.591155529022217,70266
7.592040061950684,70266
7.593345880508423,70266
7.594228267669678,70266
7.595110893249512,70266
7.596004009246826,70266
7.597311973571777,70266
7.598195552825928,70266
7.599081993103027,70266
7.600384712219238,70266
7.601273775100708,70266
7.602157115936279,70266
7.6030402183532715,70266
7.604343414306641,70266
7.605224132537842,70266
7.606112003326416,70266
7.607417821884155,70266
7.608301162719727,70266
7.609185695648193,70266
7.610065221786499,70266
7.611368417739868,70266
7.612250328063965,70266
7.613133192062378,70266
7.614013910293579,70266
7.61531925201416,70266
7.61621356010437,70266
7.61709451675415,70266
7.618396043777466,70266
7.619279623031616,70266
7.6201629638671875,70266
7.621047735214233,70266
7.6223533153533936,70266
7.62323260307312,70266
7.624114990234375,70266
7.6254189014434814,70266
7.626312971115112,70266
7.627199172973633,70266
7.628081798553467,70266
7.629384279251099,70266
7.630265235900879,70266
7.631147623062134,70266
7.63203239440918,70266
7.6333396434783936,70266
7.634225606918335,70266
7.635104417800903,70266
7.636419773101807,70266
7.637302398681641,70266
7.638187646865845,70266
7.639071941375732,70266
7.64037823677063,70266
7.641258955001831,70266
7.642140865325928,70266
7.643025159835815,70266
7.644329071044922,70266
7.645211219787598,70266
7.646102666854858,70266
7.64740514755249,70266
7.648289203643799,70266
7.649173736572266,70266
7.6500561237335205,70266
7.6513612270355225,70266
7.65224289894104,70266
7.653121471405029,70266
7.65400505065918,70266
7.655309677124023,70266
7.656203985214233,70266
7.657088756561279,70266
7.658390283584595,70266
7.6592748165130615,70266
7.660156726837158,70266
7.661040782928467,70266
7.662345886230469,70266
7.663228511810303,70266
7.664109230041504,70266
7.6654133796691895,70266
7.666306972503662,70266
7.667190074920654,70266
7.6680731773376465,70266
7.669379711151123,70266
7.670261859893799,70266
7.671144008636475,70266
7.67209529876709,70266
7.673395872116089,70266
7.67427921295166,70266
7.675163984298706,70266
7.6760547161102295,70266
7.677358388900757,70266
7.678240060806274,70266
7.679120063781738,70266
7.680422782897949,70266
7.6813061237335205,70266
7.6821887493133545,70266
7.683073043823242,70266
7.68437385559082,70266
7.685251951217651,70266
7.686143159866333,70266
7.687028646469116,70266
7.688333988189697,70266
7.689217805862427,70266
7.6900999546051025,70266
7.691405534744263,70266
7.692292213439941,70266
7.693175792694092,70266
7.694059371948242,70266
7.695363759994507,70266
7.696256160736084,70266
7.69713830947876,70266
7.698022127151489,70266
7.699326276779175,70266
7.700209856033325,70266
7.7010908126831055,70266
7.7023937702178955,70266
7.703276634216309,70266
7.704158782958984,70266
7.705040693283081,70266
7.706355810165405,70266
7.7072367668151855,70266
7.708118438720703,70266
7.709423303604126,70266
7.710306167602539,70266
7.711190700531006,70266
7.71207332611084,70266
7.713380336761475,70266
7.714266061782837,70266
7.715150594711304,70266
7.716045379638672,70266
7.717351913452148,70266
7.718235492706299,70266
7.719117164611816,70266
7.720003128051758,70266
7.721310138702393,70266
7.7221949100494385,70266
7.7230775356292725,70266
7.72438383102417,70266
7.72526741027832,70266
7.726165294647217,70266
7.727053165435791,70266
7.728358268737793,70266
7.729240894317627,70266
7.7301247119903564,70266
7.731010437011719,70266
7.732315301895142,70266
7.733196973800659,70266
7.734081745147705,70266
7.735386848449707,70266
7.736280679702759,70266
7.737164258956909,70266
7.738047361373901,70266
7.739351511001587,70266
7.740233659744263,70266
7.741113662719727,70266
7.742417812347412,70266
7.7433021068573,70266
7.744212865829468,70266
7.7450971603393555,70266
7.746413707733154,70266
7.7472991943359375,70266
7.748183965682983,70266
7.749070405960083,70266
7.750375986099243,70266
7.751258611679077,70266
7.752143144607544,70266
7.75302791595459,70266
7.754332542419434,70266
7.755216121673584,70266
7.756107330322266,70266
7.757416009902954,70266
7.758301496505737,70266
7.759186267852783,70266
7.76007080078125,70266
7.761378288269043,70266
7.762263298034668,70266
7.763145685195923,70266
7.764028072357178,70266
7.7653326988220215,70266
7.766226291656494,70266
7.767111778259277,70266
7.768419027328491,70266
7.769302845001221,70266
7.770185232162476,70266
7.771066188812256,70266
7.772374391555786,70266
7.773257732391357,70266
7.774141550064087,70266
7.775026798248291,70266
7.776344060897827,70266
7.777228593826294,70266
7.778109788894653,70266
7.779416561126709,70266
7.780302047729492,70266
7.781187295913696,70266
7.782070636749268,70266
7.7833757400512695,70266
7.784257173538208,70266
7.78514289855957,70266
7.786036968231201,70266
7.78734016418457,70266
7.788222312927246,70266
7.78910493850708,70266
7.790409326553345,70266
7.791297912597656,70266
7.792180299758911,70266
7.793063402175903,70266
7.794372081756592,70266
7.795254230499268,70266
7.7961506843566895,70266
7.797035455703735,70266
7.798344373703003,70266
7.799227476119995,70266
7.800107717514038,70266
7.80141282081604,70266
7.802297830581665,70266
7.803184747695923,70266
7.8040688037872314,70266
7.805375337600708,70266
7.8062660694122314,70266
7.807152032852173,70266
7.8080360889434814,70266
7.8093414306640625,70266
7.810223817825317,70266
7.811105728149414,70266
7.812411308288574,70266
7.81329607963562,70266
7.814178943634033,70266
7.815062999725342,70266
7.816380977630615,70266
7.817266941070557,70266
7.818152666091919,70266
7.8190367221832275,70266
7.820343971252441,70266
7.821225166320801,70266
7.822105646133423,70266
7.8234148025512695,70266
7.824299573898315,70266
7.8251848220825195,70266
7.8260767459869385,70266
7.8273844718933105,70266
7.8282692432403564,70266
7.829156398773193,70266
7.830041408538818,70266
7.831348657608032,70266
7.832232236862183,70266
7.833111524581909,70266
7.834416389465332,70266
7.8353002071380615,70266
7.836194038391113,70266
7.8370749950408936,70266
7.838381290435791,70266
7.8392651081085205,70266
7.840148687362671,70266
7.841032028198242,70266
7.842339515686035,70266
7.843224763870239,70266
7.844106674194336,70266
7.845411539077759,70266
7.846307277679443,70266
7.847191095352173,70266
7.848076105117798,70266
7.849378347396851,70266
7.850261926651001,70266
7.851149559020996,70266
7.852032423019409,70266
7.853338003158569,70266
7.854219436645508,70266
7.855103969573975,70266
7.856419801712036,70266
7.857308864593506,70266
7.858192443847656,70266
7.8590779304504395,70266
7.860386610031128,70266
7.8612706661224365,70266
7.862153768539429,70266
7.8630383014678955,70266
7.864346027374268,70266
7.865229845046997,70266
7.866121053695679,70266
7.867007493972778,70266
7.868312120437622,70266
7.86919379234314,70266
7.870077848434448,70266
7.871381044387817,70266
7.8722639083862305,70266
7.873146057128906,70266
7.874029874801636,70266
7.875334024429321,70266
7.876224756240845,70266
7.877105474472046,70266
7.878408670425415,70266
7.879291534423828,70266
7.880175828933716,70266
7.881057262420654,70266
7.882364988327026,70266
7.88325047492981,70266
7.88413143157959,70266
7.8850157260894775,70266
7.886334657669067,70266
7.887217044830322,70266
7.888103246688843,70266
7.889407157897949,70266
7.890292406082153,70266
7.891178607940674,70266
7.892060041427612,70266
7.89336633682251,70266
7.894249200820923,70266
7.895132064819336,70266
7.896027565002441,70266
7.897334098815918,70266
7.898218631744385,70266
7.89910101890564,70266
7.900405406951904,70266
7.901287794113159,70266
7.9021687507629395,70266
7.903048753738403,70266
7.904351711273193,70266
7.905231952667236,70266
7.9061243534088135,70266
7.907008409500122,70266
7.908309698104858,70266
7.909194469451904,70266
7.9100751876831055,70266
7.911381483078003,70266
7.912264585494995,70266
7.9131457805633545,70266
7.9140307903289795,70266
7.915336608886719,70266
7.916228294372559,70266
7.9171082973480225,70266
7.918413877487183,70266
7.919296503067017,70266
7.9201819896698,70266
7.921065807342529,70266
7.922372102737427,70266
7.9232542514801025,70266
7.924136400222778,70266
7.925021409988403,70266
7.926339387893677,70266
7.9272236824035645,70266
7.92810583114624,70266
7.929409503936768,70266
7.930293560028076,70266
7.931175947189331,70266
7.932055950164795,70266
7.933362007141113,70266
7.9342474937438965,70266
7.935130596160889,70266
7.936025619506836,70266
7.937331914901733,70266
7.938215255737305,70266
7.939096927642822,70266
7.940402030944824,70266
7.941286087036133,70266
7.942168474197388,70266
7.943052291870117,70266
7.944382190704346,70266
7.94526481628418,70266
7.9461610317230225,70266
7.947045564651489,70266
7.948347568511963,70266
7.949231863021851,70266
7.950113534927368,70266
7.951418161392212,70266
7.952305316925049,70266
7.953190803527832,70266
7.954073905944824,70266
7.955381155014038,70266
7.956273794174194,70266
7.95715856552124,70266
7.958042621612549,70266
7.959349155426025,70266
7.960233688354492,70266
7.9611170291900635,70266
7.9624247550964355,70266
7.963312864303589,70266
7.964200019836426,70266
7.965085029602051,70266
7.966402769088745,70266
7.967289209365845,70266
7.968175411224365,70266
7.969059705734253,70266
7.970367670059204,70266
7.971249103546143,70266
7.972134828567505,70266
7.973020792007446,70266
7.974331617355347,70266
7.975216865539551,70266
7.976111173629761,70266
7.977418422698975,70266
7.978304624557495,70266
7.979186773300171,70266
7.980072021484375,70266
7.981378793716431,70266
7.982260704040527,70266
7.983145475387573,70266
7.984032154083252,70266
7.985342264175415,70266
7.986237287521362,70266
7.987123250961304,70266
7.988007545471191,70266
7.989314794540405,70266
7.990199565887451,70266
7.9910829067230225,70266
7.992391347885132,70266
7.993276119232178,70266
7.994158506393433,70266
7.995041847229004,70266
7.996360540390015,70266
7.9972429275512695,70266
7.998128652572632,70266
7.999014139175415,70266
8.000323295593262,70266
8.00120735168457,70266
8.002093076705933,70266
8.003399848937988,70266
8.004284620285034,70266
8.005167961120605,70266
8.006058931350708,70266
8.007365942001343,70266
8.008250713348389,70266
8.009136438369751,70266
8.01002311706543,70266
8.011328935623169,70266
8.012213706970215,70266
8.01309847831726,70266
8.014405965805054,70266
8.015290260314941,70266
8.016185522079468,70266
8.017070055007935,70266
8.018375873565674,70266
8.019258499145508,70266
8.02014422416687,70266
8.021028280258179,70266
8.022334814071655,70266
8.02322006225586,70266
8.024098634719849,70266
8.025402784347534,70266
8.02630066871643,70266
8.027185678482056,70266
8.028066873550415,70266
8.029370784759521,70266
8.030253410339355,70266
8.03113341331482,70266
8.032018184661865,70266
8.0333251953125,70266
8.03420901298523,70266
8.03509259223938,70266
8.036411046981812,70266
8.037291765213013,70266
8.0381760597229,70266
8.0390625,70266
8.040371179580688,70266
8.041254997253418,70266
8.042140245437622,70266
8.043027400970459,70266
8.044336080551147,70266
8.045217752456665,70266
8.046107769012451,70266
8.047415494918823,70266
8.048303604125977,70266
8.049187421798706,70266
8.05007028579712,70266
8.051384925842285,70266
8.052268743515015,70266
8.053154230117798,70266
8.054039716720581,70266
8.055346250534058,70266
8.05624270439148,70266
8.05713152885437,70266
8.058019399642944,70266
8.059328079223633,70266
8.060212850570679,70266
8.061098575592041,70266
8.06240963935852,70266
8.063295125961304,70266
8.06417965888977,70266
8.065062284469604,70266
8.066380739212036,70266
8.067266941070557,70266
8.06815242767334,70266
8.069039583206177,70266
8.070349216461182,70266
8.071234941482544,70266
8.072118759155273,70266
8.073004007339478,70266
8.074307680130005,70266
8.075194597244263,70266
8.076088905334473,70266
8.077397108078003,70266
8.078281879425049,70266
8.079166650772095,70266
8.080050230026245,70266
8.081355571746826,70266
8.08223843574524,70266
8.083123207092285,70266
8.084009647369385,70266
8.085317134857178,70266
8.086210489273071,70266
8.087094068527222,70266
8.088401794433594,70266
8.08928656578064,70266
8.090169429779053,70266
8.091052770614624,70266
8.092363834381104,70266
8.093246459960938,70266
8.094131708145142,70266
8.095015287399292,70266
8.096334457397461,70266
8.097219944000244,70266
8.098103761672974,70266
8.099410772323608,70266
8.100294351577759,70266
8.101179838180542,70266
8.102065086364746,70266
8.103375434875488,70266
8.104257345199585,70266
8.105141401290894,70266
8.106037855148315,70266
8.107345819473267,70266
8.108229875564575,70266
8.10911226272583,70266
8.110420227050781,70266
8.111309289932251,70266
8.112194776535034,70266
8.11307954788208,70266
8.114388227462769,70266
8.115272283554077,70266
8.116169452667236,70266
8.117054462432861,70266
8.118362188339233,70266
8.119246006011963,70266
8.12012767791748,70266
8.12101411819458,70266
8.122320652008057,70266
8.12320351600647,70266
8.124089241027832,70266
8.12539553642273,70266
8.126292705535889,70266
8.12717580795288,70266
8.128058433532715,70266
8.129365921020508,70266
8.130252599716187,70266
8.131135940551758,70266
8.132022380828857,70266
8.133328437805176,70266
8.134212970733643,70266
8.135096549987793,70266
8.136415243148804,70266
8.137300729751587,70266
8.138188123703003,70266
8.139070987701416,70266
8.140376329421997,70266
8.141260147094727,70266
8.142143726348877,70266
8.14302945137024,70266
8.144363641738892,70266
8.145248174667358,70266
8.146142959594727,70266
8.147029399871826,70266
8.148356199264526,70266
8.149244546890259,70266
8.150130987167358,70266
8.151021957397461,70266
8.152329444885254,70266
8.153211832046509,70266
8.154097557067871,70266
8.15540885925293,70266
8.156305074691772,70266
8.15718960762024,70266
8.158073902130127,70266
8.159380674362183,70266
8.160264492034912,70266
8.161147594451904,70266
8.162035465240479,70266
8.163341760635376,70266
8.164224863052368,70266
8.165109157562256,70266
8.166007995605469,70266
8.167315244674683,70266
8.168198347091675,70266
8.169081687927246,70266
8.170389652252197,70266
8.171276092529297,70266
8.172162771224976,70266
8.1730477809906,70266
8.174355030059814,70266
8.175240278244019,70266
8.176133394241333,70266
8.177019596099854,70266
8.17832636833191,70266
8.179208517074585,70266
8.180095195770264,70266
8.181402206420898,70266
8.182287454605103,70266
8.183173894882202,70266
8.184056997299194,70266
8.185368061065674,70266
8.186260461807251,70266
8.187148809432983,70266
8.188034534454346,70266
8.18934154510498,70266
8.19022798538208,70266
8.191111087799072,70266
8.192419528961182,70266
8.193305969238281,70266
8.194190979003906,70266
8.195077180862427,70266
8.196394205093384,70266
8.197280645370483,70266
8.198167562484741,70266
8.199053525924683,70266
8.200366497039795,70266
8.20125126838684,70266
8.202135562896729,70266
8.203022241592407,70266
8.204328775405884,70266
8.205212593078613,70266
8.20610523223877,70266
8.207412958145142,70266
8.2082998752594,70266
8.209188222885132,70266
8.210072040557861,70266
8.211382627487183,70266
8.21226716041565,70266
8.213154792785645,70266
8.21403980255127,70266
8.215345859527588,70266
8.21623969078064,70266
8.217122554779053,70266
8.218007802963257,70266
8.219318151473999,70266
8.22020149230957,70266
8.221084594726562,70266
8.222392320632935,70266
8.223276615142822,70266
8.224163055419922,70266
8.22504734992981,70266
8.2263662815094,70266
8.22724986076355,70266
8.228133201599121,70266
8.229017734527588,70266
8.230325698852539,70266
8.231210231781006,70266
8.232091903686523,70266
8.233398675918579,70266
8.234281539916992,70266
8.235165357589722,70266
8.23605990409851,70266
8.237366437911987,70266
8.238252401351929,70266
8.239137649536133,70266
8.240020990371704,70266
8.241325616836548,70266
8.242209911346436,70266
8.243093967437744,70266
8.244402408599854,70266
8.245285272598267,70266
8.246181011199951,70266
8.247065782546997,70266
8.248374700546265,70266
8.249259948730469,70266
8.250145196914673,70266
8.251030683517456,70266
8.252339363098145,70266
8.253222465515137,70266
8.25410270690918,70266
8.255410432815552,70266
8.256307601928711,70266
8.257195234298706,70266
8.258078336715698,70266
8.259386539459229,70266
8.260271549224854,70266
8.261157512664795,70266
8.262045621871948,70266
8.26335334777832,70266
8.264239072799683,70266
8.26512360572815,70266
8.266018867492676,70266
8.26732611656189,70266
8.268211126327515,70266
8.26909613609314,70266
8.270402669906616,70266
8.27128791809082,70266
8.27217149734497,70266
8.273055791854858,70266
8.274364233016968,70266
8.27524733543396,70266
8.276139497756958,70266
8.277026176452637,70266
8.278334379196167,70266
8.279220819473267,70266
8.280102729797363,70266
8.28141188621521,70266
8.28229808807373,70266
8.28318452835083,70266
8.284069776535034,70266
8.285381078720093,70266
8.286277294158936,70266
8.287164211273193,70266
8.288049936294556,70266
8.289358139038086,70266
8.290242433547974,70266
8.291126012802124,70266
8.29201364517212,70266
8.293320178985596,70266
8.294204711914062,70266
8.29508924484253,70266
8.296406507492065,70266
8.297295093536377,70266
8.298181772232056,70266
8.299065589904785,70266
8.300373077392578,70266
8.30125617980957,70266
8.302139043807983,70266
8.303022146224976,70266
8.304328918457031,70266
8.305211544036865,70266
8.306103229522705,70266
8.30741000175476,70266
8.308294296264648,70266
8.309176921844482,70266
8.310060262680054,70266
8.311395168304443,70266
8.312281131744385,70266
8.31316590309143,70266
8.31404972076416,70266
8.315356254577637,70266
8.316250801086426,70266
8.317133903503418,70266
8.31802225112915,70266
8.31933045387268,70266
8.320213556289673,70266
8.321095943450928,70266
8.322402000427246,70266
8.323287963867188,70266
8.32417368888855,70266
8.325056552886963,70266
8.326373815536499,70266
8.327256917953491,70266
8.32814073562622,70266
8.329026222229004,70266
8.330333232879639,70266
8.331216096878052,70266
8.33210015296936,70266
8.333409070968628,70266
8.334293842315674,70266
8.335179567337036,70266
8.336070775985718,70266
8.337378740310669,70266
8.338263034820557,70266
8.339146137237549,70266
8.340030908584595,70266
8.341339349746704,70266
8.342223167419434,70266
8.343106746673584,70266
8.344016313552856,70266
8.345325469970703,70266
8.346220016479492,70266
8.347103834152222,70266
8.348406791687012,70266
8.349291563034058,70266
8.350176572799683,70266
8.351060390472412,70266
8.35236930847168,70266
8.353252649307251,70266
8.35413408279419,70266
8.35501766204834,70266
8.356334686279297,70266
8.357218742370605,70266
8.358101844787598,70266
8.35941195487976,70266
8.36029601097107,70266
8.361178874969482,70266
8.362061023712158,70266
8.363370418548584,70266
8.364253520965576,70266
8.36513900756836,70266
8.366034269332886,70266
8.367340564727783,70266
8.368225336074829,70266
8.369109153747559,70266
8.37041425704956,70266
8.37130069732666,70266
8.372185707092285,70266
8.373066663742065,70266
8.374373197555542,70266
8.375258207321167,70266
8.376152276992798,70266
8.377038478851318,70266
8.378348112106323,70266
8.379233360290527,70266
8.380117416381836,70266
8.381004095077515,70266
8.382311820983887,70266
8.3831946849823,70266
8.384080648422241,70266
8.385386228561401,70266
8.386281728744507,70266
8.387168645858765,70266
8.38805365562439,70266
8.389359712600708,70266
8.390244245529175,70266
8.391127109527588,70266
8.392011642456055,70266
8.393318891525269,70266
8.394201517105103,70266
8.395088911056519,70266
8.396411180496216,70266
8.397295713424683,70266
8.398181438446045,70266
8.399065256118774,70266
8.400370597839355,70266
8.401252746582031,70266
8.402135848999023,70266
8.403020858764648,70266
8.404325008392334,70266
8.405212163925171,70266
8.406104803085327,70266
8.407414674758911,70266
8.408300161361694,70266
8.409185647964478,70266
8.410073518753052,70266
8.411381244659424,70266
8.41226577758789,70266
8.413151025772095,70266
8.414032936096191,70266
8.415343999862671,70266
8.416239738464355,70266
8.417123556137085,70266
8.418010473251343,70266
8.419317245483398,70266
8.420201778411865,70266
8.421084880828857,70266
8.422390222549438,70266
8.423272371292114,70266
8.424158096313477,70266
8.42504358291626,70266
8.42636227607727,70266
8.427243709564209,70266
8.428126096725464,70266
8.429011106491089,70266
8.43031930923462,70266
8.431203126907349,70266
8.43208932876587,70266
8.433398962020874,70266
8.434286832809448,70266
8.43517518043518,70266
8.436068534851074,70266
8.437374830245972,70266
8.43825912475586,70266
8.439145803451538,70266
8.440029621124268,70266
8.441338539123535,70266
8.442225933074951,70266
8.443108558654785,70266
8.444420099258423,70266
8.445308923721313,70266
8.446203708648682,70266
8.447089910507202,70266
8.448400259017944,70266
8.449289083480835,70266
8.450176477432251,70266
8.45106053352356,70266
8.452370405197144,70266
8.453255414962769,70266
8.454142332077026,70266
8.455029726028442,70266
8.456348180770874,70266
8.457233667373657,70266
8.458118677139282,70266
8.459005117416382,70266
8.46031403541565,70266
8.461201906204224,70266
8.462086200714111,70266
8.463392734527588,70266
8.464277267456055,70266
8.465163707733154,70266
8.46605896949768,70266
8.46737265586853,70266
8.468259811401367,70266
8.469148874282837,70266
8.470038175582886,70266
8.47134780883789,70266
8.47223448753357,70266
8.473121643066406,70266
8.474008798599243,70266
8.47532057762146,70266
8.476217269897461,70266
8.477102518081665,70266
8.478412628173828,70266
8.47929835319519,70266
8.48018503189087,70266
8.481068849563599,70266
8.482378244400024,70266
8.483263731002808,70266
8.484147787094116,70266
8.485032320022583,70266
8.486350774765015,70266
8.487235069274902,70266
8.488118410110474,70266
8.489006280899048,70266
8.490314722061157,70266
8.491201162338257,70266
8.492086172103882,70266
8.493392944335938,70266
8.494280815124512,70266
8.495166540145874,70266
8.49605917930603,70266
8.497369289398193,70266
8.498252153396606,70266
8.499136209487915,70266
8.500020980834961,70266
8.501330375671387,70266
8.502217292785645,70266
8.503100633621216,70266
8.50440788269043,70266
8.50529432296753,70266
8.50619387626648,70266
8.507077932357788,70266
8.508383750915527,70266
8.509266376495361,70266
8.510153770446777,70266
8.511038541793823,70266
8.512346267700195,70266
8.513231754302979,70266
8.51411747932434,70266
8.515004873275757,70266
8.516323566436768,70266
8.517208814620972,70266
8.518094301223755,70266
8.519423246383667,70266
8.520313024520874,70266
8.521199226379395,70266
8.522085189819336,70266
8.523393869400024,70266
8.524280309677124,70266
8.525165557861328,70266
8.526060104370117,70266
8.527368545532227,70266
8.528253078460693,70266
8.529137134552002,70266
8.530020952224731,70266
8.531326055526733,70266
8.532212495803833,70266
8.533096551895142,70266
8.534404516220093,70266
8.535290718078613,70266
8.53618860244751,70266
8.537074089050293,70266
8.538380146026611,70266
8.539266347885132,70266
8.54015326499939,70266
8.541038990020752,70266
8.542346477508545,70266
8.543231725692749,70266
8.544141054153442,70266
8.545028924942017,70266
8.546354293823242,70266
8.547240257263184,70266
8.548124551773071,70266
8.549013137817383,70266
8.550317764282227,70266
8.551200866699219,70266
8.552085638046265,70266
8.5533926486969,70266
8.554276704788208,70266
8.555164813995361,70266
8.556061029434204,70266
8.557371139526367,70266
8.558253526687622,70266
8.559136629104614,70266
8.560023546218872,70266
8.561333656311035,70266
8.56221604347229,70266
8.563101530075073,70266
8.56476616859436,70266
8.565393924713135,70266
8.56629467010498,70266
8.56720495223999,70266
8.56810712814331,70266
8.569417953491211,70266
8.570303916931152,70266
8.571212530136108,70266
8.572098016738892,70266
8.57340693473816,70266
8.574310779571533,70266
8.575195074081421,70266
8.576087951660156,70266
8.577395677566528,70266
8.578279256820679,70266
8.579165935516357,70266
8.580051898956299,70266
8.581357717514038,70266
8.582240104675293,70266
8.583121299743652,70266
8.58400559425354,70266
8.585312366485596,70266
8.586206912994385,70266
8.587091207504272,70266
8.588399171829224,70266
8.589283466339111,70266
8.590165853500366,70266
8.591049909591675,70266
8.59235429763794,70266
8.593235731124878,70266
8.594118118286133,70266
8.595424175262451,70266
8.596320152282715,70266
8.597202062606812,70266
8.598085880279541,70266
8.599389553070068,70266
8.600272178649902,70266
8.601155042648315,70266
8.60204029083252,70266
8.603344917297363,70266
8.604228496551514,70266
8.605109453201294,70266
8.606007814407349,70266
8.607313394546509,70266
8.608193159103394,70266
8.609076738357544,70266
8.610382795333862,70266
8.611266374588013,70266
8.61214828491211,70266
8.613034725189209,70266
8.61434006690979,70266
8.615222692489624,70266
8.616113424301147,70266
8.617419958114624,70266
8.618304014205933,70266
8.619187593460083,70266
8.620067834854126,70266
8.621372938156128,70266
8.622255563735962,70266
8.623139142990112,70266
8.62402057647705,70266
8.62532663345337,70266
8.626215934753418,70266
8.627099514007568,70266
8.628403902053833,70266
8.629286766052246,70266
8.63017201423645,70266
8.631055355072021,70266
8.632357597351074,70266
8.633239269256592,70266
8.634120464324951,70266
8.635424852371216,70266
8.63632082939148,70266
8.63720417022705,70266
8.638108015060425,70266
8.639415502548218,70266
8.64030122756958,70266
8.641183614730835,70266
8.642067909240723,70266
8.643376111984253,70266
8.644260168075562,70266
8.645145177841187,70266
8.646039485931396,70266
8.647345781326294,70266
8.648228168487549,70266
8.649110794067383,70266
8.65041971206665,70266
8.6513032913208,70266
8.652185678482056,70266
8.653067588806152,70266
8.654373168945312,70266
8.655256032943726,70266
8.656153440475464,70266
8.657036781311035,70266
8.65834355354309,70266
8.659227132797241,70266
8.6601083278656,70266
8.661414861679077,70266
8.662300109863281,70266
8.663186311721802,70266
8.664072036743164,70266
8.665377616882324,70266
8.666273355484009,70266
8.667154788970947,70266
8.668039560317993,70266
8.669344663619995,70266
8.670227527618408,70266
8.671108961105347,70266
8.672417163848877,70266
8.673302173614502,70266
8.674185037612915,70266
8.675066947937012,70266
8.676380634307861,70266
8.677268981933594,70266
8.678155899047852,70266
8.679038286209106,70266
8.68034553527832,70266
8.68122911453247,70266
8.682111740112305,70266
8.683416843414307,70266
8.684301376342773,70266
8.685184717178345,70266
8.686075925827026,70266
8.687384366989136,70266
8.688267469406128,70266
8.689151287078857,70266
8.690037727355957,70266
8.69134259223938,70266
8.692224979400635,70266
8.693107604980469,70266
8.694409370422363,70266
8.695295333862305,70266
8.696189403533936,70266
8.69707202911377,70266
8.698378801345825,70266
8.699263095855713,70266
8.700146436691284,70266
8.701029539108276,70266
8.702333927154541,70266
8.703217029571533,70266
8.704099416732788,70266
8.705405950546265,70266
8.706300497055054,70266
8.707184076309204,70266
8.708068370819092,70266
8.709372282028198,70266
8.710254192352295,70266
8.71114182472229,70266
8.712027788162231,70266
8.713332653045654,70266
8.714217185974121,70266
8.715099334716797,70266
8.716418504714966,70266
8.717305898666382,70266
8.718189716339111,70266
8.719074726104736,70266
8.720382690429688,70266
8.721266031265259,70266
8.722153186798096,70266
8.723040580749512,70266
8.724350452423096,70266
8.72523283958435,70266
8.726123332977295,70266
8.727008819580078,70266
8.72831392288208,70266
8.729197025299072,70266
8.730082035064697,70266
8.731385469436646,70266
8.73226523399353,70266
8.733147859573364,70266
8.734033107757568,70266
8.73533821105957,70266
8.736228227615356,70266
8.737109422683716,70266
8.73841381072998,70266
8.739296674728394,70266
8.740181684494019,70266
8.741063833236694,70266
8.7423677444458,70266
8.743250131607056,70266
8.744157552719116,70266
8.745041608810425,70266
8.746358394622803,70266
8.74724006652832,70266
8.74812364578247,70266
8.7490074634552,70266
8.750314712524414,70266
8.751199722290039,70266
8.752084016799927,70266
8.753386974334717,70266
8.754268169403076,70266
8.755155086517334,70266
8.75605058670044,70266
8.757356643676758,70266
8.758238792419434,70266
8.759118795394897,70266
8.760005712509155,70266
8.761313676834106,70266
8.762198209762573,70266
8.763080596923828,70266
8.764385461807251,70266
8.765268564224243,70266
8.766164064407349,70266
8.767049074172974,70266
8.768354892730713,70266
8.769237756729126,70266
8.770119428634644,70266
8.771005630493164,70266
8.772308826446533,70266
8.77319598197937,70266
8.774079084396362,70266
8.775384426116943,70266
8.776278734207153,70266
8.777163982391357,70266
8.778047800064087,70266
8.77935242652893,70266
8.780235052108765,70266
8.78111720085144,70266
8.782419919967651,70266
8.783303260803223,70266
8.784183263778687,70266
8.78506588935852,70266
8.786380767822266,70266
8.78726601600647,70266
8.7881498336792,70266
8.789035081863403,70266
8.790342807769775,70266
8.79122519493103,70266
8.792105436325073,70266
8.793409585952759,70266
8.794293642044067,70266
8.79517936706543,70266
8.796070575714111,70266
8.797374963760376,70266
8.79825758934021,70266
8.799140691757202,70266
8.80002737045288,70266
8.801331758499146,70266
8.802213907241821,70266
8.80309510231018,70266
8.804400444030762,70266
8.805283784866333,70266
8.806177854537964,70266
8.807059526443481,70266
8.808361768722534,70266
8.809244632720947,70266
8.81012773513794,70266
8.811011552810669,70266
8.812315464019775,70266
8.813198328018188,70266
8.81407880783081,70266
8.815385580062866,70266
8.816280126571655,70266
8.81716513633728,70266
8.818048477172852,70266
8.819354772567749,70266
8.8202383518219,70266
8.82111930847168,70266
8.822003364562988,70266
8.823309898376465,70266
8.82419204711914,70266
8.825075387954712,70266
8.826391696929932,70266
8.82727575302124,70266
8.828156471252441,70266
8.829041719436646,70266
8.830347537994385,70266
8.831227779388428,70266
8.832108974456787,70266
8.83341121673584,70266
8.834295511245728,70266
8.835179090499878,70266
8.836069345474243,70266
8.837371826171875,70266
8.838253736495972,70266
8.83913779258728,70266
8.84002161026001,70266
8.841325521469116,70266
8.84220814704895,70266
8.843090772628784,70266
8.844395399093628,70266
8.845279693603516,70266
8.846174001693726,70266
8.84705901145935,70266
8.848363876342773,70266
8.849243402481079,70266
8.850125074386597,70266
8.851008653640747,70266
8.8523108959198,70266
8.853193998336792,70266
8.854076623916626,70266
8.855379343032837,70266
8.856271982192993,70266
8.857155561447144,70266
8.85803771018982,70266
8.859339952468872,70266
8.860222101211548,70266
8.861101627349854,70266
8.862406730651855,70266
8.863288640975952,70266
8.864171266555786,70266
8.8650541305542,70266
8.866368055343628,70266
8.867250442504883,70266
8.868132591247559,70266
8.869016647338867,70266
8.870319843292236,70266
8.871202230453491,70266
8.872088193893433,70266
8.873392343521118,70266
8.874276161193848,70266
8.875164985656738,70266
8.876058578491211,70266
8.877363204956055,70266
8.878249645233154,70266
8.879132270812988,70266
8.880016326904297,70266
8.881324052810669,70266
8.882207155227661,70266
8.883089065551758,70266
8.884397983551025,70266
8.885278224945068,70266
8.886171817779541,70266
8.887052774429321,70266
8.888357162475586,70266
8.889240264892578,70266
8.890122652053833,70266
8.891008853912354,70266
8.892313003540039,70266
8.893195867538452,70266
8.894078016281128,70266
8.895379781723022,70266
8.896270513534546,70266
8.897154092788696,70266
8.89803671836853,70266
8.899340867996216,70266
8.900221586227417,70266
8.901102781295776,70266
8.902410984039307,70266
8.903296947479248,70266
8.904181480407715,70266
8.90506362915039,70266
8.906379222869873,70266
8.907264709472656,70266
8.908148288726807,70266
8.909032106399536,70266
8.910339593887329,70266
8.911223411560059,70266
8.912107467651367,70266
8.913413763046265,70266
8.914299011230469,70266
8.915186405181885,70266
8.916078567504883,70266
8.91738748550415,70266
8.918269872665405,70266
8.919155836105347,70266
8.920042514801025,70266
8.921349287033081,70266
8.922230243682861,70266
8.92311143875122,70266
8.924416780471802,70266
8.925301313400269,70266
8.926198244094849,70266
8.92708158493042,70266
8.928385496139526,70266
8.929271936416626,70266
8.930158853530884,70266
8.93104338645935,70266
8.932348251342773,70266
8.933229923248291,70266
8.934110879898071,70266
8.935415029525757,70266
8.936309337615967,70266
8.937193393707275,70266
8.938074588775635,70266
8.939378261566162,70266
8.940263032913208,70266
8.941145181655884,70266
8.942028284072876,70266
8.94333028793335,70266
8.944236755371094,70266
8.945116996765137,70266
8.946011304855347,70266
8.947317361831665,70266
8.948203563690186,70266
8.949086904525757,70266
8.950393915176392,70266
8.951277732849121,70266
8.952162504196167,70266
8.953046798706055,70266
8.954353094100952,70266
8.955236434936523,70266
8.956127405166626,70266
8.957013845443726,70266
8.958319664001465,70266
8.959203004837036,70266
8.960087776184082,70266
8.961394309997559,70266
8.962276935577393,70266
8.963160514831543,70266
8.964045524597168,70266
8.9653480052948,70266
8.966239213943481,70266
8.967122554779053,70266
8.968005418777466,70266
8.969313621520996,70266
8.970196723937988,70266
8.97107720375061,70266
8.972381830215454,70266
8.973269701004028,70266
8.974155902862549,70266
8.975039720535278,70266
8.97635531425476,70266
8.977240085601807,70266
8.978121042251587,70266
8.979005813598633,70266
8.980308055877686,70266
8.981192827224731,70266
8.982075691223145,70266
8.983383417129517,70266
8.984266757965088,70266
8.98515272140503,70266
8.986050605773926,70266
8.987359285354614,70266
8.988240242004395,70266
8.98912000656128,70266
8.99000358581543,70266
8.99131178855896,70266
8.99219536781311,70266
8.993078470230103,70266
8.994382858276367,70266
8.99526834487915,70266
8.996163845062256,70266
8.997048377990723,70266
8.998356580734253,70266
8.999238729476929,70266
9.000119686126709,70266
9.001421689987183,70266
9.00230860710144,70266
9.0031898021698,70266
9.004072427749634,70266
9.005378007888794,70266
9.006273746490479,70266
9.007156133651733,70266
9.008040189743042,70266
9.009350538253784,70266
9.010234832763672,70266
9.01111626625061,70266
9.012425184249878,70266
9.013312578201294,70266
9.014198541641235,70266
9.015082120895386,70266
9.016397476196289,70266
9.017282724380493,70266
9.018167972564697,70266
9.019050121307373,70266
9.020354747772217,70266
9.021235942840576,70266
9.022119760513306,70266
9.023004531860352,70266
9.0243079662323,70266
9.025190830230713,70266
9.026083707809448,70266
9.027392625808716,70266
9.028275966644287,70266
9.029160261154175,70266
9.030045509338379,70266
9.031354427337646,70266
9.032239437103271,70266
9.03312087059021,70266
9.034006118774414,70266
9.0353102684021,70266
9.036206483840942,70266
9.037088871002197,70266
9.03839898109436,70266
9.039284467697144,70266
9.040169477462769,70266
9.041053771972656,70266
9.042357444763184,70266
9.043238401412964,70266
9.044121742248535,70266
9.045009136199951,70266
9.046325922012329,70266
9.047210454940796,70266
9.048094272613525,70266
9.04939866065979,70266
9.050282716751099,70266
9.051167249679565,70266
9.052049398422241,70266
9.053359508514404,70266
9.05424189567566,70266
9.055124521255493,70266
9.056019067764282,70266
9.05732536315918,70266
9.058210372924805,70266
9.059094429016113,70266
9.060399532318115,70266
9.061282634735107,70266
9.062167406082153,70266
9.063047885894775,70266
9.064351081848145,70266
9.065239429473877,70266
9.066128969192505,70266
9.06701397895813,70266
9.068321943283081,70266
9.069204092025757,70266
9.070085763931274,70266
9.071394681930542,70266
9.072279691696167,70266
9.073163509368896,70266
9.074047088623047,70266
9.075355291366577,70266
9.07624864578247,70266
9.077134132385254,70266
9.0780189037323,70266
9.079328060150146,70266
9.080210447311401,70266
9.081093072891235,70266
9.082401514053345,70266
9.08328652381897,70266
9.084172487258911,70266
9.08505630493164,70266
9.086370468139648,70266
9.087255477905273,70266
9.088139772415161,70266
9.089023351669312,70266
9.090328216552734,70266
9.091212511062622,70266
9.092096090316772,70266
9.093411922454834,70266
9.094297409057617,70266
9.095181465148926,70266
9.096074342727661,70266
9.09738278388977,70266
9.098265409469604,70266
9.099149465560913,70266
9.100034475326538,70266
9.101341962814331,70266
9.102227449417114,70266
9.103112936019897,70266
9.104419469833374,70266
9.105305910110474,70266
9.106200218200684,70266
9.107083797454834,70266
9.10839056968689,70266
9.109274625778198,70266
9.110158681869507,70266
9.111043930053711,70266
9.112348556518555,70266
9.113229751586914,70266
9.114113092422485,70266
9.115419387817383,70266
9.116316080093384,70266
9.117198944091797,70266
9.118080854415894,70266
9.119389057159424,70266
9.12027382850647,70266
9.121157169342041,70266
9.122040510177612,70266
9.123348951339722,70266
9.124231815338135,70266
9.125110864639282,70266
9.126006603240967,70266
9.127312660217285,70266
9.128196001052856,70266
9.12907886505127,70266
9.130385398864746,70266
9.13126802444458,70266
9.132150650024414,70266
9.13303518295288,70266
9.13434362411499,70266
9.135223388671875,70266
9.136116981506348,70266
9.137004375457764,70266
9.138312339782715,70266
9.139195203781128,70266
9.140077352523804,70266
9.141385793685913,70266
9.14227294921875,70266
9.143158435821533,70266
9.144068956375122,70266
9.145378112792969,70266
9.146272659301758,70266
9.147156715393066,70266
9.14803957939148,70266
9.149372339248657,70266
9.150258302688599,70266
9.151143550872803,70266
9.152028799057007,70266
9.153331756591797,70266
9.154212713241577,70266
9.155094385147095,70266
9.156408071517944,70266
9.157294273376465,70266
9.158176898956299,70266
9.159057855606079,70266
9.160359859466553,70266
9.161242961883545,70266
9.162125825881958,70266
9.16301155090332,70266
9.164319276809692,70266
9.165202856063843,70266
9.166098594665527,70266
9.167427062988281,70266
9.168315410614014,70266
9.169199705123901,70266
9.170099973678589,70266
9.171003341674805,70266
9.172309875488281,70266
9.17319369316101,70266
9.17407751083374,70266
9.1753830909729,70266
9.176275968551636,70266
9.17716360092163,70266
9.178049325942993,70266
9.179356098175049,70266
9.180238962173462,70266
9.18112301826477,70266
9.182008504867554,70266
9.183316469192505,70266
9.18419861793518,70266
9.18508267402649,70266
9.186399936676025,70266
9.187283277511597,70266
9.188169002532959,70266
9.189051866531372,70266
9.190357446670532,70266
9.191237688064575,70266
9.19212007522583,70266
9.193005800247192,70266
9.19431209564209,70266
9.195196628570557,70266
9.19609260559082,70266
9.197397708892822,70266
9.198283910751343,70266
9.199167728424072,70266
9.200050354003906,70266
9.201356172561646,70266
9.202240943908691,70266
9.203121900558472,70266
9.204007625579834,70266
9.205312013626099,70266
9.206206321716309,70266
9.207091093063354,70266
9.208396196365356,70266
9.20928144454956,70266
9.210166215896606,70266
9.21104907989502,70266
9.21235466003418,70266
9.213236808776855,70266
9.214117527008057,70266
9.215422868728638,70266
9.21631908416748,70266
9.217201471328735,70266
9.218085289001465,70266
9.219393253326416,70266
9.220279932022095,70266
9.221164226531982,70266
9.222050189971924,70266
9.223356008529663,70266
9.224236011505127,70266
9.225116729736328,70266
9.226012468338013,70266
9.2273268699646,70266
9.228209257125854,70266
9.229093074798584,70266
9.23040223121643,70266
9.231290578842163,70266
9.232175827026367,70266
9.233058214187622,70266
9.23436450958252,70266
9.235248327255249,70266
9.236146926879883,70266
9.23703384399414,70266
9.238340854644775,70266
9.239226818084717,70266
9.240111112594604,70266
9.24141812324524,70266
9.242305755615234,70266
9.243191480636597,70266
9.244075059890747,70266
9.245381355285645,70266
9.246275424957275,70266
9.247163534164429,70266
9.248048543930054,70266
9.249359846115112,70266
9.250244855880737,70266
9.251128673553467,70266
9.252017498016357,70266
9.253326177597046,70266
9.254211187362671,70266
9.2550950050354,70266
9.25641417503357,70266
9.257301330566406,70266
9.258185625076294,70266
9.25907278060913,70266
9.260381698608398,70266
9.261266231536865,70266
9.262149810791016,70266
9.26303505897522,70266
9.264345407485962,70266
9.265229940414429,70266
9.266123533248901,70266
9.267008304595947,70266
9.26831841468811,70266
9.269206523895264,70266
9.270091533660889,70266
9.271398782730103,70266
9.27228331565857,70266
9.273167848587036,70266
9.274051189422607,70266
9.2753586769104,70266
9.27625036239624,70266
9.277135372161865,70266
9.27802300453186,70266
9.279331684112549,70266
9.280216693878174,70266
9.281100511550903,70266
9.282407999038696,70266
9.283292293548584,70266
9.28417682647705,70266
9.285060405731201,70266
9.286377429962158,70266
9.287262439727783,70266
9.288147449493408,70266
9.289032697677612,70266
9.290337324142456,70266
9.291220426559448,70266
9.292105913162231,70266
9.293409585952759,70266
9.294296264648438,70266
9.295181035995483,70266
9.29607081413269,70266
9.297379493713379,70266
9.298262119293213,70266
9.299145221710205,70266
9.300034761428833,70266
9.301343441009521,70266
9.302229166030884,70266
9.303115844726562,70266
9.304424047470093,70266
9.305311918258667,70266
9.306208610534668,70266
9.307095766067505,70266
9.308408975601196,70266
9.30929684638977,70266
9.310181379318237,70266
9.311065673828125,70266
9.312397480010986,70266
9.313287734985352,70266
9.314175367355347,70266
9.31505823135376,70266
9.316375732421875,70266
9.317258596420288,70266
9.31814455986023,70266
9.319033861160278,70266
9.320343255996704,70266
9.321227073669434,70266
9.322109699249268,70266
9.32341718673706,70266
9.324304342269897,70266
9.325188398361206,70266
9.326081991195679,70266
9.327390909194946,70266
9.328274488449097,70266
9.32915711402893,70266
9.330039739608765,70266
9.33134913444519,70266
9.332231760025024,70266
9.333114385604858,70266
9.334424257278442,70266
9.33530879020691,70266
9.336203336715698,70266
9.337089538574219,70266
9.33839726448059,70266
9.339284181594849,70266
9.340169906616211,70266
9.341055631637573,70266
9.342365264892578,70266
9.343252420425415,70266
9.344161987304688,70266
9.345046281814575,70266
9.34636664390564,70266
9.34725022315979,70266
9.348133325576782,70266
9.349019765853882,70266
9.350327014923096,70266
9.351210355758667,70266
9.352094888687134,70266
9.353400945663452,70266
9.354286909103394,70266
9.35516881942749,70266
9.356063604354858,70266
9.357370615005493,70266
9.358254194259644,70266
9.359136581420898,70266
9.36001992225647,70266
9.361325740814209,70266
9.362210750579834,70266
9.363094091415405,70266
9.364400148391724,70266
9.365285873413086,70266
9.36618161201477,70266
9.367066860198975,70266
9.368375301361084,70266
9.369255304336548,70266
9.370136976242065,70266
9.371023178100586,70266
9.37232780456543,70266
9.373209714889526,70266
9.374091625213623,70266
9.375396966934204,70266
9.37628984451294,70266
9.377174139022827,70266
9.378056287765503,70266
9.379361391067505,70266
9.38024353981018,70266
9.381124258041382,70266
9.382009506225586,70266
9.383320331573486,70266
9.384203433990479,70266
9.38508653640747,70266
9.386403560638428,70266
9.387289762496948,70266
9.388171195983887,70266
9.38905644416809,70266
9.390363216400146,70266
9.391244173049927,70266
9.392125844955444,70266
9.39301061630249,70266
9.394317865371704,70266
9.395203113555908,70266
9.396094799041748,70266
9.397399425506592,70266
9.39828872680664,70266
9.399172306060791,70266
9.400055885314941,70266
9.401359796524048,70266
9.402240514755249,70266
9.40312123298645,70266
9.40400505065918,70266
9.405309677124023,70266
9.406202793121338,70266
9.407084941864014,70266
9.408389329910278,70266
9.409270763397217,70266
9.41015362739563,70266
9.411038160324097,70266
9.412343263626099,70266
9.413225412368774,70266
9.414106607437134,70266
9.41541314125061,70266
9.416305303573608,70266
9.417189121246338,70266
9.418070316314697,70266
9.41937518119812,70266
9.420259475708008,70266
9.421142101287842,70266
9.422028541564941,70266
9.42333459854126,70266
9.424217462539673,70266
9.425098419189453,70266
9.426414728164673,70266
9.427299976348877,70266
9.428183794021606,70266
9.429067611694336,70266
9.430373907089233,70266
9.43126106262207,70266
9.432145595550537,70266
9.43302845954895,70266
9.434333801269531,70266
9.435215473175049,70266
9.436106204986572,70266
9.4374098777771,70266
9.438294172286987,70266
9.43917989730835,70266
9.440061330795288,70266
9.441368818283081,70266
9.44225025177002,70266
9.443132162094116,70266
9.444014310836792,70266
9.445319175720215,70266
9.446211338043213,70266
9.447097301483154,70266
9.448402404785156,70266
9.44928789138794,70266
9.450170040130615,70266
9.451053142547607,70266
9.452357053756714,70266
9.453239440917969,70266
9.454119443893433,70266
9.455005884170532,70266
9.456320762634277,70266
9.457204103469849,70266
9.458086967468262,70266
9.459392786026001,70266
9.460278272628784,70266
9.461161851882935,70266
9.462045431137085,70266
9.463353395462036,70266
9.464237213134766,70266
9.46511960029602,70266
9.466013193130493,70266
9.467319011688232,70266
9.468201160430908,70266
9.469083547592163,70266
9.47038984298706,70266
9.471276760101318,70266
9.47216248512268,70266
9.473047018051147,70266
9.474353790283203,70266
9.475236654281616,70266
9.476126432418823,70266
9.477012157440186,70266
9.47831916809082,70266
9.479202508926392,70266
9.480087757110596,70266
9.481396436691284,70266
9.482281923294067,70266
9.483164072036743,70266
9.484046936035156,70266
9.485355377197266,70266
9.486248254776001,70266
9.48713231086731,70266
9.488016128540039,70266
9.489319801330566,70266
9.490201234817505,70266
9.491086483001709,70266
9.492393732070923,70266
9.493279218673706,70266
9.49416446685791,70266
9.495050430297852,70266
9.496367931365967,70266
9.497252941131592,70266
9.498137950897217,70266
9.499021053314209,70266
9.500327825546265,70266
9.501210689544678,70266
9.50209355354309,70266
9.503398656845093,70266
9.504282712936401,70266
9.505165100097656,70266
9.506058692932129,70266
9.507364511489868,70266
9.508246421813965,70266
9.509129524230957,70266
9.510014772415161,70266
9.511320114135742,70266
9.512202024459839,70266
9.513088464736938,70266
9.514395475387573,70266
9.515276432037354,70266
9.516170024871826,70266
9.517051696777344,70266
9.518358707427979,70266
9.519241333007812,70266
9.520153760910034,70266
9.521039247512817,70266
9.522349119186401,70266
9.523231506347656,70266
9.524112701416016,70266
9.525420904159546,70266
9.526317119598389,70266
9.52720022201538,70266
9.52808403968811,70266
9.529389142990112,70266
9.530269861221313,70266
9.531154870986938,70266
9.53204083442688,70266
9.533346176147461,70266
9.534229755401611,70266
9.535114765167236,70266
9.536011695861816,70266
9.537316799163818,70266
9.538197755813599,70266
9.539083242416382,70266
9.540392875671387,70266
9.54127550125122,70266
9.542160272598267,70266
9.543046236038208,70266
9.544378280639648,70266
9.54526400566101,70266
9.5461585521698,70266
9.547044515609741,70266
9.54835295677185,70266
9.549232959747314,70266
9.550116777420044,70266
9.551419973373413,70266
9.552306175231934,70266
9.553189992904663,70266
9.554069995880127,70266
9.555374145507812,70266
9.55626654624939,70266
9.557151079177856,70266
9.558035373687744,70266
9.559342861175537,70266
9.56022596359253,70266
9.56110692024231,70266
9.562419176101685,70266
9.5633065700531,70266
9.564191102981567,70266
9.565073251724243,70266
9.566476106643677,70266
9.567370891571045,70266
9.568277835845947,70266
9.56916856765747,70266
9.57005524635315,70266
9.571388006210327,70266
9.57227635383606,70266
9.573161840438843,70266
9.574063301086426,70266
9.57537293434143,70266
9.576266765594482,70266
9.577154159545898,70266
9.578042030334473,70266
9.579351425170898,70266
9.580235958099365,70266
9.581119060516357,70266
9.582005500793457,70266
9.583314418792725,70266
9.58419942855835,70266
9.585084199905396,70266
9.586402416229248,70266
9.587289571762085,70266
9.588173389434814,70266
9.589057207107544,70266
9.590364217758179,70266
9.591245174407959,70266
9.592129230499268,70266
9.593016386032104,70266
9.594324588775635,70266
9.595210075378418,70266
9.596104145050049,70266
9.597411632537842,70266
9.598297834396362,70266
9.599183320999146,70266
9.600070714950562,70266
9.60138201713562,70266
9.602267742156982,70266
9.603154420852661,70266
9.604036808013916,70266
9.605343341827393,70266
9.606236457824707,70266
9.6071195602417,70266
9.608008623123169,70266
9.609317064285278,70266
9.610200881958008,70266
9.611088275909424,70266
9.612396478652954,70266
9.613281726837158,70266
9.61416745185852,70266
9.615053653717041,70266
9.616369009017944,70266
9.617250442504883,70266
9.618133306503296,70266
9.619017362594604,70266
9.620327472686768,70266
9.621213436126709,70266
9.622096538543701,70266
9.623403787612915,70266
9.624289512634277,70266
9.625173568725586,70266
9.6260666847229,70266
9.627377271652222,70266
9.628260612487793,70266
9.629147291183472,70266
9.630033254623413,70266
9.631340980529785,70266
9.632225275039673,70266
9.633109331130981,70266
9.634413719177246,70266
9.635300159454346,70266
9.636195421218872,70266
9.637080669403076,70266
9.638387203216553,70266
9.639270782470703,70266
9.640155553817749,70266
9.641040802001953,70266
9.64234972000122,70266
9.64323353767395,70266
9.644116878509521,70266
9.645423412322998,70266
9.64631962776184,70266
9.647199153900146,70266
9.64808440208435,70266
9.649391412734985,70266
9.65027403831482,70266
9.651157855987549,70266
9.652042388916016,70266
9.653347730636597,70266
9.654231548309326,70266
9.655110120773315,70266
9.656005620956421,70266
9.657311916351318,70266
9.65819787979126,70266
9.659082889556885,70266
9.660392045974731,70266
9.66127872467041,70266
9.66216254234314,70266
9.663044452667236,70266
9.664352655410767,70266
9.665241718292236,70266
9.666133403778076,70266
9.66701889038086,70266
9.668323755264282,70266
9.66920518875122,70266
9.670088291168213,70266
9.671393871307373,70266
9.67227840423584,70266
9.67316484451294,70266
9.67405104637146,70266
9.67535924911499,70266
9.676253318786621,70266
9.677138805389404,70266
9.678023338317871,70266
9.679330110549927,70266
9.680213451385498,70266
9.68109679222107,70266
9.682404041290283,70266
9.68329119682312,70266
9.684175729751587,70266
9.685059547424316,70266
9.686376571655273,70266
9.687265396118164,70266
9.688151121139526,70266
9.689035892486572,70266
9.690340042114258,70266
9.691223382949829,70266
9.692109107971191,70266
9.693414449691772,70266
9.694299697875977,70266
9.695183038711548,70266
9.696074724197388,70266
9.697381258010864,70266
9.69826602935791,70266
9.69914960861206,70266
9.700036525726318,70266
9.70134449005127,70266
9.70223069190979,70266
9.703113794326782,70266
9.7044198513031,70266
9.70531153678894,70266
9.706206798553467,70266
9.707093477249146,70266
9.70840048789978,70266
9.709286212921143,70266
9.710170984268188,70266
9.711055994033813,70266
9.712361812591553,70266
9.71324896812439,70266
9.714134454727173,70266
9.715019702911377,70266
9.716336727142334,70266
9.7172212600708,70266
9.718103885650635,70266
9.71941065788269,70266
9.72029423713684,70266
9.7211754322052,70266
9.722059488296509,70266
9.723382711410522,70266
9.724292993545532,70266
9.725178956985474,70266
9.726070642471313,70266
9.727377891540527,70266
9.72826099395752,70266
9.729144811630249,70266
9.73003101348877,70266
9.731341123580933,70266
9.7322256565094,70266
9.733105897903442,70266
9.734410285949707,70266
9.735296249389648,70266
9.736190795898438,70266
9.737075090408325,70266
9.738383769989014,70266
9.739269971847534,70266
9.74015736579895,70266
9.741044044494629,70266
9.74234938621521,70266
9.74323058128357,70266
9.744136333465576,70266
9.745025157928467,70266
9.746342420578003,70266
9.747224569320679,70266
9.748107194900513,70266
9.749417066574097,70266
9.750302791595459,70266
9.751184225082397,70266
9.752065658569336,70266
9.753372430801392,70266
9.75425672531128,70266
9.755141258239746,70266
9.756035804748535,70266
9.757344722747803,70266
9.758230686187744,70266
9.759113311767578,70266
9.760420560836792,70266
9.761304140090942,70266
9.762189626693726,70266
9.763074398040771,70266
9.764383554458618,70266
9.765268325805664,70266
9.766161680221558,70266
9.767045021057129,70266
9.768351316452026,70266
9.769232511520386,70266
9.77011227607727,70266
9.771415710449219,70266
9.77229905128479,70266
9.773182392120361,70266
9.774064064025879,70266
9.77536678314209,70266
9.776259183883667,70266
9.77714467048645,70266
9.77802848815918,70266
9.779333591461182,70266
9.780216217041016,70266
9.781097650527954,70266
9.782402515411377,70266
9.783287525177002,70266
9.784170389175415,70266
9.785055875778198,70266
9.786371231079102,70266
9.787253856658936,70266
9.788132667541504,70266
9.789016008377075,70266
9.790320634841919,70266
9.791206121444702,70266
9.792088985443115,70266
9.793397188186646,70266
9.79428243637085,70266
9.795166730880737,70266
9.796060800552368,70266
9.797367572784424,70266
9.798248529434204,70266
9.799134254455566,70266
9.800018548965454,70266
9.801323652267456,70266
9.802206039428711,70266
9.803088426589966,70266
9.804392337799072,70266
9.80527639389038,70266
9.806172132492065,70266
9.80705451965332,70266
9.80836033821106,70266
9.809242010116577,70266
9.810123205184937,70266
9.811007499694824,70266
9.812310934066772,70266
9.813194036483765,70266
9.814076662063599,70266
9.81538438796997,70266
9.81627631187439,70266
9.817157506942749,70266
9.818043947219849,70266
9.819346904754639,70266
9.820229291915894,70266
9.821110486984253,70266
9.822417497634888,70266
9.823301553726196,70266
9.824184656143188,70266
9.825075387954712,70266
9.82638955116272,70266
9.827271699905396,70266
9.828155040740967,70266
9.82903790473938,70266
9.830343246459961,70266
9.83122444152832,70266
9.832104682922363,70266
9.833410501480103,70266
9.834294319152832,70266
9.83517861366272,70266
9.836071014404297,70266
9.837377786636353,70266
9.838260650634766,70266
9.839142799377441,70266
9.840028762817383,70266
9.841333389282227,70266
9.84221601486206,70266
9.843098640441895,70266
9.84440302848816,70266
9.845287084579468,70266
9.846182346343994,70266
9.847064018249512,70266
9.848369359970093,70266
9.849251985549927,70266
9.85013222694397,70266
9.851016521453857,70266
9.852323532104492,70266
9.85320782661438,70266
9.854093790054321,70266
9.855401039123535,70266
9.856293201446533,70266
9.857176065444946,70266
9.85805869102478,70266
9.859365463256836,70266
9.860247611999512,70266
9.861131191253662,70266
9.86201524734497,70266
9.863317728042603,70266
9.864199876785278,70266
9.865080833435059,70266
9.86639666557312,70266
9.867280721664429,70266
9.868164539337158,70266
9.869049072265625,70266
9.870354652404785,70266
9.871237993240356,70266
9.87211799621582,70266
9.873424053192139,70266
9.874306678771973,70266
9.87519097328186,70266
9.876084089279175,70266
9.87739086151123,70266
9.878273725509644,70266
9.879156589508057,70266
9.880040168762207,70266
9.88134765625,70266
9.882231712341309,70266
9.883113861083984,70266
9.884421586990356,70266
9.88530683517456,70266
9.886202812194824,70266
9.887089490890503,70266
9.888399600982666,70266
9.889286756515503,70266
9.89017367362976,70266
9.891057252883911,70266
9.8923659324646,70266
9.893246173858643,70266
9.894128322601318,70266
9.895012855529785,70266
9.896331310272217,70266
9.89721393585205,70266
9.898098707199097,70266
9.899406433105469,70266
9.900293111801147,70266
9.901176691055298,70266
9.902058839797974,70266
9.903360366821289,70266
9.90424108505249,70266
9.90512990951538,70266
9.906026363372803,70266
9.90733027458191,70266
9.908217906951904,70266
9.909099102020264,70266
9.910407066345215,70266
9.911292552947998,70266
9.91217827796936,70266
9.91306209564209,70266
9.914369106292725,70266
9.915253639221191,70266
9.916146993637085,70266
9.917035102844238,70266
9.918343544006348,70266
9.919227838516235,70266
9.920111417770386,70266
9.92141842842102,70266
9.922303199768066,70266
9.923186779022217,70266
9.924069881439209,70266
9.925373315811157,70266
9.926265239715576,70266
9.927148342132568,70266
9.92803144454956,70266
9.929336547851562,70266
9.930220603942871,70266
9.9311044216156,70266
9.932409286499023,70266
9.93329405784607,70266
9.934180974960327,70266
9.935062646865845,70266
9.936378479003906,70266
9.937259197235107,70266
9.938141822814941,70266
9.939027309417725,70266
9.940330505371094,70266
9.941211223602295,70266
9.942094326019287,70266
9.943403005599976,70266
9.944311141967773,70266
9.945196151733398,70266
9.946089744567871,70266
9.947394132614136,70266
9.948281049728394,70266
9.949164867401123,70266
9.950049638748169,70266
9.951352596282959,70266
9.952234745025635,70266
9.953116655349731,70266
9.954419136047363,70266
9.955305099487305,70266
9.95620083808899,70266
9.957099676132202,70266
9.958407402038574,70266
9.9592924118042,70266
9.960199117660522,70266
9.961101055145264,70266
9.962406635284424,70266
9.963292121887207,70266
9.964178562164307,70266
9.965059518814087,70266
9.966376304626465,70266
9.967255353927612,70266
9.968138933181763,70266
9.969024181365967,70266
9.970328330993652,70266
9.971207618713379,70266
9.972090721130371,70266
9.973395109176636,70266
9.974279642105103,70266
9.975162982940674,70266
9.976057291030884,70266
9.977361917495728,70266
9.978245258331299,70266
9.979127645492554,70266
9.980013608932495,70266
9.981322765350342,70266
9.982208251953125,70266
9.98309063911438,70266
9.984397649765015,70266
9.985278844833374,70266
9.986172676086426,70266
9.987055540084839,70266
9.98836088180542,70266
9.9892418384552,70266
9.990123271942139,70266
9.99100637435913,70266
9.992313861846924,70266
9.993194341659546,70266
9.994078159332275,70266
9.995381116867065,70266
9.996270418167114,70266
9.997155904769897,70266
9.998039960861206,70266
9.999346733093262,70266
10.00022840499878,70266
10.00110936164856,70266
10.002415418624878,70266
10.003300189971924,70266
10.00418472290039,70266
10.005070447921753,70266
10.006387710571289,70266
10.007272243499756,70266
10.008158922195435,70266
10.009045124053955,70266
10.010350465774536,70266
10.011234045028687,70266
10.01214075088501,70266
10.013026475906372,70266
10.014351844787598,70266
10.015253067016602,70266
10.016149520874023,70266
10.017035245895386,70266
10.01834511756897,70266
10.019228219985962,70266
10.020113468170166,70266
10.021423816680908,70266
10.022312879562378,70266
10.023198366165161,70266
10.024081468582153,70266
10.025385618209839,70266
10.026279926300049,70266
10.027161836624146,70266
10.02804446220398,70266
10.029350757598877,70266
10.030235290527344,70266
10.031121253967285,70266
10.032009363174438,70266
10.033316612243652,70266
10.034199714660645,70266
10.035083055496216,70266
10.036400318145752,70266
10.037287473678589,70266
10.03817081451416,70266
10.03905439376831,70266
10.040361166000366,70266
10.041242122650146,70266
10.04212212562561,70266
10.043004751205444,70266
10.044313907623291,70266
10.045196533203125,70266
10.046090364456177,70266
10.047396183013916,70266
10.048285484313965,70266
10.04917049407959,70266
10.050055265426636,70266
10.051362037658691,70266
10.052245378494263,70266
10.053127765655518,70266
10.054015398025513,70266
10.055318593978882,70266
10.05621337890625,70266
10.057095766067505,70266
10.058397054672241,70266
10.059279441833496,70266
10.060162782669067,70266
10.061045408248901,70266
10.062353134155273,70266
10.063236713409424,70266
10.064120531082153,70266
10.065003156661987,70266
10.066324949264526,70266
10.067210912704468,70266
10.068093538284302,70266
10.069400072097778,70266
10.070285558700562,70266
10.071172714233398,70266
10.072054624557495,70266
10.073359251022339,70266
10.074240684509277,70266
10.075122356414795,70266
10.0760178565979,70266
10.077322244644165,70266
10.078201532363892,70266
10.079083919525146,70266
10.080389976501465,70266
10.081275701522827,70266
10.082157611846924,70266
10.083040475845337,70266
10.084349155426025,70266
10.085232496261597,70266
10.086122512817383,70266
10.087003469467163,70266
10.088308572769165,70266
10.08919095993042,70266
10.090072393417358,70266
10.091378450393677,70266
10.092262268066406,70266
10.09314751625061,70266
10.094031810760498,70266
10.095336675643921,70266
10.096230268478394,70266
10.097115278244019,70266
10.098421335220337,70266
10.099308490753174,70266
10.100190162658691,70266
10.101069927215576,70266
10.102379560470581,70266
10.10326623916626,70266
10.104149580001831,70266
10.10503339767456,70266
10.106353044509888,70266
10.107238292694092,70266
10.108118057250977,70266
10.109419822692871,70266
10.110304594039917,70266
10.111188411712646,70266
10.11207103729248,70266
10.113376140594482,70266
10.114261627197266,70266
10.115146160125732,70266
10.116044282913208,70266
10.11734938621521,70266
10.118232011795044,70266
10.119115591049194,70266
10.120422124862671,70266
10.121308088302612,70266
10.122190475463867,70266
10.123071432113647,70266
10.124372482299805,70266
10.125252485275269,70266
10.126147985458374,70266
10.127032041549683,70266
10.12834119796753,70266
10.1292245388031,70266
10.130105257034302,70266
10.131410360336304,70266
10.13229751586914,70266
10.133182525634766,70266
10.134065628051758,70266
10.135370254516602,70266
10.136261940002441,70266
10.137145280838013,70266
10.138031005859375,70266
10.139337062835693,70266
10.140220642089844,70266
10.14110541343689,70266
10.142411947250366,70266
10.14329719543457,70266
10.144206285476685,70266
10.145093202590942,70266
10.146408319473267,70266
10.147293090820312,70266
10.148175954818726,70266
10.149089336395264,70266
10.150397777557373,70266
10.15128207206726,70266
10.152165174484253,70266
10.15304684638977,70266
10.154350519180298,70266
10.15523362159729,70266
10.156122207641602,70266
10.157006978988647,70266
10.158308744430542,70266
10.159193992614746,70266
10.160076379776001,70266
10.161383390426636,70266
10.16226577758789,70266
10.163150548934937,70266
10.164034128189087,70266
10.165341854095459,70266
10.166236162185669,70266
10.16711711883545,70266
10.168421983718872,70266
10.169307947158813,70266
10.170191764831543,70266
10.171074867248535,70266
10.1723792552948,70266
10.173260688781738,70266
10.174144744873047,70266
10.175027847290039,70266
10.176343441009521,70266
10.177228450775146,70266
10.178109884262085,70266
10.179414987564087,70266
10.180301427841187,70266
10.181184530258179,70266
10.182070016860962,70266
10.183377027511597,70266
10.184258460998535,70266
10.185141563415527,70266
10.186035394668579,70266
10.187346696853638,70266
10.188228368759155,70266
10.189109086990356,70266
10.190414190292358,70266
10.191301584243774,70266
10.192187070846558,70266
10.193071842193604,70266
10.194380760192871,70266
10.195266723632812,70266
10.196163415908813,70266
10.197047710418701,70266
10.198352813720703,70266
10.19923734664917,70266
10.200120449066162,70266
10.201004028320312,70266
10.20231318473816,70266
10.20319676399231,70266
10.20408010482788,70266
10.205389022827148,70266
10.206285238265991,70266
10.207168579101562,70266
10.208051681518555,70266
10.20935869216919,70266
10.210241794586182,70266
10.211122989654541,70266
10.212006330490112,70266
10.21331262588501,70266
10.214197635650635,70266
10.215080499649048,70266
10.21639895439148,70266
10.217283248901367,70266
10.218168020248413,70266
10.219051599502563,70266
10.220359563827515,70266
10.221242189407349,70266
10.222126245498657,70266
10.22300934791565,70266
10.224315881729126,70266
10.225202083587646,70266
10.22609829902649,70266
10.227405071258545,70266
10.228290319442749,70266
10.229172229766846,70266
10.230055332183838,70266
10.231362581253052,70266
10.23224687576294,70266
10.233131408691406,70266
10.234015226364136,70266
10.235326528549194,70266
10.236218929290771,70266
10.237100839614868,70266
10.238408088684082,70266
10.239296436309814,70266
10.240183115005493,70266
10.241069316864014,70266
10.242379188537598,70266
10.243263721466064,70266
10.244148015975952,70266
10.245031356811523,70266
10.24634861946106,70266
10.247228145599365,70266
10.248111724853516,70266
10.249416828155518,70266
10.250300884246826,70266
10.251187562942505,70266
10.252069473266602,70266
10.253373384475708,70266
10.2542564868927,70266
10.255140781402588,70266
10.256038188934326,70266
10.257345914840698,70266
10.258231401443481,70266
10.259114027023315,70266
10.260003328323364,70266
10.261310577392578,70266
10.262195348739624,70266
10.263077735900879,70266
10.264384746551514,70266
10.265269756317139,70266
10.266164541244507,70266
10.267049074172974,70266
10.268357038497925,70266
10.269239664077759,70266
10.270122766494751,70266
10.27100920677185,70266
10.27231216430664,70266
10.273197412490845,70266
10.274080753326416,70266
10.275386810302734,70266
10.276278972625732,70266
10.277163982391357,70266
10.278047323226929,70266
10.279354572296143,70266
10.28023910522461,70266
10.281121253967285,70266
10.28200888633728,70266
10.283311605453491,70266
10.2841956615448,70266
10.285080671310425,70266
10.286398887634277,70266
10.287286281585693,70266
10.288171768188477,70266
10.289057970046997,70266
10.290369033813477,70266
10.291251182556152,70266
10.292132139205933,70266
10.293017387390137,70266
10.294325351715088,70266
10.295207977294922,70266
10.296101570129395,70266
10.297407150268555,70266
10.298291683197021,70266
10.299175024032593,70266
10.30005669593811,70266
10.301360607147217,70266
10.302244424819946,70266
10.303126335144043,70266
10.304012537002563,70266
10.30531907081604,70266
10.306212663650513,70266
10.307099342346191,70266
10.308408975601196,70266
10.309296607971191,70266
10.310181140899658,70266
10.311062574386597,70266
10.31239652633667,70266
10.313281536102295,70266
10.314167261123657,70266
10.31505298614502,70266
10.316371202468872,70266
10.317253828048706,70266
10.318138122558594,70266
10.31902289390564,70266
10.320331335067749,70266
10.321213006973267,70266
10.322095155715942,70266
10.323400020599365,70266
10.324286460876465,70266
10.325172185897827,70266
10.326064109802246,70266
10.327374696731567,70266
10.328256845474243,70266
10.32914137840271,70266
10.33002519607544,70266
10.331334590911865,70266
10.332219362258911,70266
10.333102703094482,70266
10.334408044815063,70266
10.335295677185059,70266
10.336190462112427,70266
10.33707070350647,70266
10.338375091552734,70266
10.339260816574097,70266
10.34014368057251,70266
10.341027975082397,70266
10.3423330783844,70266
10.343220472335815,70266
10.344125032424927,70266
10.345012903213501,70266
10.346330642700195,70266
10.347213983535767,70266
10.348096370697021,70266
10.349405288696289,70266
10.350291728973389,70266
10.351178407669067,70266
10.352064371109009,70266
10.353373289108276,70266
10.354259967803955,70266
10.355146884918213,70266
10.356041669845581,70266
10.357353210449219,70266
10.358241319656372,70266
10.359124660491943,70266
10.360012769699097,70266
10.36132287979126,70266
10.362210035324097,70266
10.363095998764038,70266
10.364404678344727,70266
10.365288972854614,70266
10.366183757781982,70266
10.36707091331482,70266
10.36838150024414,70266
10.36926794052124,70266
10.370157957077026,70266
10.371048212051392,70266
10.37235426902771,70266
10.373237609863281,70266
10.374119758605957,70266
10.375006198883057,70266
10.376325845718384,70266
10.377209186553955,70266
10.378093957901001,70266
10.379403591156006,70266
10.380290269851685,70266
10.38117504119873,70266
10.382057428359985,70266
10.383366346359253,70266
10.38425087928772,70266
10.385136604309082,70266
10.386030912399292,70266
10.387338161468506,70266
10.388221502304077,70266
10.389104127883911,70266
10.390409708023071,70266
10.391294479370117,70266
10.392177820205688,70266
10.393060684204102,70266
10.39436936378479,70266
10.395250797271729,70266
10.396145582199097,70266
10.397032260894775,70266
10.398344039916992,70266
10.399226188659668,70266
10.400109767913818,70266
10.401418209075928,70266
10.402308702468872,70266
10.403198003768921,70266
10.404083967208862,70266
10.405389070510864,70266
10.406284093856812,70266
10.407169103622437,70266
10.408052682876587,70266
10.409363508224487,70266
10.410248279571533,70266
10.411132335662842,70266
10.412017345428467,70266
10.413325548171997,70266
10.414208889007568,70266
10.415092468261719,70266
10.416414260864258,70266
10.417303562164307,70266
10.41818618774414,70266
10.419069051742554,70266
10.42037582397461,70266
10.421258926391602,70266
10.422144889831543,70266
10.423028945922852,70266
10.424333095550537,70266
10.42521595954895,70266
10.426106452941895,70266
10.427414655685425,70266
10.428300857543945,70266
10.42918586730957,70266
10.430070161819458,70266
10.431374788284302,70266
10.432259321212769,70266
10.433141469955444,70266
10.434024810791016,70266
10.435330152511597,70266
10.4362211227417,70266
10.437103271484375,70266
10.43841028213501,70266
10.439294576644897,70266
10.440177202224731,70266
10.441060781478882,70266
10.442367553710938,70266
10.44325065612793,70266
10.444133996963501,70266
10.44502067565918,70266
10.44633936882019,70266
10.447223901748657,70266
10.44810438156128,70266
10.44940733909607,70266
10.450291633605957,70266
10.451174020767212,70266
10.452058553695679,70266
10.453364610671997,70266
10.454245567321777,70266
10.455131769180298,70266
10.456026554107666,70266
10.457332849502563,70266
10.458213329315186,70266
10.459096431732178,70266
10.460403680801392,70266
10.461288928985596,70266
10.46217155456543,70266
10.463056087493896,70266
10.464367628097534,70266
10.465251922607422,70266
10.466147184371948,70266
10.46703314781189,70266
10.468344688415527,70266
10.469234943389893,70266
10.470120191574097,70266
10.471004009246826,70266
10.472310781478882,70266
10.473194599151611,70266
10.47408127784729,70266
10.475388765335083,70266
10.47628378868103,70266
10.477172136306763,70266
10.478057861328125,70266
10.479365348815918,70266
10.480247974395752,70266
10.481133222579956,70266
10.48201847076416,70266
10.483327388763428,70266
10.484211683273315,70266
10.485092878341675,70266
10.486408710479736,70266
10.487292051315308,70266
10.48817491531372,70266
10.489061832427979,70266
10.490368366241455,70266
10.491251945495605,70266
10.492135047912598,70266
10.493022441864014,70266
10.494329690933228,70266
10.495209693908691,70266
10.49610161781311,70266
10.49740743637085,70266
10.498291254043579,70266
10.499175310134888,70266
10.500057697296143,70266
10.501365184783936,70266
10.502249002456665,70266
10.503135204315186,70266
10.50402021408081,70266
10.505326509475708,70266
10.506216049194336,70266
10.507099390029907,70266
10.508406400680542,70266
10.509291887283325,70266
10.510177612304688,70266
10.511060237884521,70266
10.512364864349365,70266
10.513249397277832,70266
10.514133930206299,70266
10.515018701553345,70266
10.516334772109985,70266
10.517221212387085,70266
10.51810336112976,70266
10.519408702850342,70266
10.520318269729614,70266
10.521204948425293,70266
10.52208948135376,70266
10.523393392562866,70266
10.524280071258545,70266
10.525164127349854,70266
10.52605676651001,70266
10.527363300323486,70266
10.528250455856323,70266
10.529134750366211,70266
10.530020475387573,70266
10.531324625015259,70266
10.532207012176514,70266
10.53309154510498,70266
10.5343918800354,70266
10.535272359848022,70266
10.536165475845337,70266
10.537050247192383,70266
10.538357496261597,70266
10.5392427444458,70266
10.540126323699951,70266
10.541009426116943,70266
10.54231572151184,70266
10.54319953918457,70266
10.544106483459473,70266
10.54541301727295,70266
10.546311140060425,70266
10.547197818756104,70266
10.548081874847412,70266
10.549390077590942,70266
10.550273895263672,70266
10.551157236099243,70266
10.55204153060913,70266
10.553345918655396,70266
10.554229974746704,70266
10.555114030838013,70266
10.556008100509644,70266
10.557317733764648,70266
10.55820083618164,70266
10.559083461761475,70266
10.560385704040527,70266
10.561267852783203,70266
10.562150239944458,70266
10.563034296035767,70266
10.564340114593506,70266
10.565222263336182,70266
10.566113710403442,70266
10.567519903182983,70266
10.568411588668823,70266
10.569318532943726,70266
10.570204973220825,70266
10.5710928440094,70266
10.572424173355103,70266
10.573310852050781,70266
10.574195146560669,70266
10.57509469985962,70266
10.576414108276367,70266
10.57729983329773,70266
10.578184127807617,70266
10.579066753387451,70266
10.580374002456665,70266
10.58125638961792,70266
10.582139015197754,70266
10.583027124404907,70266
10.584333419799805,70266
10.585216760635376,70266
10.586107015609741,70266
10.587416410446167,70266
10.588298559188843,70266
10.589183568954468,70266
10.590068578720093,70266
10.591373920440674,70266
10.59225606918335,70266
10.593138933181763,70266
10.59402322769165,70266
10.595329284667969,70266
10.596222400665283,70266
10.597105026245117,70266
10.598411560058594,70266
10.599296808242798,70266
10.600181102752686,70266
10.601064205169678,70266
10.602369785308838,70266
10.603250503540039,70266
10.604135036468506,70266
10.605019569396973,70266
10.606337070465088,70266
10.60722017288208,70266
10.608103513717651,70266
10.609411716461182,70266
10.610298156738281,70266
10.611181735992432,70266
10.612063884735107,70266
10.613365650177002,70266
10.61424970626831,70266
10.615134000778198,70266
10.616028308868408,70266
10.617335796356201,70266
10.618217468261719,70266
10.619096279144287,70266
10.620402097702026,70266
10.621289730072021,70266
10.622174978256226,70266
10.623059034347534,70266
10.624366998672485,70266
10.625249147415161,70266
10.626144170761108,70266
10.62703251838684,70266
10.628339290618896,70266
10.629223346710205,70266
10.63010549545288,70266
10.6314115524292,70266
10.632299184799194,70266
10.63318395614624,70266
10.634065389633179,70266
10.635371685028076,70266
10.636261701583862,70266
10.63714599609375,70266
10.638032913208008,70266
10.639343023300171,70266
10.64022445678711,70266
10.641104936599731,70266
10.642412900924683,70266
10.643300294876099,70266
10.644183158874512,70266
10.645066499710083,70266
10.64638376235962,70266
10.647266387939453,70266
10.648149728775024,70266
10.64903473854065,70266
10.650343894958496,70266
10.651227712631226,70266
10.652113199234009,70266
10.653418064117432,70266
10.654303073883057,70266
10.655185222625732,70266
10.656078577041626,70266
10.657383680343628,70266
10.658266305923462,70266
10.659151315689087,70266
10.660036563873291,70266
10.661343097686768,70266
10.662224769592285,70266
10.663106441497803,70266
10.664412021636963,70266
10.66529655456543,70266
10.666200637817383,70266
10.667085647583008,70266
10.668392658233643,70266
10.669278383255005,70266
10.670159816741943,70266
10.671045064926147,70266
10.672352313995361,70266
10.673233032226562,70266
10.67411494255066,70266
10.675421953201294,70266
10.676316261291504,70266
10.677200317382812,70266
10.6780846118927,70266
10.67939019203186,70266
10.680275201797485,70266
10.681158781051636,70266
10.682043313980103,70266
10.68335223197937,70266
10.684233665466309,70266
10.685115098953247,70266
10.686012268066406,70266
10.6873197555542,70266
10.688203573226929,70266
10.689088344573975,70266
10.690394163131714,70266
10.691280364990234,70266
10.692163944244385,70266
10.693045616149902,70266
10.694346904754639,70266
10.695228815078735,70266
10.696119785308838,70266
10.69700837135315,70266
10.698311567306519,70266
10.69919466972351,70266
10.700077056884766,70266
10.701382875442505,70266
10.702266693115234,70266
10.703152894973755,70266
10.704035997390747,70266
10.705342292785645,70266
10.706236124038696,70266
10.707117795944214,70266
10.708423376083374,70266
10.709309101104736,70266
10.710193872451782,70266
10.711077213287354,70266
10.712381839752197,70266
10.713266849517822,70266
10.714151859283447,70266
10.715033769607544,70266
10.716350793838501,70266
10.717235326766968,70266
10.718116044998169,70266
10.719422578811646,70266
10.720305681228638,70266
10.721189975738525,70266
10.722072839736938,70266
10.723379373550415,70266
10.724262952804565,70266
10.725145816802979,70266
10.726040840148926,70266
10.727344989776611,70266
10.728228569030762,70266
10.729114770889282,70266
10.730419874191284,70266
10.731306314468384,70266
10.73218822479248,70266
10.733071088790894,70266
10.734377384185791,70266
10.735259532928467,70266
10.736154317855835,70266
10.737037181854248,70266
10.738346099853516,70266
10.739232778549194,70266
10.740116596221924,70266
10.741424560546875,70266
10.742313146591187,70266
10.74319863319397,70266
10.74410343170166,70266
10.745412588119507,70266
10.746309280395508,70266
10.747195720672607,70266
10.748080015182495,70266
10.749385595321655,70266
10.750268459320068,70266
10.75115418434143,70266
10.752037763595581,70266
10.753350257873535,70266
10.754235982894897,70266
10.755120754241943,70266
10.756017923355103,70266
10.757324934005737,70266
10.758209943771362,70266
10.759093999862671,70266
10.760403156280518,70266
10.761289119720459,70266
10.76217532157898,70266
10.76305603981018,70266
10.76436448097229,70266
10.765246391296387,70266
10.766138076782227,70266
10.76702332496643,70266
10.768327474594116,70266
10.769210577011108,70266
10.770093441009521,70266
10.77140498161316,70266
10.772289991378784,70266
10.77317476272583,70266
10.774059534072876,70266
10.77536654472351,70266
10.776258945465088,70266
10.777145147323608,70266
10.778030157089233,70266
10.779337167739868,70266
10.780222654342651,70266
10.781107187271118,70266
10.782414436340332,70266
10.783302783966064,70266
10.784188747406006,70266
10.785074234008789,70266
10.786394596099854,70266
10.7872793674469,70266
10.788161993026733,70266
10.789047718048096,70266
10.790355920791626,70266
10.79124140739441,70266
10.792122840881348,70266
10.793009042739868,70266
10.794320106506348,70266
10.79520320892334,70266
10.796097040176392,70266
10.797406196594238,70266
10.798290014266968,70266
10.79917287826538,70266
10.80005693435669,70266
10.801364183425903,70266
10.80224871635437,70266
10.803133964538574,70266
10.804020404815674,70266
10.805327415466309,70266
10.806221008300781,70266
10.80710482597351,70266
10.808413743972778,70266
10.809301137924194,70266
10.810187101364136,70266
10.811073541641235,70266
10.812380313873291,70266
10.8132643699646,70266
10.814148664474487,70266
10.815035104751587,70266
10.8163583278656,70266
10.817241668701172,70266
10.818126201629639,70266
10.819014549255371,70266
10.820323467254639,70266
10.82120966911316,70266
10.822093725204468,70266
10.823400020599365,70266
10.824284553527832,70266
10.82516884803772,70266
10.826062202453613,70266
10.827373266220093,70266
10.828259706497192,70266
10.829146385192871,70266
10.83003282546997,70266
10.831341028213501,70266
10.83222508430481,70266
10.833109855651855,70266
10.834420204162598,70266
10.83530569076538,70266
10.836200714111328,70266
10.837086200714111,70266
10.838393449783325,70266
10.839281797409058,70266
10.840166568756104,70266
10.841052532196045,70266
10.842360258102417,70266
10.84324598312378,70266
10.844127655029297,70266
10.845014333724976,70266
10.846330642700195,70266
10.847215414047241,70266
10.848099946975708,70266
10.84940767288208,70266
10.850292921066284,70266
10.85117769241333,70266
10.852062940597534,70266
10.853368759155273,70266
10.854250431060791,70266
10.855133771896362,70266
10.85602855682373,70266
10.85733413696289,70266
10.85822081565857,70266
10.859105348587036,70266
10.860414028167725,70266
10.861300468444824,70266
10.862184524536133,70266
10.863070726394653,70266
10.864380359649658,70266
10.865265607833862,70266
10.866161823272705,70266
10.86704683303833,70266
10.868355751037598,70266
10.869239568710327,70266
10.870120525360107,70266
10.871005773544312,70266
10.872314929962158,70266
10.873199224472046,70266
10.874082803726196,70266
10.87539029121399,70266
10.876286029815674,70266
10.87717080116272,70266
10.878057479858398,70266
10.879365682601929,70266
10.880247354507446,70266
10.88113021850586,70266
10.882017612457275,70266
10.883325576782227,70266
10.884210586547852,70266
10.885094165802002,70266
10.886414766311646,70266
10.887301206588745,70266
10.888187408447266,70266
10.889073371887207,70266
10.890381574630737,70266
10.891268253326416,70266
10.892154216766357,70266
10.893040180206299,70266
10.894347429275513,70266
10.895240545272827,70266
10.896134376525879,70266
10.897021055221558,70266
10.898326873779297,70266
10.899212121963501,70266
10.900094509124756,70266
10.901401996612549,70266
10.9022855758667,70266
10.90316891670227,70266
10.904054641723633,70266
10.905364036560059,70266
10.906262159347534,70266
10.907150506973267,70266
10.908036947250366,70266
10.909348249435425,70266
10.91023302078247,70266
10.911117792129517,70266
10.912422895431519,70266
10.913312673568726,70266
10.914196014404297,70266
10.915083408355713,70266
10.916406393051147,70266
10.917295932769775,70266
10.91818356513977,70266
10.919069290161133,70266
10.92037582397461,70266
10.921257972717285,70266
10.92214322090149,70266
10.923030614852905,70266
10.924341201782227,70266
10.925225734710693,70266
10.926120281219482,70266
10.927006483078003,70266
10.928316593170166,70266
10.929202318191528,70266
10.93009090423584,70266
10.931404113769531,70266
10.932290315628052,70266
10.933176517486572,70266
10.93405818939209,70266
10.935368061065674,70266
10.936265230178833,70266
10.937151193618774,70266
10.938036680221558,70266
10.939348220825195,70266
10.940232276916504,70266
10.941115140914917,70266
10.942421674728394,70266
10.943308353424072,70266
10.944217205047607,70266
10.945115327835083,70266
10.946023225784302,70266
10.947331190109253,70266
10.948212385177612,70266
10.949095010757446,70266
10.950401067733765,70266
10.95128607749939,70266
10.952168464660645,70266
10.953052282333374,70266
10.954357862472534,70266
10.955239057540894,70266
10.956132173538208,70266
10.957017421722412,70266
10.958327293395996,70266
10.959210872650146,70266
10.960095882415771,70266
10.961403608322144,70266
10.962289810180664,70266
10.963174819946289,70266
10.964058637619019,70266
10.96536660194397,70266
10.966258525848389,70266
10.967147827148438,70266
10.968030452728271,70266
10.96933650970459,70266
10.970219850540161,70266
10.971100807189941,70266
10.972408056259155,70266
10.973292350769043,70266
10.974178791046143,70266
10.975062847137451,70266
10.976381778717041,70266
10.977269172668457,70266
10.97815489768982,70266
10.979038953781128,70266
10.980345249176025,70266
10.981229066848755,70266
10.98211145401001,70266
10.9834144115448,70266
10.98430061340332,70266
10.985183477401733,70266
10.986076831817627,70266
10.987381935119629,70266
10.98826265335083,70266
10.98914623260498,70266
10.990031242370605,70266
10.991339683532715,70266
10.992222785949707,70266
10.993104219436646,70266
10.994410991668701,70266
10.995296239852905,70266
10.996191501617432,70266
10.997074604034424,70266
10.9983811378479,70266
10.99926471710205,70266
11.000149488449097,70266
11.001033544540405,70266
11.002340078353882,70266
11.003225088119507,70266
11.00410509109497,70266
11.005409717559814,70266
11.00630497932434,70266
11.007190942764282,70266
11.008072853088379,70266
11.009377479553223,70266
11.010257005691528,70266
11.011139154434204,70266
11.012023687362671,70266
11.013327836990356,70266
11.014209508895874,70266
11.015091896057129,70266
11.016407251358032,70266
11.017289638519287,70266
11.018171072006226,70266
11.01905345916748,70266
11.020357131958008,70266
11.021240234375,70266
11.022122621536255,70266
11.023008823394775,70266
11.024313926696777,70266
11.025196552276611,70266
11.026088237762451,70266
11.027392387390137,70266
11.028274536132812,70266
11.029158353805542,70266
11.030038118362427,70266
11.031345129013062,70266
11.032230615615845,70266
11.033113479614258,70266
11.034416198730469,70266
11.03530240058899,70266
11.036200284957886,70266
11.037085771560669,70266
11.038391351699829,70266
11.039276599884033,70266
11.040159702301025,70266
11.04103970527649,70266
11.04234528541565,70266
11.04322862625122,70266
11.044111251831055,70266
11.045417785644531,70266
11.046314239501953,70266
11.047198057174683,70266
11.048079013824463,70266
11.049384355545044,70266
11.050268173217773,70266
11.051154375076294,70266
11.052037000656128,70266
11.053341388702393,70266
11.05422306060791,70266
11.055105924606323,70266
11.056423425674438,70266
11.057308435440063,70266
11.058192253112793,70266
11.059072971343994,70266
11.060378074645996,70266
11.061259984970093,70266
11.062145709991455,70266
11.063029050827026,70266
11.064335346221924,70266
11.065216302871704,70266
11.066105842590332,70266
11.067414283752441,70266
11.06830096244812,70266
11.069185256958008,70266
11.070070028305054,70266
11.071377038955688,70266
11.072257995605469,70266
11.073141813278198,70266
11.074027061462402,70266
11.075335025787354,70266
11.076226472854614,70266
11.077110767364502,70266
11.0784170627594,70266
11.079302072525024,70266
11.080186605453491,70266
11.0810706615448,70266
11.082376956939697,70266
11.083262205123901,70266
11.084148168563843,70266
11.085034370422363,70266
11.086356401443481,70266
11.087239503860474,70266
11.088125228881836,70266
11.08901047706604,70266
11.090317487716675,70266
11.09120225906372,70266
11.09208345413208,70266
11.093389511108398,70266
11.094272375106812,70266
11.095158576965332,70266
11.096053123474121,70266
11.097358703613281,70266
11.098243236541748,70266
11.09912633895874,70266
11.100011348724365,70266
11.101317167282104,70266
11.102200031280518,70266
11.103082656860352,70266
11.104390382766724,70266
11.105274438858032,70266
11.106168746948242,70266
11.107053995132446,70266
11.108360290527344,70266
11.10924220085144,70266
11.110122442245483,70266
11.111008405685425,70266
11.112309694290161,70266
11.113191604614258,70266
11.114075660705566,70266
11.11538052558899,70266
11.116274356842041,70266
11.11715841293335,70266
11.118043184280396,70266
11.11935043334961,70266
11.120233535766602,70266
11.121114253997803,70266
11.12242341041565,70266
11.123308897018433,70266
11.124193668365479,70266
11.125074863433838,70266
11.12639045715332,70266
11.127275228500366,70266
11.12816071510315,70266
11.129044532775879,70266
11.13034725189209,70266
11.13123083114624,70266
11.132112503051758,70266
11.133415222167969,70266
11.13429856300354,70266
11.13518214225769,70266
11.136073112487793,70266
11.137378692626953,70266
11.138261318206787,70266
11.139143943786621,70266
11.140028476715088,70266
11.141333818435669,70266
11.142216682434082,70266
11.143097162246704,70266
11.144005298614502,70266
11.145310163497925,70266
11.14620304107666,70266
11.147090911865234,70266
11.148396968841553,70266
11.149303674697876,70266
11.150189638137817,70266
11.151090621948242,70266
11.152401685714722,70266
11.153284788131714,70266
11.154191255569458,70266
11.155077457427979,70266
11.156396627426147,70266
11.157284259796143,70266
11.158168077468872,70266
11.159051656723022,70266
11.16035771369934,70266
11.161239624023438,70266
11.162120342254639,70266
11.163005113601685,70266
11.164313316345215,70266
11.165194988250732,70266
11.166101694107056,70266
11.167405366897583,70266
11.16828989982605,70266
11.169174671173096,70266
11.170055627822876,70266
11.171358585357666,70266
11.172237396240234,70266
11.173120498657227,70266
11.174002885818481,70266
11.175309181213379,70266
11.176202058792114,70266
11.177085161209106,70266
11.178390979766846,70266
11.1792733669281,70266
11.180154085159302,70266
11.181040048599243,70266
11.182346105575562,70266
11.183227777481079,70266
11.18410611152649,70266
11.185410261154175,70266
11.186304807662964,70266
11.187188386917114,70266
11.188071250915527,70266
11.189375877380371,70266
11.190258264541626,70266
11.19114375114441,70266
11.19202971458435,70266
11.193335056304932,70266
11.194217443466187,70266
11.195102453231812,70266
11.196418285369873,70266
11.19730544090271,70266
11.198188543319702,70266
11.199074029922485,70266
11.200384140014648,70266
11.201268672943115,70266
11.202155351638794,70266
11.20304250717163,70266
11.204352140426636,70266
11.20523715019226,70266
11.206129550933838,70266
11.207017183303833,70266
11.208322763442993,70266
11.209208726882935,70266
11.210092306137085,70266
11.211397647857666,70266
11.212282180786133,70266
11.213166952133179,70266
11.214051008224487,70266
11.215358018875122,70266
11.216249942779541,70266
11.21713376045227,70266
11.218019485473633,70266
11.219326734542847,70266
11.220210075378418,70266
11.22109603881836,70266
11.222403049468994,70266
11.22328805923462,70266
11.224173784255981,70266
11.225056409835815,70266
11.226377010345459,70266
11.227259874343872,70266
11.228142738342285,70266
11.229027271270752,70266
11.230328559875488,70266
11.231210470199585,70266
11.23209285736084,70266
11.233400821685791,70266
11.234288454055786,70266
11.235172748565674,70266
11.236065864562988,70266
11.237374305725098,70266
11.238256454467773,70266
11.239142417907715,70266
11.240025758743286,70266
11.24133038520813,70266
11.242214918136597,70266
11.243100881576538,70266
11.244405746459961,70266
11.24528956413269,70266
11.246187925338745,70266
11.247070789337158,70266
11.248376846313477,70266
11.249257564544678,70266
11.25014066696167,70266
11.251022577285767,70266
11.252326965332031,70266
11.253210544586182,70266
11.254092454910278,70266
11.255396842956543,70266
11.256290197372437,70266
11.257172107696533,70266
11.258054733276367,70266
11.259360313415527,70266
11.260242223739624,70266
11.2611243724823,70266
11.262007713317871,70266
11.263313055038452,70266
11.264195919036865,70266
11.2650785446167,70266
11.26639437675476,70266
11.267276763916016,70266
11.268161296844482,70266
11.269047498703003,70266
11.270354270935059,70266
11.271236419677734,70266
11.272117376327515,70266
11.273004293441772,70266
11.274310827255249,70266
11.275193929672241,70266
11.276085615158081,70266
11.277392387390137,70266
11.278276205062866,70266
11.279158592224121,70266
11.280040502548218,70266
11.281346797943115,70266
11.282232522964478,70266
11.28311562538147,70266
11.284419059753418,70266
11.285302639007568,70266
11.286195516586304,70266
11.287082195281982,70266
11.288387298583984,70266
11.289278030395508,70266
11.290162324905396,70266
11.291047811508179,70266
11.29235053062439,70266
11.29323410987854,70266
11.29411506652832,70266
11.295417070388794,70266
11.296310663223267,70266
11.297194719314575,70266
11.298078775405884,70266
11.299384832382202,70266
11.300271272659302,70266
11.30115532875061,70266
11.302040815353394,70266
11.303345918655396,70266
11.304229736328125,70266
11.30511212348938,70266
11.306007623672485,70266
11.307316064834595,70266
11.308197975158691,70266
11.309082269668579,70266
11.310388326644897,70266
11.311283349990845,70266
11.312178134918213,70266
11.313062191009521,70266
11.314371347427368,70266
11.315255641937256,70266
11.316151857376099,70266
11.317038297653198,70266
11.31834602355957,70266
11.319228649139404,70266
11.320111274719238,70266
11.321417570114136,70266
11.322305679321289,70266
11.323190927505493,70266
11.324076890945435,70266
11.325385093688965,70266
11.32628059387207,70266
11.327166318893433,70266
11.328047275543213,70266
11.329352378845215,70266
11.330234289169312,70266
11.331115484237671,70266
11.332417964935303,70266
11.333302736282349,70266
11.334185600280762,70266
11.335067749023438,70266
11.336387157440186,70266
11.337269306182861,70266
11.338154792785645,70266
11.33904218673706,70266
11.340348720550537,70266
11.341229677200317,70266
11.342110633850098,70266
11.343414545059204,70266
11.344321727752686,70266
11.345207691192627,70266
11.346100330352783,70266
11.347407341003418,70266
11.348290205001831,70266
11.34917664527893,70266
11.350061178207397,70266
11.351372957229614,70266
11.35225772857666,70266
11.353142023086548,70266
11.354026794433594,70266
11.355334281921387,70266
11.356227397918701,70266
11.357110500335693,70266
11.358420372009277,70266
11.359307050704956,70266
11.36019229888916,70266
11.361077547073364,70266
11.362383365631104,70266
11.363269329071045,70266
11.36415410041809,70266
11.365039587020874,70266
11.36635947227478,70266
11.367242336273193,70266
11.368124008178711,70266
11.369008541107178,70266
11.370315790176392,70266
11.371197938919067,70266
11.372081756591797,70266
11.373391151428223,70266
11.374277591705322,70266
11.375161170959473,70266
11.376056909561157,70266
11.377366542816162,70266
11.3782479763031,70266
11.379130840301514,70266
11.38001561164856,70266
11.381322860717773,70266
11.38220500946045,70266
11.383089065551758,70266
11.38439416885376,70266
11.385281324386597,70266
11.38617753982544,70266
11.387059688568115,70266
11.388371706008911,70266
11.389253377914429,70266
11.390137434005737,70266
11.391023874282837,70266
11.392331600189209,70266
11.393216371536255,70266
11.394099712371826,70266
11.395409107208252,70266
11.396308422088623,70266
11.397194623947144,70266
11.398077964782715,70266
11.39938473701477,70266
11.400267839431763,70266
11.401152849197388,70266
11.402036666870117,70266
11.40334153175354,70266
11.40422534942627,70266
11.40510869026184,70266
11.406006574630737,70266
11.407313823699951,70266
11.40820050239563,70266
11.40908694267273,70266
11.410396575927734,70266
11.411286115646362,70266
11.412170886993408,70266
11.413055896759033,70266
11.414361953735352,70266
11.415245771408081,70266
11.416138172149658,70266
11.417023420333862,70266
11.418331384658813,70266
11.419217586517334,70266
11.420100688934326,70266
11.421406984329224,70266
11.422293663024902,70266
11.423176288604736,70266
11.424060106277466,70266
11.425364971160889,70266
11.426255464553833,70266
11.427141904830933,70266
11.428029537200928,70266
11.429333209991455,70266
11.430215120315552,70266
11.431097030639648,70266
11.432406663894653,70266
11.433290481567383,70266
11.434175491333008,70266
11.435059547424316,70266
11.43637752532959,70266
11.437262058258057,70266
11.438146829605103,70266
11.439030647277832,70266
11.440336465835571,70266
11.441224336624146,70266
11.442103862762451,70266
11.44340991973877,70266
11.444294214248657,70266
11.445175409317017,70266
11.446068048477173,70266
11.44737458229065,70266
11.448258399963379,70266
11.449144840240479,70266
11.450031518936157,70266
11.451336145401001,70266
11.452219486236572,70266
11.453102350234985,70266
11.45441222190857,70266
11.45529842376709,70266
11.4561927318573,70266
11.457077741622925,70266
11.458383321762085,70266
11.459268569946289,70266
11.460153102874756,70266
11.46103835105896,70266
11.462348461151123,70266
11.463234424591064,70266
11.46411919593811,70266
11.465007305145264,70266
11.466326475143433,70266
11.467211484909058,70266
11.468093633651733,70266
11.469400882720947,70266
11.47028660774231,70266
11.471169233322144,70266
11.47205376625061,70266
11.473361015319824,70266
11.474244832992554,70266
11.475125551223755,70266
11.476020574569702,70266
11.477330446243286,70266
11.478216648101807,70266
11.47910213470459,70266
11.480411052703857,70266
11.481296062469482,70266
11.482181549072266,70266
11.483063459396362,70266
11.48436975479126,70266
11.485253810882568,70266
11.486149787902832,70266
11.487037181854248,70266
11.488343238830566,70266
11.489227771759033,70266
11.490110158920288,70266
11.491416931152344,70266
11.492300748825073,70266
11.493185043334961,70266
11.494071245193481,70266
11.495376586914062,70266
11.496270656585693,70266
11.497156858444214,70266
11.498040914535522,70266
11.499345302581787,70266
11.500226974487305,70266
11.501108884811401,70266
11.502416133880615,70266
11.50330138206482,70266
11.504185676574707,70266
11.505069017410278,70266
11.506384372711182,70266
11.507265329360962,70266
11.508148908615112,70266
11.509033679962158,70266
11.510339498519897,70266
11.511224269866943,70266
11.512106657028198,70266
11.51341462135315,70266
11.51430082321167,70266
11.5151846408844,70266
11.516074419021606,70266
11.517382383346558,70266
11.518265724182129,70266
11.519151210784912,70266
11.520059823989868,70266
11.521368265151978,70266
11.522250175476074,70266
11.523137092590332,70266
11.52402114868164,70266
11.525325536727905,70266
11.526217937469482,70266
11.527100324630737,70266
11.528408288955688,70266
11.52929162979126,70266
11.530176401138306,70266
11.531059265136719,70266
11.532365798950195,70266
11.533248662948608,70266
11.5341317653656,70266
11.535014867782593,70266
11.536330938339233,70266
11.537213802337646,70266
11.538096189498901,70266
11.539403200149536,70266
11.540286540985107,70266
11.541168689727783,70266
11.542049407958984,70266
11.543354749679565,70266
11.544264793395996,70266
11.545151948928833,70266
11.546048879623413,70266
11.547357559204102,70266
11.548242330551147,70266
11.54912543296814,70266
11.550014019012451,70266
11.551322221755981,70266
11.552204132080078,70266
11.553087949752808,70266
11.55439305305481,70266
11.555278301239014,70266
11.556174278259277,70266
11.55705714225769,70266
11.558363914489746,70266
11.559244632720947,70266
11.560128927230835,70266
11.561014175415039,70266
11.562316656112671,70266
11.563198804855347,70266
11.564083576202393,70266
11.565388441085815,70266
11.56628155708313,70266
11.567164897918701,70266
11.568573951721191,70266
11.569042682647705,70266
11.57037353515625,70266
11.571257829666138,70266
11.572144031524658,70266
11.573044300079346,70266
11.574371814727783,70266
11.575254440307617,70266
11.576151609420776,70266
11.577056646347046,70266
11.578382968902588,70266
11.579269886016846,70266
11.58015489578247,70266
11.581038236618042,70266
11.582346439361572,70266
11.583225965499878,70266
11.584106683731079,70266
11.585415124893188,70266
11.58631157875061,70266
11.58719778060913,70266
11.588082075119019,70266
11.589388847351074,70266
11.590273380279541,70266
11.59115743637085,70266
11.592041492462158,70266
11.593347549438477,70266
11.594231367111206,70266
11.59511399269104,70266
11.59600830078125,70266
11.597313165664673,70266
11.598195552825928,70266
11.599079370498657,70266
11.600385904312134,70266
11.60127067565918,70266
11.602156639099121,70266
11.603039979934692,70266
11.604348421096802,70266
11.60523009300232,70266
11.606122732162476,70266
11.60701060295105,70266
11.608317613601685,70266
11.609201908111572,70266
11.610087394714355,70266
11.611393451690674,70266
11.612276315689087,70266
11.613159894943237,70266
11.61404275894165,70266
11.61534857749939,70266
11.616238594055176,70266
11.61711835861206,70266
11.618003129959106,70266
11.619308710098267,70266
11.620193719863892,70266
11.6210777759552,70266
11.622382402420044,70266
11.623264074325562,70266
11.62414836883545,70266
11.625033378601074,70266
11.626350402832031,70266
11.627232313156128,70266
11.628114223480225,70266
11.629419088363647,70266
11.630304098129272,70266
11.63118863105774,70266
11.63206934928894,70266
11.633374691009521,70266
11.634255409240723,70266
11.63513970375061,70266
11.636035203933716,70266
11.63734245300293,70266
11.638225078582764,70266
11.639105796813965,70266
11.640409231185913,70266
11.64129376411438,70266
11.64217734336853,70266
11.643060684204102,70266
11.644368886947632,70266
11.645251989364624,70266
11.646145343780518,70266
11.6470308303833,70266
11.64833688735962,70266
11.649217367172241,70266
11.65010142326355,70266
11.651404857635498,70266
11.652287244796753,70266
11.653170108795166,70266
11.654053211212158,70266
11.655360698699951,70266
11.656254768371582,70266
11.657137632369995,70266
11.658023118972778,70266
11.659327507019043,70266
11.660210132598877,70266
11.661092281341553,70266
11.662400007247925,70266
11.663285970687866,70266
11.66416883468628,70266
11.665053129196167,70266
11.666370868682861,70266
11.667253732681274,70266
11.668135166168213,70266
11.669018507003784,70266
11.67032766342163,70266
11.671208620071411,70266
11.67208981513977,70266
11.673395872116089,70266
11.67427921295166,70266
11.675164222717285,70266
11.676058292388916,70266
11.677366256713867,70266
11.67824935913086,70266
11.679133176803589,70266
11.680018901824951,70266
11.681328773498535,70266
11.682209730148315,70266
11.683092594146729,70266
11.68440055847168,70266
11.685285806655884,70266
11.686180830001831,70266
11.687063932418823,70266
11.688372373580933,70266
11.689253568649292,70266
11.690136432647705,70266
11.691023826599121,70266
11.692331075668335,70266
11.69321584701538,70266
11.694100379943848,70266
11.695409774780273,70266
11.69630765914917,70266
11.697192192077637,70266
11.698075294494629,70266
11.699382543563843,70266
11.700267791748047,70266
11.701153755187988,70266
11.70203709602356,70266
11.703343629837036,70266
11.704226016998291,70266
11.705109119415283,70266
11.706005096435547,70266
11.707310199737549,70266
11.708194255828857,70266
11.70907998085022,70266
11.710384845733643,70266
11.71126675605774,70266
11.712150573730469,70266
11.71303391456604,70266
11.714340925216675,70266
11.715227603912354,70266
11.716121435165405,70266
11.71700668334961,70266
11.718311548233032,70266
11.719196319580078,70266
11.72007966041565,70266
11.721385955810547,70266
11.722269058227539,70266
11.72315502166748,70266
11.72403860092163,70266
11.725343704223633,70266
11.726236343383789,70266
11.727116107940674,70266
11.728422403335571,70266
11.729308366775513,70266
11.7301926612854,70266
11.731076002120972,70266
11.732383251190186,70266
11.733264207839966,70266
11.734147787094116,70266
11.735034227371216,70266
11.736348867416382,70266
11.737232208251953,70266
11.738113641738892,70266
11.739421129226685,70266
11.740303754806519,70266
11.741187810897827,70266
11.742072105407715,70266
11.743374824523926,70266
11.744282722473145,70266
11.745167016983032,70266
11.746058702468872,70266
11.74736738204956,70266
11.748250246047974,70266
11.749131917953491,70266
11.7500159740448,70266
11.751317739486694,70266
11.752200365066528,70266
11.753081560134888,70266
11.75438666343689,70266
11.755269050598145,70266
11.756163597106934,70266
11.757045984268188,70266
11.758350133895874,70266
11.75923204421997,70266
11.760112524032593,70266
11.761417865753174,70266
11.762301683425903,70266
11.763185262680054,70266
11.764070749282837,70266
11.765376567840576,70266
11.766270637512207,70266
11.767154932022095,70266
11.768040418624878,70266
11.769345760345459,70266
11.770228624343872,70266
11.771109580993652,70266
11.772417783737183,70266
11.773304224014282,70266
11.77418565750122,70266
11.775067329406738,70266
11.776382446289062,70266
11.777267694473267,70266
11.778152704238892,70266
11.779038190841675,70266
11.780346632003784,70266
11.781230449676514,70266
11.782111406326294,70266
11.783416509628296,70266
11.784300804138184,70266
11.785185098648071,70266
11.786076784133911,70266
11.7873854637146,70266
11.788266897201538,70266
11.7891526222229,70266
11.790035724639893,70266
11.791339874267578,70266
11.792223453521729,70266
11.79310655593872,70266
11.794411897659302,70266
11.79529857635498,70266
11.796191453933716,70266
11.79707646369934,70266
11.798385381698608,70266
11.799269199371338,70266
11.800156116485596,70266
11.801043272018433,70266
11.802351236343384,70266
11.803233861923218,70266
11.80411696434021,70266
11.80542254447937,70266
11.806318998336792,70266
11.80720329284668,70266
11.808088302612305,70266
11.809395790100098,70266
11.810279846191406,70266
11.811165571212769,70266
11.812053680419922,70266
11.813361167907715,70266
11.814244031906128,70266
11.815124750137329,70266
11.816022157669067,70266
11.817329406738281,70266
11.818210363388062,70266
11.81909441947937,70266
11.820405006408691,70266
11.821289300918579,70266
11.822174787521362,70266
11.823057651519775,70266
11.824362516403198,70266
11.82524561882019,70266
11.82614278793335,70266
11.827030658721924,70266
11.828337669372559,70266
11.829223871231079,70266
11.83010721206665,70266
11.831412076950073,70266
11.83229660987854,70266
11.833183288574219,70266
11.834069967269897,70266
11.835376977920532,70266
11.836266040802002,70266
11.837151050567627,70266
11.838034629821777,70266
11.839339971542358,70266
11.840224504470825,70266
11.841108798980713,70266
11.842415809631348,70266
11.843304634094238,70266
11.844189167022705,70266
11.84507441520691,70266
11.84639048576355,70266
11.847278356552124,70266
11.848164558410645,70266
11.849048852920532,70266
11.850354194641113,70266
11.851238489151001,70266
11.85211968421936,70266
11.853004455566406,70266
11.854311227798462,70266
11.855195760726929,70266
11.856090784072876,70266
11.857399225234985,70266
11.858282566070557,70266
11.859164714813232,70266
11.860047340393066,70266
11.861353635787964,70266
11.862236261367798,70266
11.863121271133423,70266
11.86400556564331,70266
11.86531114578247,70266
11.866206884384155,70266
11.867091417312622,70266
11.868396997451782,70266
11.869283676147461,70266
11.870169401168823,70266
11.87105417251587,70266
11.872359275817871,70266
11.873239994049072,70266
11.874122381210327,70266
11.875006914138794,70266
11.876324653625488,70266
11.877207279205322,70266
11.878089189529419,70266
11.879396200180054,70266
11.88028073310852,70266
11.88116455078125,70266
11.88205075263977,70266
11.883355379104614,70266
11.884238243103027,70266
11.885120630264282,70266
11.886014461517334,70266
11.887316703796387,70266
11.888199806213379,70266
11.889083862304688,70266
11.890389204025269,70266
11.891275405883789,70266
11.892159223556519,70266
11.893041610717773,70266
11.894351482391357,70266
11.895234823226929,70266
11.896127462387085,70266
11.897012710571289,70266
11.898319482803345,70266
11.899202823638916,70266
11.900085210800171,70266
11.901390552520752,70266
11.902275562286377,70266
11.903156995773315,70266
11.904041051864624,70266
11.905345916748047,70266
11.906237363815308,70266
11.907120943069458,70266
11.908005952835083,70266
11.909317255020142,70266
11.910201072692871,70266
11.911083936691284,70266
11.912389039993286,70266
11.91327166557312,70266
11.914156198501587,70266
11.915042161941528,70266
11.91636037826538,70266
11.917243957519531,70266
11.918127059936523,70266
11.919012784957886,70266
11.920316219329834,70266
11.921199321746826,70266
11.922082662582397,70266
11.92338514328003,70266
11.92426872253418,70266
11.925150632858276,70266
11.926044940948486,70266
11.92735242843628,70266
11.928236961364746,70266
11.929118394851685,70266
11.930005073547363,70266
11.931312084197998,70266
11.932197570800781,70266
11.933080196380615,70266
11.934386253356934,70266
11.935269355773926,70266
11.93616509437561,70266
11.937050580978394,70266
11.938356876373291,70266
11.939239025115967,70266
11.940122127532959,70266
11.941008567810059,70266
11.942317008972168,70266
11.943201780319214,70266
11.944106340408325,70266
11.945412397384644,70266
11.946309089660645,70266
11.947194576263428,70266
11.948079109191895,70266
11.94938588142395,70266
11.95026969909668,70266
11.951152324676514,70266
11.95203709602356,70266
11.953342914581299,70266
11.954225301742554,70266
11.955105781555176,70266
11.956423282623291,70266
11.957309246063232,70266
11.9581937789917,70266
11.959077835083008,70266
11.96038269996643,70266
11.961266040802002,70266
11.962153196334839,70266
11.963037252426147,70266
11.964346408843994,70266
11.965229749679565,70266
11.96612000465393,70266
11.967004776000977,70266
11.96831226348877,70266
11.969197511672974,70266
11.970078468322754,70266
11.971384048461914,70266
11.972267627716064,70266
11.973151683807373,70266
11.97403597831726,70266
11.975345373153687,70266
11.976238012313843,70266
11.977121353149414,70266
11.978008270263672,70266
11.97931694984436,70266
11.980202913284302,70266
11.981086730957031,70266
11.982394933700562,70266
11.983281135559082,70266
11.984163761138916,70266
11.985049486160278,70266
11.986366510391235,70266
11.987250804901123,70266
11.988134145736694,70266
11.989017724990845,70266
11.990320444107056,70266
11.991205215454102,70266
11.99208927154541,70266
11.993394136428833,70266
11.994277238845825,70266
11.995162963867188,70266
11.99605655670166,70266
11.99736213684082,70266
11.998245000839233,70266
11.999126434326172,70266
12.00001311302185,70266
12.001320362091064,70266
12.002202272415161,70266
12.003086566925049,70266
12.00439167022705,70266
12.005276203155518,70266
12.006173849105835,70266
12.007057666778564,70266
12.008365631103516,70266
12.009250164031982,70266
12.010133743286133,70266
12.011017322540283,70266
12.012326717376709,70266
12.013209819793701,70266
12.014092683792114,70266
12.01539659500122,70266
12.016289472579956,70266
12.017175436019897,70266
12.018056869506836,70266
12.019361972808838,70266
12.020245552062988,70266
12.021130800247192,70266
12.022015571594238,70266
12.023322105407715,70266
12.02420425415039,70266
12.025087833404541,70266
12.026403188705444,70266
12.027286529541016,70266
12.028170824050903,70266
12.029054880142212,70266
12.03036117553711,70266
12.031245470046997,70266
12.03212833404541,70266
12.033013343811035,70266
12.03431749343872,70266
12.035197019577026,70266
12.036090612411499,70266
12.037396907806396,70266
12.038279056549072,70266
12.039163827896118,70266
12.040050745010376,70266
12.04136037826538,70266
12.042242050170898,70266
12.043121576309204,70266
12.04400634765625,70266
12.045312643051147,70266
12.046208381652832,70266
12.047092199325562,70266
12.04839825630188,70266
12.04928469657898,70266
12.050166606903076,70266
12.051049709320068,70266
12.052356243133545,70266
12.053241491317749,70266
12.054126024246216,70266
12.055012941360474,70266
12.056329011917114,70266
12.057212829589844,70266
12.05809736251831,70266
12.059399366378784,70266
12.060282468795776,70266
12.061165809631348,70266
12.06204867362976,70266
12.063354969024658,70266
12.064239501953125,70266
12.065123796463013,70266
12.066021203994751,70266
12.067327737808228,70266
12.068211078643799,70266
12.06909465789795,70266
12.070402383804321,70266
12.071289777755737,70266
12.0721755027771,70266
12.073059797286987,70266
12.074361562728882,70266
12.075248003005981,70266
12.076141834259033,70266
12.077027320861816,70266
12.07833194732666,70266
12.079214811325073,70266
12.080100536346436,70266
12.08140754699707,70266
12.08229398727417,70266
12.083179473876953,70266
12.084063053131104,70266
12.085374355316162,70266
12.086266279220581,70266
12.087150812149048,70266
12.088035821914673,70266
12.089340209960938,70266
12.090223789215088,70266
12.091108322143555,70266
12.092413902282715,70266
12.093300342559814,70266
12.094183921813965,70266
12.095064640045166,70266
12.096381902694702,70266
12.097266435623169,70266
12.09815001487732,70266
12.099035501480103,70266
12.10034441947937,70266
12.1012282371521,70266
12.102110624313354,70266
12.103416681289673,70266
12.104303121566772,70266
12.105186223983765,70266
12.106080532073975,70266
12.107387781143188,70266
12.108269691467285,70266
12.109151840209961,70266
12.110036134719849,70266
12.111345529556274,70266
12.112231492996216,70266
12.11311650276184,70266
12.11442518234253,70266
12.11531114578247,70266
12.11620569229126,70266
12.117091655731201,70266
12.118399620056152,70266
12.11928653717041,70266
12.120169878005981,70266
12.121051549911499,70266
12.122356414794922,70266
12.123238563537598,70266
12.124119520187378,70266
12.125004768371582,70266
12.126320838928223,70266
12.127203464508057,70266
12.128088235855103,70266
12.129394769668579,70266
12.130277872085571,70266
12.131160974502563,70266
12.132044553756714,70266
12.133347749710083,70266
12.134229183197021,70266
12.135111570358276,70266
12.136003255844116,70266
12.137309551239014,70266
12.138193845748901,70266
12.139078617095947,70266
12.140383958816528,70266
12.141265630722046,70266
12.142148971557617,70266
12.143033266067505,70266
12.144363164901733,70266
12.145245790481567,70266
12.146136999130249,70266
12.147021770477295,70266
12.14832615852356,70266
12.14923357963562,70266
12.150115728378296,70266
12.151418447494507,70266
12.15230417251587,70266
12.153185606002808,70266
12.154069185256958,70266
12.155372619628906,70266
12.156262159347534,70266
12.157144784927368,70266
12.158026695251465,70266
12.159329652786255,70266
12.160208940505981,70266
12.161090612411499,70266
12.162396430969238,70266
12.163280010223389,70266
12.164162635803223,70266
12.165046453475952,70266
12.166362762451172,70266
12.167245388031006,70266
12.168129444122314,70266
12.169012784957886,70266
12.170319080352783,70266
12.171202421188354,70266
12.172086000442505,70266
12.173389911651611,70266
12.174271821975708,70266
12.175156831741333,70266
12.176051378250122,70266
12.177356243133545,70266
12.178238153457642,70266
12.17911958694458,70266
12.180004835128784,70266
12.181307792663574,70266
12.18218994140625,70266
12.183074712753296,70266
12.184377670288086,70266
12.185261249542236,70266
12.186158180236816,70266
12.18704104423523,70266
12.188345193862915,70266
12.189227819442749,70266
12.190109968185425,70266
12.191415786743164,70266
12.192298889160156,70266
12.193180561065674,70266
12.194064378738403,70266
12.195368766784668,70266
12.19625997543335,70266
12.197142839431763,70266
12.198026180267334,70266
12.199331521987915,70266
12.200216054916382,70266
12.201099395751953,70266
12.202405214309692,70266
12.203287363052368,70266
12.204169511795044,70266
12.205055236816406,70266
12.20636773109436,70266
12.207250595092773,70266
12.208134889602661,70266
12.209022283554077,70266
12.210325956344604,70266
12.211210250854492,70266
12.212095022201538,70266
12.21340012550354,70266
12.214283466339111,70266
12.215168952941895,70266
12.216059923171997,70266
12.217366218566895,70266
12.218249320983887,70266
12.219132661819458,70266
12.220016956329346,70266
12.221321821212769,70266
12.22220492362976,70266
12.223087549209595,70266
12.224393844604492,70266
12.225277662277222,70266
12.226172924041748,70266
12.227055072784424,70266
12.228360176086426,70266
12.229244947433472,70266
12.230125904083252,70266
12.231008052825928,70266
12.232311010360718,70266
12.233193159103394,70266
12.234074354171753,70266
12.235380411148071,70266
12.236271381378174,70266
12.237157583236694,70266
12.238041400909424,70266
12.23934555053711,70266
12.240226984024048,70266
12.24110746383667,70266
12.242413759231567,70266
12.243297576904297,70266
12.24418020248413,70266
12.24506139755249,70266
12.24637770652771,70266
12.247263193130493,70266
12.248146295547485,70266
12.249032497406006,70266
12.250337839126587,70266
12.251222133636475,70266
12.252106189727783,70266
12.25341272354126,70266
12.254297971725464,70266
12.255180597305298,70266
12.256070137023926,70266
12.25737476348877,70266
12.258257627487183,70266
12.259140968322754,70266
12.26002550125122,70266
12.261332750320435,70266
12.262216329574585,70266
12.263097763061523,70266
12.264404535293579,70266
12.265290260314941,70266
12.266186475753784,70266
12.267070531845093,70266
12.268376588821411,70266
12.269258260726929,70266
12.270145654678345,70266
12.271031856536865,70266
12.272332668304443,70266
12.273214340209961,70266
12.2740957736969,70266
12.275403022766113,70266
12.27629804611206,70266
12.277182340621948,70266
12.278064489364624,70266
12.279372453689575,70266
12.280256271362305,70266
12.281142711639404,70266
12.282027244567871,70266
12.283331394195557,70266
12.284213781356812,70266
12.285094022750854,70266
12.28641152381897,70266
12.287294626235962,70266
12.28817868232727,70266
12.289060831069946,70266
12.290366888046265,70266
12.291247606277466,70266
12.292129278182983,70266
12.293013334274292,70266
12.294320106506348,70266
12.295201539993286,70266
12.296094179153442,70266
12.297401428222656,70266
12.298286437988281,70266
12.299169778823853,70266
12.300053596496582,70266
12.301358461380005,70266
12.302243709564209,70266
12.303124904632568,70266
12.304009914398193,70266
12.305315256118774,70266
12.306209325790405,70266
12.307092666625977,70266
12.308395385742188,70266
12.309282779693604,70266
12.31016492843628,70266
12.311048746109009,70266
12.312380075454712,70266
12.313263893127441,70266
12.314146995544434,70266
12.315033674240112,70266
12.316351175308228,70266
12.317235708236694,70266
12.31811809539795,70266
12.319005250930786,70266
12.320316791534424,70266
12.321207523345947,70266
12.322091341018677,70266
12.3233962059021,70266
12.324278354644775,70266
12.325161933898926,70266
12.326055526733398,70266
12.3273606300354,70266
12.328242778778076,70266
12.32912564277649,70266
12.33000922203064,70266
12.331317663192749,70266
12.332203149795532,70266
12.333088159561157,70266
12.334395408630371,70266
12.335281372070312,70266
12.336178541183472,70266
12.337063550949097,70266
12.33837103843689,70266
12.339253902435303,70266
12.340138912200928,70266
12.341025114059448,70266
12.34233546257019,70266
12.343217372894287,70266
12.344123840332031,70266
12.345009088516235,70266
12.346323251724243,70266
12.347206115722656,70266
12.348091840744019,70266
12.349396228790283,70266
12.350281953811646,70266
12.351164817810059,70266
12.352046966552734,70266
12.353349685668945,70266
12.354231595993042,70266
12.355114459991455,70266
12.356009721755981,70266
12.357316255569458,70266
12.35820198059082,70266
12.359085321426392,70266
12.360393285751343,70266
12.36127758026123,70266
12.362159252166748,70266
12.363044261932373,70266
12.364349603652954,70266
12.365230560302734,70266
12.366122961044312,70266
12.367008447647095,70266
12.368316411972046,70266
12.369200468063354,70266
12.370084047317505,70266
12.37139081954956,70266
12.372273683547974,70266
12.373153924942017,70266
12.374035835266113,70266
12.37534499168396,70266
12.376238346099854,70266
12.37712049484253,70266
12.378008127212524,70266
12.37931752204895,70266
12.380203247070312,70266
12.381089210510254,70266
12.382395505905151,70266
12.383280515670776,70266
12.384162664413452,70266
12.385044574737549,70266
12.386358976364136,70266
12.38724160194397,70266
12.388125896453857,70266
12.389009714126587,70266
12.390318632125854,70266
12.391202211380005,70266
12.39208459854126,70266
12.393391609191895,70266
12.394276857376099,70266
12.395164251327515,70266
12.3960599899292,70266
12.397370338439941,70266
12.398253440856934,70266
12.399139165878296,70266
12.400025844573975,70266
12.401335000991821,70266
12.40221905708313,70266
12.40310287475586,70266
12.404408693313599,70266
12.405295610427856,70266
12.40619158744812,70266
12.407076835632324,70266
12.408387422561646,70266
12.40927267074585,70266
12.410161018371582,70266
12.411048412322998,70266
12.412353754043579,70266
12.41323971748352,70266
12.414123773574829,70266
12.415010213851929,70266
12.416332006454468,70266
12.417218446731567,70266
12.418102502822876,70266
12.419415950775146,70266
12.420304775238037,70266
12.4211905002594,70266
12.422075748443604,70266
12.423381805419922,70266
12.42426323890686,70266
12.425148248672485,70266
12.42604398727417,70266
12.427354097366333,70266
12.428236246109009,70266
12.429118871688843,70266
12.430004358291626,70266
12.431308031082153,70266
12.432190656661987,70266
12.433073043823242,70266
12.434377193450928,70266
12.435259819030762,70266
12.436156272888184,70266
12.437042474746704,70266
12.438355207443237,70266
12.439239978790283,70266
12.440127611160278,70266
12.441015005111694,70266
12.442322254180908,70266
12.443207502365112,70266
12.444090604782104,70266
12.445400714874268,70266
12.446299076080322,70266
12.447184324264526,70266
12.448070049285889,70266
12.449377298355103,70266
12.450258255004883,70266
12.451143503189087,70266
12.452028274536133,70266
12.45333456993103,70266
12.454216718673706,70266
12.455100297927856,70266
12.456418991088867,70266
12.45730185508728,70266
12.458189010620117,70266
12.459074258804321,70266
12.46038031578064,70266
12.461264371871948,70266
12.462147951126099,70266
12.463030576705933,70266
12.464336633682251,70266
12.46522331237793,70266
12.466113328933716,70266
12.467420101165771,70266
12.46830439567566,70266
12.469188213348389,70266
12.47006893157959,70266
12.471374273300171,70266
12.472257137298584,70266
12.473139762878418,70266
12.474023818969727,70266
12.475328922271729,70266
12.476219177246094,70266
12.477100133895874,70266
12.47840690612793,70266
12.479292869567871,70266
12.4801766872406,70266
12.48106050491333,70266
12.482366800308228,70266
12.48324990272522,70266
12.484134912490845,70266
12.485020160675049,70266
12.486335039138794,70266
12.487217664718628,70266
12.4881010055542,70266
12.48940396308899,70266
12.490286350250244,70266
12.491170644760132,70266
12.492053985595703,70266
12.49336051940918,70266
12.494242906570435,70266
12.495126008987427,70266
12.496021747589111,70266
12.497327089309692,70266
12.49820876121521,70266
12.499093055725098,70266
12.500399112701416,70266
12.501286745071411,70266
12.502171754837036,70266
12.503058433532715,70266
12.50436544418335,70266
12.505247116088867,70266
12.506139516830444,70266
12.507023572921753,70266
12.508332014083862,70266
12.509215354919434,70266
12.510097980499268,70266
12.511404752731323,70266
12.512287139892578,70266
12.513171195983887,70266
12.514050960540771,70266
12.515357255935669,70266
12.516248941421509,70266
12.517133712768555,70266
12.518018007278442,70266
12.519324541091919,70266
12.520233392715454,70266
12.521117925643921,70266
12.52242374420166,70266
12.523310899734497,70266
12.524195432662964,70266
12.525078535079956,70266
12.526396751403809,70266
12.5272798538208,70266
12.528163433074951,70266
12.529045343399048,70266
12.53035283088684,70266
12.531235456466675,70266
12.53211760520935,70266
12.533421754837036,70266
12.53430700302124,70266
12.535191059112549,70266
12.536085605621338,70266
12.537394046783447,70266
12.538278102874756,70266
12.539161443710327,70266
12.54004454612732,70266
12.541348934173584,70266
12.542232275009155,70266
12.54311466217041,70266
12.54402494430542,70266
12.54533076286316,70266
12.546224594116211,70266
12.547109842300415,70266
12.548416137695312,70266
12.549298286437988,70266
12.55018138885498,70266
12.551061153411865,70266
12.55236554145813,70266
12.553246259689331,70266
12.554129123687744,70266
12.555013418197632,70266
12.556330680847168,70266
12.55721139907837,70266
12.558089971542358,70266
12.559393644332886,70266
12.560274600982666,70266
12.5611572265625,70266
12.562039852142334,70266
12.563345909118652,70266
12.564229011535645,70266
12.565112590789795,70266
12.566008567810059,70266
12.56731390953064,70266
12.568198919296265,70266
12.569604873657227,70266
12.570075511932373,70266
12.571404933929443,70266
12.572311639785767,70266
12.573200225830078,70266
12.57408618927002,70266
12.575417041778564,70266
12.576314926147461,70266
12.577198505401611,70266
12.578097105026245,70266
12.579406261444092,70266
12.580309867858887,70266
12.581199407577515,70266
12.582086563110352,70266
12.583396673202515,70266
12.584282159805298,70266
12.585167169570923,70266
12.58606243133545,70266
12.587374210357666,70266
12.588255882263184,70266
12.589141130447388,70266
12.590029001235962,70266
12.591337442398071,70266
12.592221021652222,70266
12.593104362487793,70266
12.5944082736969,70266
12.595295429229736,70266
12.596194505691528,70266
12.5970778465271,70266
12.598384618759155,70266
12.599268198013306,70266
12.60015058517456,70266
12.601036787033081,70266
12.602343559265137,70266
12.603227138519287,70266
12.604106664657593,70266
12.605414152145386,70266
12.606310606002808,70266
12.607192516326904,70266
12.608075618743896,70266
12.609383583068848,70266
12.610268115997314,70266
12.611151218414307,70266
12.61203908920288,70266
12.613345384597778,70266
12.61422848701477,70266
12.615108251571655,70266
12.616005182266235,70266
12.617311716079712,70266
12.618197679519653,70266
12.619081974029541,70266
12.620388984680176,70266
12.621274471282959,70266
12.622159004211426,70266
12.623041868209839,70266
12.624346256256104,70266
12.625227689743042,70266
12.62612009048462,70266
12.62700629234314,70266
12.628313064575195,70266
12.629196882247925,70266
12.63008189201355,70266
12.631391286849976,70266
12.632275581359863,70266
12.633158206939697,70266
12.634042739868164,70266
12.635348081588745,70266
12.63624119758606,70266
12.637123584747314,70266
12.638009071350098,70266
12.639316082000732,70266
12.640199661254883,70266
12.641081094741821,70266
12.642388105392456,70266
12.643274307250977,70266
12.644157409667969,70266
12.645042419433594,70266
12.646360874176025,70266
12.647241830825806,70266
12.648125410079956,70266
12.649010181427002,70266
12.650317668914795,70266
12.651201009750366,70266
12.652084589004517,70266
12.653391122817993,70266
12.654276847839355,70266
12.655160188674927,70266
12.656055450439453,70266
12.657360076904297,70266
12.658243179321289,70266
12.659126281738281,70266
12.660010576248169,70266
12.661313533782959,70266
12.662197828292847,70266
12.663082122802734,70266
12.664386749267578,70266
12.665268182754517,70266
12.666163921356201,70266
12.667048692703247,70266
12.668355941772461,70266
12.669244289398193,70266
12.670129776000977,70266
12.671015739440918,70266
12.67232084274292,70266
12.673204898834229,70266
12.67408800125122,70266
12.675394773483276,70266
12.676287174224854,70266
12.677171468734741,70266
12.678053379058838,70266
12.679360151290894,70266
12.680243015289307,70266
12.681124687194824,70266
12.68200945854187,70266
12.683316707611084,70266
12.684199810028076,70266
12.685084104537964,70266
12.686404943466187,70266
12.687291383743286,70266
12.688174962997437,70266
12.689056396484375,70266
12.690361499786377,70266
12.69124436378479,70266
12.692124843597412,70266
12.693007230758667,70266
12.694311141967773,70266
12.695195436477661,70266
12.696088314056396,70266
12.697393417358398,70266
12.698278665542603,70266
12.69916319847107,70266
12.700047731399536,70266
12.701352596282959,70266
12.702237129211426,70266
12.703118801116943,70266
12.704004287719727,70266
12.705310106277466,70266
12.706202268600464,70266
12.70708680152893,70266
12.708394050598145,70266
12.709276676177979,70266
12.710157871246338,70266
12.711041450500488,70266
12.712348937988281,70266
12.713233232498169,70266
12.714115142822266,70266
12.715420484542847,70266
12.716316938400269,70266
12.717200994491577,70266
12.71808648109436,70266
12.719396352767944,70266
12.720280647277832,70266
12.721163988113403,70266
12.722045421600342,70266
12.723353385925293,70266
12.724234819412231,70266
12.72511625289917,70266
12.726011753082275,70266
12.72732138633728,70266
12.728203773498535,70266
12.72908878326416,70266
12.730393171310425,70266
12.731278419494629,70266
12.732162237167358,70266
12.733047246932983,70266
12.73435115814209,70266
12.735234022140503,70266
12.736123323440552,70266
12.737009286880493,70266
12.738316535949707,70266
12.73920202255249,70266
12.740084648132324,70266
12.7413911819458,70266
12.742274284362793,70266
12.74316120147705,70266
12.744067907333374,70266
12.745378255844116,70266
12.746270895004272,70266
12.747155904769897,70266
12.748037099838257,70266
12.749343633651733,70266
12.750229835510254,70266
12.751109600067139,70266
12.752417802810669,70266
12.753309965133667,70266
12.754196405410767,70266
12.755084037780762,70266
12.756397724151611,70266
12.757284164428711,70266
12.758168458938599,70266
12.759056329727173,70266
12.76036810874939,70266
12.76124906539917,70266
12.762134075164795,70266
12.763017416000366,70266
12.764322757720947,70266
12.765204191207886,70266
12.7660973072052,70266
12.767405271530151,70266
12.768286943435669,70266
12.769171714782715,70266
12.770054340362549,70266
12.771361589431763,70266
12.77224349975586,70266
12.77312445640564,70266
12.774011611938477,70266
12.775318384170532,70266
12.77621340751648,70266
12.777097940444946,70266
12.778403997421265,70266
12.779288530349731,70266
12.780173540115356,70266
12.781056880950928,70266
12.782362937927246,70266
12.783244609832764,70266
12.784128427505493,70266
12.785014152526855,70266
12.786330699920654,70266
12.787211179733276,70266
12.788091897964478,70266
12.78939700126648,70266
12.790280818939209,70266
12.791163444519043,70266
12.79204797744751,70266
12.793355941772461,70266
12.794239044189453,70266
12.795122861862183,70266
12.796021461486816,70266
12.797326564788818,70266
12.798210382461548,70266
12.799091339111328,70266
12.800393104553223,70266
12.801273345947266,70266
12.802154541015625,70266
12.803037405014038,70266
12.804344415664673,70266
12.805225849151611,70266
12.806116342544556,70266
12.807420015335083,70266
12.808305978775024,70266
12.809188842773438,70266
12.81006932258606,70266
12.811374187469482,70266
12.812255859375,70266
12.813137769699097,70266
12.814021110534668,70266
12.815327882766724,70266
12.816219091415405,70266
12.817102670669556,70266
12.818411827087402,70266
12.819297790527344,70266
12.820183038711548,70266
12.821063995361328,70266
12.822372198104858,70266
12.823256969451904,70266
12.824141025543213,70266
12.825026035308838,70266
12.8263418674469,70266
12.82722544670105,70266
12.82810664176941,70266
12.829412460327148,70266
12.830296039581299,70266
12.831177949905396,70266
12.832062005996704,70266
12.83336853981018,70266
12.834251642227173,70266
12.835133075714111,70266
12.836028575897217,70266
12.837337017059326,70266
12.838219404220581,70266
12.839099645614624,70266
12.840404748916626,70266
12.841292381286621,70266
12.84217381477356,70266
12.843057632446289,70266
12.844365358352661,70266
12.845248937606812,70266
12.846143960952759,70266
12.847028732299805,70266
12.84833288192749,70266
12.849216938018799,70266
12.850101470947266,70266
12.851408004760742,70266
12.852293968200684,70266
12.85317873954773,70266
12.854063034057617,70266
12.855368375778198,70266
12.856260061264038,70266
12.857146739959717,70266
12.858032941818237,70266
12.859339952468872,70266
12.86022424697876,70266
12.86110782623291,70266
12.862414598464966,70266
12.86329984664917,70266
12.864184379577637,70266
12.865066766738892,70266
12.866387605667114,70266
12.867271184921265,70266
12.868155002593994,70266
12.869038581848145,70266
12.870347023010254,70266
12.871229648590088,70266
12.872113704681396,70266
12.873419761657715,70266
12.874301195144653,70266
12.875185251235962,70266
12.876078605651855,70266
12.877386569976807,70266
12.878270864486694,70266
12.879156351089478,70266
12.880040884017944,70266
12.881351947784424,70266
12.882235050201416,70266
12.883119106292725,70266
12.884004592895508,70266
12.885310649871826,70266
12.886204481124878,70266
12.88709282875061,70266
12.888397455215454,70266
12.889280319213867,70266
12.890165328979492,70266
12.891050100326538,70266
12.892355918884277,70266
12.89323902130127,70266
12.894122838973999,70266
12.895007133483887,70266
12.89632511138916,70266
12.897210597991943,70266
12.898093700408936,70266
12.899402618408203,70266
12.900289297103882,70266
12.901172876358032,70266
12.902057409286499,70266
12.903365135192871,70266
12.904245853424072,70266
12.90512728691101,70266
12.906023740768433,70266
12.907328128814697,70266
12.90821099281311,70266
12.909094333648682,70266
12.910399675369263,70266
12.911284923553467,70266
12.912169694900513,70266
12.913055658340454,70266
12.914361238479614,70266
12.915245532989502,70266
12.916138648986816,70266
12.917022705078125,70266
12.918327808380127,70266
12.919210433959961,70266
12.920093297958374,70266
12.921396017074585,70266
12.922283411026001,70266
12.923170804977417,70266
12.924055337905884,70266
12.925359010696411,70266
12.926250457763672,70266
12.92713713645935,70266
12.928022384643555,70266
12.929330110549927,70266
12.93021273612976,70266
12.931094408035278,70266
12.932400703430176,70266
12.933286666870117,70266
12.934173345565796,70266
12.935056209564209,70266
12.936372756958008,70266
12.937253952026367,70266
12.938138246536255,70266
12.939023733139038,70266
12.940330982208252,70266
12.941217184066772,70266
12.942098140716553,70266
12.943405151367188,70266
12.944310903549194,70266
12.945197105407715,70266
12.946091413497925,70266
12.947397232055664,70266
12.948283195495605,70266
12.949170589447021,70266
12.95005464553833,70266
12.951359987258911,70266
12.952243089675903,70266
12.953128814697266,70266
12.95401382446289,70266
12.955318689346313,70266
12.956214189529419,70266
12.95709753036499,70266
12.958410739898682,70266
12.959296226501465,70266
12.960181474685669,70266
12.961065292358398,70266
12.962371587753296,70266
12.963251829147339,70266
12.964136123657227,70266
12.96502161026001,70266
12.966341495513916,70266
12.967225551605225,70266
12.968107223510742,70266
12.969413757324219,70266
12.970298051834106,70266
12.971180438995361,70266
12.972065925598145,70266
12.97337007522583,70266
12.974251508712769,70266
12.975133180618286,70266
12.9760262966156,70266
12.977335929870605,70266
12.97821831703186,70266
12.979100227355957,70266
12.9804048538208,70266
12.981288433074951,70266
12.982169389724731,70266
12.983052730560303,70266
12.984357595443726,70266
12.985237121582031,70266
12.986128568649292,70266
12.987011909484863,70266
12.988317489624023,70266
12.989203453063965,70266
12.990087270736694,70266
12.991391658782959,70266
12.992274284362793,70266
12.99315619468689,70266
12.994041681289673,70266
12.995344877243042,70266
12.996237754821777,70266
12.997119426727295,70266
12.99842119216919,70266
12.999306440353394,70266
13.00018835067749,70266
13.001072645187378,70266
13.002372980117798,70266
13.00325345993042,70266
13.004135847091675,70266
13.0050208568573,70266
13.006338357925415,70266
13.007221698760986,70266
13.008100509643555,70266
13.009403705596924,70266
13.010287523269653,70266
13.011171817779541,70266
13.012050867080688,70266
13.013357400894165,70266
13.01423978805542,70266
13.015122890472412,70266
13.016019105911255,70266
13.017324686050415,70266
13.01820707321167,70266
13.019089460372925,70266
13.020393371582031,70266
13.021277666091919,70266
13.022161960601807,70266
13.02304720878601,70266
13.024351596832275,70266
13.025233745574951,70266
13.026125192642212,70266
13.027010917663574,70266
13.02831506729126,70266
13.029200077056885,70266
13.03008222579956,70266
13.031387329101562,70266
13.032270669937134,70266
13.033152341842651,70266
13.034036874771118,70266
13.03534197807312,70266
13.036231994628906,70266
13.037127256393433,70266
13.038014888763428,70266
13.039321899414062,70266
13.040225267410278,70266
13.041120052337646,70266
13.042006254196167,70266
13.043310403823853,70266
13.044190406799316,70266
13.045072078704834,70266
13.046388387680054,70266
13.047271251678467,70266
13.048154592514038,70266
13.04903793334961,70266
13.050343751907349,70266
13.051226377487183,70266
13.0521080493927,70266
13.053415536880493,70266
13.054300308227539,70266
13.055184602737427,70266
13.056073665618896,70266
13.057378768920898,70266
13.058261156082153,70266
13.059143304824829,70266
13.06002688407898,70266
13.061331272125244,70266
13.062212705612183,70266
13.063095092773438,70266
13.064398288726807,70266
13.065279960632324,70266
13.066174268722534,70266
13.067054510116577,70266
13.068357944488525,70266
13.069238901138306,70266
13.070119857788086,70266
13.071003913879395,70266
13.072307825088501,70266
13.073188781738281,70266
13.074069499969482,70266
13.075374126434326,70266
13.076265811920166,70266
13.0771484375,70266
13.078030586242676,70266
13.079336166381836,70266
13.08021855354309,70266
13.081100225448608,70266
13.08240532875061,70266
13.08329153060913,70266
13.084176301956177,70266
13.085059642791748,70266
13.086376190185547,70266
13.087258338928223,70266
13.088141679763794,70266
13.089025497436523,70266
13.090332746505737,70266
13.091218948364258,70266
13.092101573944092,70266
13.093411207199097,70266
13.094296932220459,70266
13.0951828956604,70266
13.09607458114624,70266
13.097382545471191,70266
13.0982666015625,70266
13.099150657653809,70266
13.1000337600708,70266
13.101339340209961,70266
13.102224588394165,70266
13.103106260299683,70266
13.104411840438843,70266
13.1052987575531,70266
13.106196165084839,70266
13.107079982757568,70266
13.108384370803833,70266
13.109267950057983,70266
13.110151290893555,70266
13.111034870147705,70266
13.112340450286865,70266
13.113222360610962,70266
13.114105939865112,70266
13.115411758422852,70266
13.116307020187378,70266
13.117191553115845,70266
13.118074417114258,70266
13.119380474090576,70266
13.120261907577515,70266
13.121145009994507,70266
13.122028589248657,70266
13.123335361480713,70266
13.124216794967651,70266
13.12509799003601,70266
13.126415014266968,70266
13.127298831939697,70266
13.128182411193848,70266
13.129066467285156,70266
13.130370378494263,70266
13.131250619888306,70266
13.132135152816772,70266
13.133018970489502,70266
13.134323358535767,70266
13.13520860671997,70266
13.136101007461548,70266
13.137407064437866,70266
13.138291120529175,70266
13.1391761302948,70266
13.140059471130371,70266
13.141363143920898,70266
13.142246007919312,70266
13.143131256103516,70266
13.144037246704102,70266
13.145344018936157,70266
13.146235227584839,70266
13.14711594581604,70266
13.148417949676514,70266
13.149328470230103,70266
13.150211572647095,70266
13.151093244552612,70266
13.15239953994751,70266
13.15328574180603,70266
13.154167890548706,70266
13.155055284500122,70266
13.156368970870972,70266
13.157254219055176,70266
13.158140420913696,70266
13.159023761749268,70266
13.160329341888428,70266
13.161210060119629,70266
13.16209363937378,70266
13.163400411605835,70266
13.16428804397583,70266
13.165170192718506,70266
13.1660635471344,70266
13.167373180389404,70266
13.168251991271973,70266
13.169131994247437,70266
13.17001461982727,70266
13.171318769454956,70266
13.172202587127686,70266
13.173086404800415,70266
13.174392700195312,70266
13.175273895263672,70266
13.17616891860962,70266
13.177050828933716,70266
13.17835521697998,70266
13.179239511489868,70266
13.180120944976807,70266
13.181005716323853,70266
13.182309865951538,70266
13.183194160461426,70266
13.184075593948364,70266
13.185381650924683,70266
13.186274290084839,70266
13.187159299850464,70266
13.18803882598877,70266
13.189342975616455,70266
13.190226554870605,70266
13.191109895706177,70266
13.192416191101074,70266
13.193299770355225,70266
13.194184064865112,70266
13.195068597793579,70266
13.196382761001587,70266
13.197265625,70266
13.198148012161255,70266
13.19903302192688,70266
13.200337648391724,70266
13.201220750808716,70266
13.202102184295654,70266
13.203406572341919,70266
13.204289436340332,70266
13.205172061920166,70266
13.206064224243164,70266
13.207371473312378,70266
13.208252906799316,70266
13.209136962890625,70266
13.210020065307617,70266
13.21132516860962,70266
13.212207078933716,70266
13.213087558746338,70266
13.21439266204834,70266
13.215275049209595,70266
13.216172218322754,70266
13.217057228088379,70266
13.218364477157593,70266
13.219247817993164,70266
13.220129489898682,70266
13.221015930175781,70266
13.222323417663574,70266
13.223206996917725,70266
13.224090337753296,70266
13.225395917892456,70266
13.22628927230835,70266
13.227174043655396,70266
13.228056907653809,70266
13.22936224937439,70266
13.230243921279907,70266
13.231125116348267,70266
13.23201036453247,70266
13.233315706253052,70266
13.234199047088623,70266
13.235081911087036,70266
13.236397743225098,70266
13.237279653549194,70266
13.238162994384766,70266
13.23904800415039,70266
13.240352869033813,70266
13.24123764038086,70266
13.242116928100586,70266
13.243420839309692,70266
13.244304180145264,70266
13.245188474655151,70266
13.246076583862305,70266
13.247381687164307,70266
13.24826192855835,70266
13.249143362045288,70266
13.250028610229492,70266
13.251336812973022,70266
13.252220153808594,70266
13.253105878829956,70266
13.254414319992065,70266
13.255300283432007,70266
13.25619888305664,70266
13.257085800170898,70266
13.258393287658691,70266
13.25928258895874,70266
13.260168075561523,70266
13.261053323745728,70266
13.262364864349365,70266
13.263246297836304,70266
13.264129400253296,70266
13.265012264251709,70266
13.266327857971191,70266
13.267213582992554,70266
13.268099069595337,70266
13.269405603408813,70266
13.270287990570068,70266
13.271173238754272,70266
13.272056579589844,70266
13.273362874984741,70266
13.274248123168945,70266
13.275132179260254,70266
13.276026725769043,70266
13.277333736419678,70266
13.27821660041809,70266
13.279098987579346,70266
13.280404806137085,70266
13.281290054321289,70266
13.282177448272705,70266
13.283061265945435,70266
13.284367322921753,70266
13.285247325897217,70266
13.286138772964478,70266
13.287023544311523,70266
13.288329839706421,70266
13.28921389579773,70266
13.290097713470459,70266
13.291403770446777,70266
13.29228687286377,70266
13.293171882629395,70266
13.294056415557861,70266
13.295361518859863,70266
13.296256303787231,70266
13.297142744064331,70266
13.298025846481323,70266
13.299332618713379,70266
13.300215005874634,70266
13.301097869873047,70266
13.302403211593628,70266
13.303290128707886,70266
13.304171562194824,70266
13.305053234100342,70266
13.306369066238403,70266
13.307249546051025,70266
13.308131456375122,70266
13.309016704559326,70266
13.310320138931274,70266
13.311203241348267,70266
13.312110900878906,70266
13.313415050506592,70266
13.314298152923584,70266
13.315180778503418,70266
13.316070318222046,70266
13.317376375198364,70266
13.318256616592407,70266
13.319140195846558,70266
13.320026159286499,70266
13.321331024169922,70266
13.322211027145386,70266
13.323094129562378,70266
13.32439923286438,70266
13.325283765792847,70266
13.32617974281311,70266
13.327061414718628,70266
13.328367710113525,70266
13.32925009727478,70266
13.330133438110352,70266
13.331015586853027,70266
13.332319498062134,70266
13.333200693130493,70266
13.334082126617432,70266
13.335387706756592,70266
13.336280584335327,70266
13.337162733078003,70266
13.338044166564941,70266
13.33934998512268,70266
13.34023642539978,70266
13.34111762046814,70266
13.342421770095825,70266
13.343307495117188,70266
13.344218015670776,70266
13.345101118087769,70266
13.346418619155884,70266
13.347302675247192,70266
13.34818959236145,70266
13.349074125289917,70266
13.350381135940552,70266
13.35126280784607,70266
13.352144956588745,70266
13.353029012680054,70266
13.354339599609375,70266
13.355224847793579,70266
13.356115102767944,70266
13.357420682907104,70266
13.358304738998413,70266
13.359189748764038,70266
13.36007285118103,70266
13.361381530761719,70266
13.362263917922974,70266
13.363147497177124,70266
13.364031076431274,70266
13.365335941314697,70266
13.366228818893433,70266
13.36711049079895,70266
13.368414878845215,70266
13.36929965019226,70266
13.370185613632202,70266
13.371067762374878,70266
13.372370958328247,70266
13.373251914978027,70266
13.374134063720703,70266
13.375020027160645,70266
13.376335144042969,70266
13.377217292785645,70266
13.378101110458374,70266
13.379406452178955,70266
13.380290746688843,70266
13.381176471710205,70266
13.382059574127197,70266
13.38336992263794,70266
13.384252071380615,70266
13.385135412216187,70266
13.386030435562134,70266
13.387338399887085,70266
13.388222455978394,70266
13.389103412628174,70266
13.39040994644165,70266
13.391294717788696,70266
13.392177820205688,70266
13.393059968948364,70266
13.394362449645996,70266
13.39524793624878,70266
13.39614486694336,70266
13.39702844619751,70266
13.398334741592407,70266
13.399219512939453,70266
13.400100708007812,70266
13.401407241821289,70266
13.402292013168335,70266
13.403175354003906,70266
13.404056787490845,70266
13.405364274978638,70266
13.406256198883057,70266
13.407140016555786,70266
13.40802526473999,70266
13.40933108329773,70266
13.410213470458984,70266
13.411097526550293,70266
13.412402391433716,70266
13.413286924362183,70266
13.414172172546387,70266
13.415052890777588,70266
13.416366815567017,70266
13.417248487472534,70266
13.41813039779663,70266
13.41901421546936,70266
13.420318603515625,70266
13.421202182769775,70266
13.422083377838135,70266
13.423386812210083,70266
13.42426872253418,70266
13.425151824951172,70266
13.42604947090149,70266
13.427359342575073,70266
13.428242921829224,70266
13.429128885269165,70266
13.430015802383423,70266
13.431322574615479,70266
13.432204961776733,70266
13.433089017868042,70266
13.434396743774414,70266
13.435283899307251,70266
13.43618130683899,70266
13.437065124511719,70266
13.438371896743774,70266
13.439254999160767,70266
13.440139532089233,70266
13.441025257110596,70266
13.442325830459595,70266
13.443207502365112,70266
13.444091081619263,70266
13.445399284362793,70266
13.446291208267212,70266
13.447177648544312,70266
13.448059320449829,70266
13.449366092681885,70266
13.450250625610352,70266
13.451131343841553,70266
13.452017307281494,70266
13.453325510025024,70266
13.454206943511963,70266
13.455088138580322,70266
13.456403732299805,70266
13.457288026809692,70266
13.458171844482422,70266
13.459052562713623,70266
13.46035647392273,70266
13.46123719215393,70266
13.462118864059448,70266
13.463004112243652,70266
13.464308977127075,70266
13.46519136428833,70266
13.466085195541382,70266
13.467393398284912,70266
13.468276977539062,70266
13.469162464141846,70266
13.470047235488892,70266
13.471355199813843,70266
13.472240209579468,70266
13.473123788833618,70266
13.474010229110718,70266
13.475318670272827,70266
13.476213455200195,70266
13.477094888687134,70266
13.47839903831482,70266
13.479283571243286,70266
13.480170249938965,70266
13.481054544448853,70266
13.482362747192383,70266
13.4832444190979,70266
13.484126091003418,70266
13.485011577606201,70266
13.486334800720215,70266
13.48721694946289,70266
13.488099336624146,70266
13.48940634727478,70266
13.490290403366089,70266
13.491173267364502,70266
13.492055177688599,70266
13.493362665176392,70266
13.494245052337646,70266
13.49512791633606,70266
13.496023654937744,70266
13.497331857681274,70266
13.498217582702637,70266
13.499099731445312,70266
13.500405073165894,70266
13.501290321350098,70266
13.502176761627197,70266
13.50305700302124,70266
13.504362344741821,70266
13.505245447158813,70266
13.506138563156128,70266
13.50702166557312,70266
13.508329153060913,70266
13.50921106338501,70266
13.510093927383423,70266
13.511401891708374,70266
13.51228404045105,70266
13.513168811798096,70266
13.514054298400879,70266
13.5153648853302,70266
13.51625919342041,70266
13.517144203186035,70266
13.518029928207397,70266
13.519336700439453,70266
13.520242929458618,70266
13.52112889289856,70266
13.522013425827026,70266
13.523319482803345,70266
13.524202346801758,70266
13.52508282661438,70266
13.52639889717102,70266
13.527286291122437,70266
13.528168201446533,70266
13.529048442840576,70266
13.530353784561157,70266
13.531235933303833,70266
13.532118797302246,70266
13.533421754837036,70266
13.53430700302124,70266
13.535190105438232,70266
13.536077499389648,70266
13.537383079528809,70266
13.53826355934143,70266
13.539145469665527,70266
13.540026664733887,70266
13.541333198547363,70266
13.542215824127197,70266
13.543097734451294,70266
13.544005632400513,70266
13.545311450958252,70266
13.54620909690857,70266
13.547092199325562,70266
13.548397779464722,70266
13.549280405044556,70266
13.550164461135864,70266
13.551048278808594,70266
13.552353382110596,70266
13.553235054016113,70266
13.554117441177368,70266
13.555423498153687,70266
13.556318521499634,70266
13.557201385498047,70266
13.55808401107788,70266
13.559388399124146,70266
13.560274600982666,70266
13.561158895492554,70266
13.562042951583862,70266
13.563345909118652,70266
13.564229249954224,70266
13.565112829208374,70266
13.566008806228638,70266
13.567318439483643,70266
13.568200588226318,70266
13.569081783294678,70266
13.57013988494873,70266
13.571392059326172,70266
13.572279691696167,70266
13.573191165924072,70266
13.574079990386963,70266
13.575387716293335,70266
13.576297998428345,70266
13.577182054519653,70266
13.578067302703857,70266
13.579397678375244,70266
13.580284357070923,70266
13.581170082092285,70266
13.582053899765015,70266
13.583361387252808,70266
13.5842444896698,70266
13.58512806892395,70266
13.586023807525635,70266
13.587328672409058,70266
13.588209867477417,70266
13.589094877243042,70266
13.590405941009521,70266
13.59128713607788,70266
13.592173099517822,70266
13.593055248260498,70266
13.594361543655396,70266
13.595247268676758,70266
13.59614086151123,70266
13.597026348114014,70266
13.598332166671753,70266
13.599216938018799,70266
13.60010051727295,70266
13.601406335830688,70266
13.602290868759155,70266
13.603176355361938,70266
13.604059219360352,70266
13.60536503791809,70266
13.606257200241089,70266
13.607141256332397,70266
13.60802698135376,70266
13.609334707260132,70266
13.610218048095703,70266
13.611101627349854,70266
13.612407207489014,70266
13.61329174041748,70266
13.614174365997314,70266
13.615056991577148,70266
13.616374254226685,70266
13.617259502410889,70266
13.61814546585083,70266
13.619029521942139,70266
13.620334386825562,70266
13.62121868133545,70266
13.622099876403809,70266
13.623408555984497,70266
13.624292612075806,70266
13.625178813934326,70266
13.62607216835022,70266
13.627377271652222,70266
13.628260850906372,70266
13.62914490699768,70266
13.630030393600464,70266
13.631337881088257,70266
13.632223129272461,70266
13.633105754852295,70266
13.634411573410034,70266
13.635297775268555,70266
13.63619327545166,70266
13.637077331542969,70266
13.63838505744934,70266
13.639267921447754,70266
13.640151739120483,70266
13.641037940979004,70266
13.642346143722534,70266
13.643230438232422,70266
13.64411735534668,70266
13.645422458648682,70266
13.646320819854736,70266
13.647209167480469,70266
13.648093700408936,70266
13.649400472640991,70266
13.650285243988037,70266
13.651170492172241,70266
13.652055740356445,70266
13.653363466262817,70266
13.654245376586914,70266
13.655132055282593,70266
13.656025171279907,70266
13.65733528137207,70266
13.658217906951904,70266
13.659101486206055,70266
13.660407304763794,70266
13.661293029785156,70266
13.662176370620728,70266
13.663060665130615,70266
13.664370775222778,70266
13.665254354476929,70266
13.666152715682983,70266
13.667039394378662,70266
13.668349266052246,70266
13.669234991073608,70266
13.670122385025024,70266
13.671007871627808,70266
13.672316789627075,70266
13.673203706741333,70266
13.674089908599854,70266
13.67539930343628,70266
13.676295518875122,70266
13.677183389663696,70266
13.678067445755005,70266
13.679373502731323,70266
13.680258989334106,70266
13.681144714355469,70266
13.68203091621399,70266
13.683340072631836,70266
13.68422245979309,70266
13.685107946395874,70266
13.686424016952515,70266
13.687310457229614,70266
13.688197135925293,70266
13.689083337783813,70266
13.690393447875977,70266
13.691279411315918,70266
13.692166805267334,70266
13.693049907684326,70266
13.694356679916382,70266
13.695237874984741,70266
13.696130990982056,70266
13.69701600074768,70266
13.69832158088684,70266
13.699205875396729,70266
13.700088262557983,70266
13.70139479637146,70266
13.70227861404419,70266
13.703164339065552,70266
13.704046964645386,70266
13.705354452133179,70266
13.70624852180481,70266
13.707132577896118,70266
13.708017826080322,70266
13.709323644638062,70266
13.710205793380737,70266
13.711086988449097,70266
13.712395191192627,70266
13.71327829360962,70266
13.714162588119507,70266
13.715043783187866,70266
13.716356992721558,70266
13.717239379882812,70266
13.718123435974121,70266
13.719008445739746,70266
13.720314979553223,70266
13.721198320388794,70266
13.722081422805786,70266
13.723387479782104,70266
13.724272012710571,70266
13.725156784057617,70266
13.726054906845093,70266
13.727364301681519,70266
13.728247880935669,70266
13.72913122177124,70266
13.730017185211182,70266
13.731323957443237,70266
13.732206583023071,70266
13.733092308044434,70266
13.734398365020752,70266
13.735277891159058,70266
13.73617434501648,70266
13.737056970596313,70266
13.738362312316895,70266
13.739245414733887,70266
13.740129232406616,70266
13.74101448059082,70266
13.742319107055664,70266
13.743203401565552,70266
13.744107961654663,70266
13.745411396026611,70266
13.746304750442505,70266
13.747190952301025,70266
13.748073101043701,70266
13.749382495880127,70266
13.750266075134277,70266
13.751147985458374,70266
13.752030372619629,70266
13.753338098526001,70266
13.754222393035889,70266
13.755105257034302,70266
13.756422519683838,70266
13.757307052612305,70266
13.75819206237793,70266
13.759076356887817,70266
13.760380506515503,70266
13.761264562606812,70266
13.762149095535278,70266
13.763034343719482,70266
13.764341354370117,70266
13.765224933624268,70266
13.766117572784424,70266
13.767419576644897,70266
13.768300294876099,70266
13.769182682037354,70266
13.770081520080566,70266
13.771388292312622,70266
13.772272825241089,70266
13.77315640449524,70266
13.774039506912231,70266
13.775341749191284,70266
13.776232957839966,70266
13.777117252349854,70266
13.778003692626953,70266
13.77930998802185,70266
13.780196189880371,70266
13.781080484390259,70266
13.782384872436523,70266
13.78326964378357,70266
13.78415298461914,70266
13.785037517547607,70266
13.786352396011353,70266
13.78723669052124,70266
13.7881178855896,70266
13.789422988891602,70266
13.790306091308594,70266
13.791187047958374,70266
13.792070627212524,70266
13.793377161026001,70266
13.79425835609436,70266
13.795139789581299,70266
13.796032428741455,70266
13.797336339950562,70266
13.798216819763184,70266
13.799099445343018,70266
13.80040431022644,70266
13.801287651062012,70266
13.802170991897583,70266
13.80305528640747,70266
13.804361343383789,70266
13.805245637893677,70266
13.806139469146729,70266
13.80702257156372,70266
13.808329105377197,70266
13.809209823608398,70266
13.81009316444397,70266
13.811399221420288,70266
13.81228256225586,70266
13.813167810440063,70266
13.81404995918274,70266
13.815357685089111,70266
13.816249132156372,70266
13.817134380340576,70266
13.81801962852478,70266
13.819324493408203,70266
13.8202064037323,70266
13.82108736038208,70266
13.82239317893982,70266
13.823277235031128,70266
13.824161291122437,70266
13.82504415512085,70266
13.826361417770386,70266
13.827245235443115,70266
13.828126668930054,70266
13.829012393951416,70266
13.830318450927734,70266
13.83120059967041,70266
13.832082509994507,70266
13.833387613296509,70266
13.834269762039185,70266
13.83515214920044,70266
13.836045742034912,70266
13.837354183197021,70266
13.838237524032593,70266
13.83911943435669,70266
13.840003490447998,70266
13.841309547424316,70266
13.842191219329834,70266
13.843071937561035,70266
13.844377040863037,70266
13.845258951187134,70266
13.84615159034729,70266
13.847036123275757,70266
13.848342895507812,70266
13.849226713180542,70266
13.850106239318848,70266
13.8514084815979,70266
13.852290153503418,70266
13.853174448013306,70266
13.854055643081665,70266
13.855358839035034,70266
13.856247186660767,70266
13.857129096984863,70266
13.858012437820435,70266
13.859318971633911,70266
13.860201835632324,70266
13.861083269119263,70266
13.86238718032837,70266
13.863269567489624,70266
13.86415410041809,70266
13.865039825439453,70266
13.866355180740356,70266
13.867292404174805,70266
13.868206977844238,70266
13.869089365005493,70266
13.870399236679077,70266
13.871283054351807,70266
13.872167587280273,70266
13.873051404953003,70266
13.87435531616211,70266
13.875234365463257,70266
13.876128911972046,70266
13.8770170211792,70266
13.878321886062622,70266
13.879207134246826,70266
13.88008999824524,70266
13.881393909454346,70266
13.882281064987183,70266
13.88316559791565,70266
13.884046077728271,70266
13.885351181030273,70266
13.886241912841797,70266
13.887122869491577,70266
13.888007164001465,70266
13.88931393623352,70266
13.890198230743408,70266
13.891083002090454,70266
13.892388582229614,70266
13.893269777297974,70266
13.89415431022644,70266
13.895037174224854,70266
13.896353483200073,70266
13.897235870361328,70266
13.89811897277832,70266
13.899422645568848,70266
13.900304794311523,70266
13.9011869430542,70266
13.902067422866821,70266
13.903375148773193,70266
13.904255151748657,70266
13.90513801574707,70266
13.906033039093018,70266
13.907339334487915,70266
13.90822148323059,70266
13.909103631973267,70266
13.910407304763794,70266
13.911295413970947,70266
13.912174940109253,70266
13.913057088851929,70266
13.914361953735352,70266
13.915243148803711,70266
13.91613245010376,70266
13.917016744613647,70266
13.918318271636963,70266
13.919199466705322,70266
13.920078992843628,70266
13.92138123512268,70266
13.922260284423828,70266
13.92314338684082,70266
13.924027442932129,70266
13.925328016281128,70266
13.926220417022705,70266
13.927100419998169,70266
13.928402423858643,70266
13.929284811019897,70266
13.930166482925415,70266
13.931049108505249,70266
13.932350873947144,70266
13.93323278427124,70266
13.934112787246704,70266
13.935418367385864,70266
13.936314582824707,70266
13.937196969985962,70266
13.938077926635742,70266
13.939383029937744,70266
13.940266847610474,70266
13.941148042678833,70266
13.942030429840088,70266
13.94333004951477,70266
13.944227695465088,70266
13.945108890533447,70266
13.946004390716553,70266
13.947311878204346,70266
13.948193788528442,70266
13.949073076248169,70266
13.950376272201538,70266
13.951257228851318,70266
13.952142238616943,70266
13.95302939414978,70266
13.954333782196045,70266
13.95521330833435,70266
13.95610785484314,70266
13.957411289215088,70266
13.958293437957764,70266
13.959174633026123,70266
13.960054636001587,70266
13.961361169815063,70266
13.962238073348999,70266
13.9631187915802,70266
13.964422225952148,70266
13.965305805206299,70266
13.966197729110718,70266
13.967079877853394,70266
13.968381643295288,70266
13.96926498413086,70266
13.970148086547852,70266
13.971030950546265,70266
13.972334384918213,70266
13.973217248916626,70266
13.974098682403564,70266
13.975403308868408,70266
13.976299524307251,70266
13.97718358039856,70266
13.97806715965271,70266
13.979368925094604,70266
13.980249404907227,70266
13.98113203048706,70266
13.982014417648315,70266
13.983317613601685,70266
13.984199285507202,70266
13.985081434249878,70266
13.986396312713623,70266
13.98727798461914,70266
13.988158941268921,70266
13.989042282104492,70266
13.990348815917969,70266
13.991230010986328,70266
13.992110013961792,70266
13.993414163589478,70266
13.994298934936523,70266
13.995181560516357,70266
13.996071338653564,70266
13.997376441955566,70266
13.998255252838135,70266
13.999136209487915,70266
14.000017881393433,70266
14.001320362091064,70266
14.002204656600952,70266
14.003089427947998,70266
14.004392623901367,70266
14.005275249481201,70266
14.006167888641357,70266
14.007049083709717,70266
14.008354663848877,70266
14.009235143661499,70266
14.010115146636963,70266
14.011421203613281,70266
14.01230525970459,70266
14.013188600540161,70266
14.014070749282837,70266
14.015374898910522,70266
14.016265392303467,70266
14.017149686813354,70266
14.018032312393188,70266
14.019338369369507,70266
14.020219802856445,70266
14.021101713180542,70266
14.022409677505493,70266
14.023293256759644,70266
14.02417540550232,70266
14.025057792663574,70266
14.026375532150269,70266
14.027255773544312,70266
14.028137922286987,70266
14.029020309448242,70266
14.030325174331665,70266
14.031205415725708,70266
14.032086372375488,70266
14.033392429351807,70266
14.034276247024536,70266
14.035160779953003,70266
14.036058187484741,70266
14.037362337112427,70266
14.03824520111084,70266
14.039129257202148,70266
14.04001259803772,70266
14.041318655014038,70266
14.042202472686768,70266
14.043086051940918,70266
14.04439091682434,70266
14.04527759552002,70266
14.046170711517334,70266
14.047051906585693,70266
14.048356771469116,70266
14.049237489700317,70266
14.050114393234253,70266
14.05141806602478,70266
14.052300453186035,70266
14.053182363510132,70266
14.054065227508545,70266
14.055369853973389,70266
14.056262493133545,70266
14.057146549224854,70266
14.058032035827637,70266
14.059340715408325,70266
14.060221910476685,70266
14.061102390289307,70266
14.062407732009888,70266
14.063292741775513,70266
14.064175605773926,70266
14.06505560874939,70266
14.066369533538818,70266
14.067253828048706,70266
14.068135023117065,70266
14.069018840789795,70266
14.070323467254639,70266
14.071202993392944,70266
14.072087287902832,70266
14.073391914367676,70266
14.074275016784668,70266
14.075157403945923,70266
14.0760498046875,70266
14.077351093292236,70266
14.078231811523438,70266
14.079112768173218,70266
14.080415725708008,70266
14.081297397613525,70266
14.082179546356201,70266
14.083059072494507,70266
14.084363222122192,70266
14.085244178771973,70266
14.086132049560547,70266
14.087015390396118,70266
14.088319540023804,70266
14.089198589324951,70266
14.090080738067627,70266
14.091384172439575,70266
14.09226655960083,70266
14.093151807785034,70266
14.094038009643555,70266
14.095341682434082,70266
14.096233367919922,70266
14.097114086151123,70266
14.098421573638916,70266
14.099311351776123,70266
14.10019564628601,70266
14.101080656051636,70266
14.102384805679321,70266
14.103267192840576,70266
14.104149341583252,70266
14.105034112930298,70266
14.106350421905518,70266
14.107233762741089,70266
14.108115673065186,70266
14.109421730041504,70266
14.110304594039917,70266
14.111186265945435,70266
14.11206841468811,70266
14.113373279571533,70266
14.114254474639893,70266
14.115137100219727,70266
14.1160306930542,70266
14.11733603477478,70266
14.118218183517456,70266
14.119100093841553,70266
14.120406866073608,70266
14.121287822723389,70266
14.122171640396118,70266
14.123054027557373,70266
14.12435507774353,70266
14.125237703323364,70266
14.126126527786255,70266
14.127008199691772,70266
14.128315210342407,70266
14.129196166992188,70266
14.130080223083496,70266
14.131384372711182,70266
14.132266998291016,70266
14.133147239685059,70266
14.134029865264893,70266
14.135333061218262,70266
14.136222839355469,70266
14.137104749679565,70266
14.138410091400146,70266
14.139295101165771,70266
14.140178442001343,70266
14.141061305999756,70266
14.142364978790283,70266
14.143244981765747,70266
14.144145488739014,70266
14.145028114318848,70266
14.146344184875488,70266
14.147225856781006,70266
14.148106098175049,70266
14.14901351928711,70266
14.150320291519165,70266
14.151201486587524,70266
14.152083396911621,70266
14.153388261795044,70266
14.154272079467773,70266
14.155155658721924,70266
14.15604853630066,70266
14.157352685928345,70266
14.158236742019653,70266
14.159120082855225,70266
14.160003185272217,70266
14.16130805015564,70266
14.162192821502686,70266
14.163078784942627,70266
14.164386749267578,70266
14.165271759033203,70266
14.16616940498352,70266
14.167056322097778,70266
14.16836142539978,70266
14.169244527816772,70266
14.170126676559448,70266
14.171014547348022,70266
14.172318935394287,70266
14.17320203781128,70266
14.174084424972534,70266
14.175387859344482,70266
14.176280736923218,70266
14.177162647247314,70266
14.17804479598999,70266
14.179350852966309,70266
14.180235147476196,70266
14.181118249893188,70266
14.182004451751709,70266
14.18331003189087,70266
14.184190511703491,70266
14.18507170677185,70266
14.186390161514282,70266
14.187276601791382,70266
14.188161849975586,70266
14.189045906066895,70266
14.190349102020264,70266
14.191230535507202,70266
14.192113876342773,70266
14.193419456481934,70266
14.194300413131714,70266
14.195181369781494,70266
14.196070671081543,70266
14.19737696647644,70266
14.198259115219116,70266
14.19914197921753,70266
14.200026750564575,70266
14.201331853866577,70266
14.202213048934937,70266
14.203093767166138,70266
14.204398393630981,70266
14.205281972885132,70266
14.20617389678955,70266
14.207058429718018,70266
14.20836091041565,70266
14.209242582321167,70266
14.210123062133789,70266
14.211005449295044,70266
14.212308883666992,70266
14.21319055557251,70266
14.214073896408081,70266
14.21537971496582,70266
14.216269969940186,70266
14.217151880264282,70266
14.218040943145752,70266
14.219340801239014,70266
14.220221996307373,70266
14.221102476119995,70266
14.222404956817627,70266
14.223289012908936,70266
14.22417140007019,70266
14.225054025650024,70266
14.226364850997925,70266
14.227242231369019,70266
14.228120565414429,70266
14.229421615600586,70266
14.230308294296265,70266
14.231212854385376,70266
14.232096195220947,70266
14.233401775360107,70266
14.23430323600769,70266
14.235204935073853,70266
14.2360999584198,70266
14.237407445907593,70266
14.238292932510376,70266
14.23917818069458,70266
14.240059852600098,70266
14.241365194320679,70266
14.242246150970459,70266
14.243126153945923,70266
14.244009256362915,70266
14.245317459106445,70266
14.246214151382446,70266
14.247095108032227,70266
14.248403549194336,70266
14.249291181564331,70266
14.250175476074219,70266
14.251058101654053,70266
14.252363204956055,70266
14.253242492675781,70266
14.254123210906982,70266
14.255423307418823,70266
14.256317377090454,70266
14.257198095321655,70266
14.258079290390015,70266
14.259384632110596,70266
14.260267496109009,70266
14.261149883270264,70266
14.262032747268677,70266
14.263338565826416,70266
14.264219760894775,70266
14.26509976387024,70266
14.266417741775513,70266
14.267303943634033,70266
14.268186569213867,70266
14.26906704902649,70266
14.270371913909912,70266
14.271254062652588,70266
14.27213978767395,70266
14.273026466369629,70266
14.274334192276001,70266
14.275214910507202,70266
14.276106595993042,70266
14.277408599853516,70266
14.278292894363403,70266
14.279178142547607,70266
14.280059337615967,70266
14.281365394592285,70266
14.282248497009277,70266
14.28313136100769,70266
14.284016370773315,70266
14.285323143005371,70266
14.286214351654053,70266
14.287097930908203,70266
14.288403034210205,70266
14.289287090301514,70266
14.290170431137085,70266
14.291053056716919,70266
14.292352437973022,70266
14.293230056762695,70266
14.294111967086792,70266
14.29542088508606,70266
14.296313047409058,70266
14.29719614982605,70266
14.298080682754517,70266
14.299385786056519,70266
14.300268411636353,70266
14.301151990890503,70266
14.30203628540039,70266
14.303344011306763,70266
14.304229736328125,70266
14.305111408233643,70266
14.306006908416748,70266
14.307312965393066,70266
14.308196306228638,70266
14.309078693389893,70266
14.310383558273315,70266
14.311266899108887,70266
14.312179327011108,70266
14.313060522079468,70266
14.314363241195679,70266
14.315246820449829,70266
14.316136598587036,70266
14.317017316818237,70266
14.31832218170166,70266
14.319202899932861,70266
14.32008695602417,70266
14.321391105651855,70266
14.32227087020874,70266
14.323151588439941,70266
14.324033498764038,70266
14.32533574104309,70266
14.32622766494751,70266
14.327107906341553,70266
14.328415393829346,70266
14.329303503036499,70266
14.330190658569336,70266
14.331075191497803,70266
14.332382440567017,70266
14.333264827728271,70266
14.334150314331055,70266
14.33503246307373,70266
14.336346626281738,70266
14.337228298187256,70266
14.33811068534851,70266
14.339414834976196,70266
14.340298652648926,70266
14.341179609298706,70266
14.342061042785645,70266
14.343366622924805,70266
14.344270706176758,70266
14.345157384872437,70266
14.346050500869751,70266
14.347354888916016,70266
14.34823751449585,70266
14.349120140075684,70266
14.350006341934204,70266
14.35131049156189,70266
14.352195739746094,70266
14.35308051109314,70266
14.354386568069458,70266
14.355270624160767,70266
14.356165170669556,70266
14.357049465179443,70266
14.358354568481445,70266
14.359239101409912,70266
14.360119342803955,70266
14.361422300338745,70266
14.362303733825684,70266
14.36318564414978,70266
14.364067316055298,70266
14.365373849868774,70266
14.366264820098877,70266
14.367147207260132,70266
14.36803150177002,70266
14.369336366653442,70266
14.37021780014038,70266
14.371101379394531,70266
14.372406005859375,70266
14.37328839302063,70266
14.374171733856201,70266
14.375053405761719,70266
14.376366376876831,70266
14.377248048782349,70266
14.378133058547974,70266
14.37901496887207,70266
14.380320072174072,70266
14.381202936172485,70266
14.382089376449585,70266
14.38339376449585,70266
14.384275913238525,70266
14.385157585144043,70266
14.386050939559937,70266
14.387354850769043,70266
14.388234376907349,70266
14.38911509513855,70266
14.390418291091919,70266
14.391299724578857,70266
14.392181396484375,70266
14.393066883087158,70266
14.394369840621948,70266
14.395251274108887,70266
14.396145820617676,70266
14.397027730941772,70266
14.3983314037323,70266
14.39921259880066,70266
14.400092124938965,70266
14.401398658752441,70266
14.402283430099487,70266
14.4031662940979,70266
14.404049158096313,70266
14.405352592468262,70266
14.406240701675415,70266
14.407123327255249,70266
14.4080069065094,70266
14.409311532974243,70266
14.410192966461182,70266
14.411075592041016,70266
14.412379026412964,70266
14.413260698318481,70266
14.41414475440979,70266
14.41502833366394,70266
14.416343212127686,70266
14.417227983474731,70266
14.418110370635986,70266
14.419413089752197,70266
14.420299053192139,70266
14.421186685562134,70266
14.422069072723389,70266
14.423373937606812,70266
14.424255609512329,70266
14.425139427185059,70266
14.426031827926636,70266
14.427340745925903,70266
14.428222179412842,70266
14.429102420806885,70266
14.430407524108887,70266
14.431292295455933,70266
14.432178020477295,70266
14.43306016921997,70266
14.434367656707764,70266
14.435251712799072,70266
14.436141967773438,70266
14.437027215957642,70266
14.438329935073853,70266
14.439208507537842,70266
14.440090894699097,70266
14.441395282745361,70266
14.44227933883667,70266
14.443158626556396,70266
14.44404149055481,70266
14.445345163345337,70266
14.446232557296753,70266
14.447112560272217,70266
14.448416709899902,70266
14.449299812316895,70266
14.450184106826782,70266
14.451064586639404,70266
14.452369213104248,70266
14.453251838684082,70266
14.454135417938232,70266
14.455019474029541,70266
14.456335067749023,70266
14.457217693328857,70266
14.458100318908691,70266
14.459405899047852,70266
14.460289239883423,70266
14.461173057556152,70266
14.462056159973145,70266
14.463361501693726,70266
14.464242219924927,70266
14.465122938156128,70266
14.466015577316284,70266
14.46731948852539,70266
14.46820592880249,70266
14.469088315963745,70266
14.470390319824219,70266
14.47126841545105,70266
14.472147464752197,70266
14.473029375076294,70266
14.474336624145508,70266
14.475220441818237,70266
14.476110696792603,70266
14.477411985397339,70266
14.478297233581543,70266
14.479182004928589,70266
14.480063438415527,70266
14.481366634368896,70266
14.482248067855835,70266
14.483128786087036,70266
14.48401165008545,70266
14.485315561294556,70266
14.48620867729187,70266
14.4870924949646,70266
14.488400936126709,70266
14.48928427696228,70266
14.490166664123535,70266
14.49105191230774,70266
14.492357969284058,70266
14.493242025375366,70266
14.494124174118042,70266
14.495007276535034,70266
14.49632215499878,70266
14.497203350067139,70266
14.49808645248413,70266
14.499391794204712,70266
14.500274181365967,70266
14.501153469085693,70266
14.50203561782837,70266
14.503337860107422,70266
14.50421929359436,70266
14.505098581314087,70266
14.506412982940674,70266
14.50729775428772,70266
14.508178472518921,70266
14.509059429168701,70266
14.510364294052124,70266
14.511245250701904,70266
14.512123823165894,70266
14.513006210327148,70266
14.514310121536255,70266
14.515193462371826,70266
14.516085863113403,70266
14.51738977432251,70266
14.518274068832397,70266
14.519157886505127,70266
14.520066738128662,70266
14.521371603012085,70266
14.522254467010498,70266
14.523136138916016,70266
14.52401852607727,70266
14.525320291519165,70266
14.526211023330688,70266
14.527093887329102,70266
14.52839970588684,70266
14.52928352355957,70266
14.530164241790771,70266
14.53104567527771,70266
14.532350063323975,70266
14.533231496810913,70266
14.534111022949219,70266
14.535414457321167,70266
14.536309480667114,70266
14.537191390991211,70266
14.538073301315308,70266
14.539374828338623,70266
14.540254354476929,70266
14.541135787963867,70266
14.54202127456665,70266
14.543326377868652,70266
14.544231176376343,70266
14.545112371444702,70266
14.546007871627808,70266
14.547311544418335,70266
14.548194646835327,70266
14.549077033996582,70266
14.55037808418274,70266
14.551259994506836,70266
14.552142858505249,70266
14.553027153015137,70266
14.55433177947998,70266
14.555216073989868,70266
14.556106328964233,70266
14.557408094406128,70266
14.558290958404541,70266
14.559173345565796,70266
14.560055017471313,70266
14.56136155128479,70266
14.562243223190308,70266
14.563124895095825,70266
14.564009189605713,70266
14.565311431884766,70266
14.566205024719238,70266
14.567086219787598,70266
14.56838870048523,70266
14.569272756576538,70266
14.570154905319214,70266
14.571154594421387,70266
14.572016477584839,70266
14.573337316513062,70266
14.574237823486328,70266
14.57513952255249,70266
14.57603669166565,70266
14.577345609664917,70266
14.578253746032715,70266
14.579142093658447,70266
14.580025434494019,70266
14.581349611282349,70266
14.582232236862183,70266
14.583113431930542,70266
14.584416151046753,70266
14.58530044555664,70266
14.586195468902588,70266
14.58707857131958,70266
14.588382482528687,70266
14.589268922805786,70266
14.590154647827148,70266
14.591035842895508,70266
14.592337846755981,70266
14.593217372894287,70266
14.59409761428833,70266
14.595402479171753,70266
14.596299886703491,70266
14.597182512283325,70266
14.59806227684021,70266
14.599367380142212,70266
14.60025143623352,70266
14.60112977027893,70266
14.602014303207397,70266
14.603319883346558,70266
14.604202508926392,70266
14.605085372924805,70266
14.606404542922974,70266
14.607287406921387,70266
14.608169555664062,70266
14.60905122756958,70266
14.610354900360107,70266
14.611237287521362,70266
14.612119674682617,70266
14.61342167854309,70266
14.614306449890137,70266
14.615190982818604,70266
14.616083145141602,70266
14.617388010025024,70266
14.6182701587677,70266
14.61915373802185,70266
14.620035886764526,70266
14.621338605880737,70266
14.622222423553467,70266
14.623099327087402,70266
14.624405145645142,70266
14.625293254852295,70266
14.626186609268188,70266
14.627068996429443,70266
14.628373384475708,70266
14.629252672195435,70266
14.630138635635376,70266
14.631021499633789,70266
14.63232707977295,70266
14.633208990097046,70266
14.634090423583984,70266
14.635393857955933,70266
14.636286973953247,70266
14.637168169021606,70266
14.638051509857178,70266
14.639354228973389,70266
14.640236377716064,70266
14.641116619110107,70266
14.642418146133423,70266
14.643300771713257,70266
14.644184112548828,70266
14.645066976547241,70266
14.646382093429565,70266
14.647279739379883,70266
14.648166418075562,70266
14.649048566818237,70266
14.65037488937378,70266
14.651277780532837,70266
14.652160167694092,70266
14.653042316436768,70266
14.65437626838684,70266
14.655261278152466,70266
14.656158447265625,70266
14.657060861587524,70266
14.658385038375854,70266
14.65926718711853,70266
14.660154104232788,70266
14.661036491394043,70266
14.662341356277466,70266
14.663222312927246,70266
14.66410493850708,70266
14.665406703948975,70266
14.666309118270874,70266
14.667190313339233,70266
14.668073177337646,70266
14.66937780380249,70266
14.670259475708008,70266
14.671141862869263,70266
14.672025203704834,70266
14.673332214355469,70266
14.674211978912354,70266
14.675094604492188,70266
14.676408529281616,70266
14.677292108535767,70266
14.678176641464233,70266
14.679059505462646,70266
14.680362224578857,70266
14.6812424659729,70266
14.682122945785522,70266
14.683006048202515,70266
14.6843101978302,70266
14.685193300247192,70266
14.686082363128662,70266
14.687390327453613,70266
14.688270330429077,70266
14.689152240753174,70266
14.690035343170166,70266
14.691337823867798,70266
14.692222118377686,70266
14.693102598190308,70266
14.694403886795044,70266
14.695284366607666,70266
14.696177959442139,70266
14.69705843925476,70266
14.698359727859497,70266
14.699242353439331,70266
14.700123071670532,70266
14.701006889343262,70266
14.702309131622314,70266
14.703190326690674,70266
14.704073190689087,70266
14.70537281036377,70266
14.70626449584961,70266
14.707147598266602,70266
14.708030223846436,70266
14.709331035614014,70266
14.710212707519531,70266
14.711094617843628,70266
14.71239686012268,70266
14.71328067779541,70266
14.714164018630981,70266
14.715047359466553,70266
14.716362237930298,70266
14.717246770858765,70266
14.718127250671387,70266
14.719011306762695,70266
14.720314264297485,70266
14.721196413040161,70266
14.722079277038574,70266
14.723381519317627,70266
14.72426176071167,70266
14.72514271736145,70266
14.726036787033081,70266
14.727338075637817,70266
14.72822117805481,70266
14.729103326797485,70266
14.730408430099487,70266
14.731291770935059,70266
14.732177019119263,70266
14.733058214187622,70266
14.734362602233887,70266
14.735245943069458,70266
14.736138343811035,70266
14.737022638320923,70266
14.738325834274292,70266
14.739207983016968,70266
14.740089416503906,70266
14.741393566131592,70266
14.742276430130005,70266
14.743159294128418,70266
14.744067192077637,70266
14.745373487472534,70266
14.746266603469849,70266
14.747152090072632,70266
14.748036623001099,70266
14.74933910369873,70266
14.750221252441406,70266
14.751103401184082,70266
14.752407550811768,70266
14.753293752670288,70266
14.754176378250122,70266
14.755056858062744,70266
14.756372690200806,70266
14.757254838943481,70266
14.758136510848999,70266
14.759021997451782,70266
14.760324954986572,70266
14.761204957962036,70266
14.76208782196045,70266
14.76339602470398,70266
14.764278411865234,70266
14.765159606933594,70266
14.76605224609375,70266
14.76735782623291,70266
14.76823902130127,70266
14.769117593765259,70266
14.770420551300049,70266
14.7713041305542,70266
14.772186994552612,70266
14.773068904876709,70266
14.774373292922974,70266
14.775256395339966,70266
14.776146173477173,70266
14.777027130126953,70266
14.778332233428955,70266
14.77921438217163,70266
14.780097246170044,70266
14.781402587890625,70266
14.782286405563354,70266
14.783170461654663,70266
14.78405237197876,70266
14.785358428955078,70266
14.786248683929443,70266
14.787131309509277,70266
14.788014888763428,70266
14.78931736946106,70266
14.790198802947998,70266
14.7910795211792,70266
14.792380809783936,70266
14.793264389038086,70266
14.794146060943604,70266
14.795029163360596,70266
14.796342849731445,70266
14.79722285270691,70266
14.79810380935669,70266
14.79940938949585,70266
14.800291776657104,70266
14.801173686981201,70266
14.802055358886719,70266
14.803362369537354,70266
14.804245710372925,70266
14.8051278591156,70266
14.806023120880127,70266
14.807331562042236,70266
14.808212757110596,70266
14.809093713760376,70266
14.810399532318115,70266
14.811283349990845,70266
14.812166213989258,70266
14.813048124313354,70266
14.81435513496399,70266
14.815240144729614,70266
14.816131830215454,70266
14.817015409469604,70266
14.818320274353027,70266
14.81920337677002,70266
14.82008671760559,70266
14.82139277458191,70266
14.822277307510376,70266
14.82315993309021,70266
14.824042797088623,70266
14.825348854064941,70266
14.826239347457886,70266
14.82712197303772,70266
14.828004837036133,70266
14.829307794570923,70266
14.830192804336548,70266
14.831074714660645,70266
14.832382202148438,70266
14.833261966705322,70266
14.834142446517944,70266
14.835025310516357,70266
14.83633828163147,70266
14.837219476699829,70266
14.838101387023926,70266
14.839404821395874,70266
14.84028697013855,70266
14.841167688369751,70266
14.842049837112427,70266
14.843354225158691,70266
14.844235181808472,70266
14.84511685371399,70266
14.84601092338562,70266
14.84731674194336,70266
14.848201274871826,70266
14.849083185195923,70266
14.85038423538208,70266
14.851270198822021,70266
14.852152585983276,70266
14.853035926818848,70266
14.854338645935059,70266
14.855220794677734,70266
14.8561110496521,70266
14.85741639137268,70266
14.858300924301147,70266
14.859185218811035,70266
14.860067129135132,70266
14.861372232437134,70266
14.862254858016968,70266
14.863139152526855,70266
14.864022493362427,70266
14.865326404571533,70266
14.866217851638794,70266
14.867101192474365,70266
14.868404388427734,70266
14.869290590286255,70266
14.870175123214722,70266
14.871057033538818,70266
14.872364282608032,70266
14.87324333190918,70266
14.874125242233276,70266
14.875008583068848,70266
14.876322507858276,70266
14.877203464508057,70266
14.878082513809204,70266
14.879382848739624,70266
14.880265951156616,70266
14.881147861480713,70266
14.882028818130493,70266
14.88333535194397,70266
14.884219646453857,70266
14.88510012626648,70266
14.886415719985962,70266
14.88729977607727,70266
14.888185739517212,70266
14.889069557189941,70266
14.890373229980469,70266
14.89125370979309,70266
14.892136335372925,70266
14.89302134513855,70266
14.894323825836182,70266
14.895214557647705,70266
14.896106481552124,70266
14.897408962249756,70266
14.898291110992432,70266
14.899174451828003,70266
14.900054454803467,70266
14.901360273361206,70266
14.902239561080933,70266
14.903119087219238,70266
14.90400505065918,70266
14.905308723449707,70266
14.906203746795654,70266
14.907086849212646,70266
14.90839409828186,70266
14.909275770187378,70266
14.910159826278687,70266
14.911042213439941,70266
14.912346601486206,70266
14.913227319717407,70266
14.914106845855713,70266
14.915409803390503,70266
14.916305303573608,70266
14.917188882827759,70266
14.918069839477539,70266
14.919377326965332,70266
14.92025899887085,70266
14.921141862869263,70266
14.922025680541992,70266
14.92332673072815,70266
14.92420768737793,70266
14.925088882446289,70266
14.92640209197998,70266
14.927286148071289,70266
14.928167581558228,70266
14.92905044555664,70266
14.930352449417114,70266
14.931233167648315,70266
14.932114362716675,70266
14.933420181274414,70266
14.934306383132935,70266
14.935193538665771,70266
14.936084032058716,70266
14.93739104270935,70266
14.938276529312134,70266
14.939162731170654,70266
14.940043926239014,70266
14.941349029541016,70266
14.94223165512085,70266
14.943115711212158,70266
14.944025754928589,70266
14.945345401763916,70266
14.946237325668335,70266
14.94711685180664,70266
14.948004007339478,70266
14.949314832687378,70266
14.95019793510437,70266
14.951080560684204,70266
14.95238471031189,70266
14.953269004821777,70266
14.954151391983032,70266
14.955034971237183,70266
14.956350564956665,70266
14.957232475280762,70266
14.958112001419067,70266
14.959418058395386,70266
14.960300922393799,70266
14.961185455322266,70266
14.96206784248352,70266
14.963372707366943,70266
14.96425485610962,70266
14.965136766433716,70266
14.966026544570923,70266
14.967329025268555,70266
14.968209743499756,70266
14.96908974647522,70266
14.970391511917114,70266
14.97127389907837,70266
14.972155332565308,70266
14.973036527633667,70266
14.974340438842773,70266
14.975221633911133,70266
14.976112365722656,70266
14.977413415908813,70266
14.978296279907227,70266
14.979178428649902,70266
14.98006272315979,70266
14.98136281967163,70266
14.982243776321411,70266
14.983123779296875,70266
14.984007358551025,70266
14.98531436920166,70266
14.986210346221924,70266
14.987091064453125,70266
14.988394260406494,70266
14.989276885986328,70266
14.990158557891846,70266
14.991039991378784,70266
14.9923415184021,70266
14.993224143981934,70266
14.994102239608765,70266
14.99540400505066,70266
14.996297597885132,70266
14.997181415557861,70266
14.998061656951904,70266
14.999364852905273,70266
15.000245571136475,70266
15.00112509727478,70266
15.002008438110352,70266
15.00331425666809,70266
15.004196405410767,70266
15.005076885223389,70266
15.006389379501343,70266
15.007271766662598,70266
15.00815463066101,70266
15.009037017822266,70266
15.010342359542847,70266
15.01122498512268,70266
15.012105941772461,70266
15.013412475585938,70266
15.014294624328613,70266
15.015177011489868,70266
15.016067504882812,70266
15.017369031906128,70266
15.018249034881592,70266
15.019132137298584,70266
15.020015716552734,70266
15.021318674087524,70266
15.022201299667358,70266
15.02308177947998,70266
15.024386405944824,70266
15.025268077850342,70266
15.02616024017334,70266
15.027043581008911,70266
15.028344631195068,70266
15.029227256774902,70266
15.030107498168945,70266
15.031413078308105,70266
15.032297134399414,70266
15.033179759979248,70266
15.034061908721924,70266
15.03536605834961,70266
15.036255598068237,70266
15.037139892578125,70266
15.038024425506592,70266
15.039325952529907,70266
15.040206670761108,70266
15.04108738899231,70266
15.042391777038574,70266
15.043275356292725,70266
15.044160842895508,70266
15.045042037963867,70266
15.046355962753296,70266
15.047239303588867,70266
15.048117876052856,70266
15.049420356750488,70266
15.050302267074585,70266
15.051183223724365,70266
15.052063941955566,70266
15.053367137908936,70266
15.0542471408844,70266
15.055129528045654,70266
15.056023597717285,70266
15.057326316833496,70266
15.058206558227539,70266
15.059087753295898,70266
15.060388326644897,70266
15.06127119064331,70266
15.062152862548828,70266
15.06303858757019,70266
15.064342737197876,70266
15.065224409103394,70266
15.066113471984863,70266
15.067414999008179,70266
15.068297386169434,70266
15.06917929649353,70266
15.070058822631836,70266
15.071362257003784,70266
15.072243452072144,70266
15.07312536239624,70266
15.074007034301758,70266
15.075314044952393,70266
15.076205968856812,70266
15.077087163925171,70266
15.078388690948486,70266
15.079270601272583,70266
15.080153465270996,70266
15.081035852432251,70266
15.082337856292725,70266
15.083218812942505,70266
15.084100008010864,70266
15.085404634475708,70266
15.086298704147339,70266
15.087178707122803,70266
15.088061332702637,70266
15.089367389678955,70266
15.090250492095947,70266
15.091134071350098,70266
15.092018365859985,70266
15.093323230743408,70266
15.094206094741821,70266
15.095089197158813,70266
15.096404075622559,70266
15.097286224365234,70266
15.098169803619385,70266
15.099052667617798,70266
15.100356578826904,70266
15.101238250732422,70266
15.102118492126465,70266
15.103419780731201,70266
15.104303121566772,70266
15.105183839797974,70266
15.106072664260864,70266
15.107378482818604,70266
15.108260154724121,70266
15.109142780303955,70266
15.110026359558105,70266
15.111333131790161,70266
15.112215042114258,70266
15.113097190856934,70266
15.114402770996094,70266
15.115288257598877,70266
15.11618161201477,70266
15.117064952850342,70266
15.118366718292236,70266
15.119245052337646,70266
15.120125770568848,70266
15.121006727218628,70266
15.122312784194946,70266
15.12319803237915,70266
15.124080181121826,70266
15.125385999679565,70266
15.126275777816772,70266
15.127155780792236,70266
15.128036737442017,70266
15.129340887069702,70266
15.130222082138062,70266
15.13110065460205,70266
15.132404565811157,70266
15.13328766822815,70266
15.1341712474823,70266
15.135054349899292,70266
15.136368036270142,70266
15.137247562408447,70266
15.1381254196167,70266
15.139008522033691,70266
15.140313386917114,70266
15.141197681427002,70266
15.142079830169678,70266
15.143381357192993,70266
15.144287586212158,70266
15.145170450210571,70266
15.146061897277832,70266
15.147363662719727,70266
15.148241996765137,70266
15.149142026901245,70266
15.150026321411133,70266
15.15133285522461,70266
15.152213096618652,70266
15.153092622756958,70266
15.154395818710327,70266
15.15527868270874,70266
15.15617322921753,70266
15.157056093215942,70266
15.15835952758789,70266
15.159238576889038,70266
15.160117864608765,70266
15.16142225265503,70266
15.162306547164917,70266
15.163187265396118,70266
15.16406798362732,70266
15.16537356376648,70266
15.166281938552856,70266
15.167165517807007,70266
15.168046236038208,70266
15.169352054595947,70266
15.170230627059937,70266
15.171111822128296,70266
15.17241883277893,70266
15.173302173614502,70266
15.174184083938599,70266
15.175065755844116,70266
15.176379442214966,70266
15.17726469039917,70266
15.178149938583374,70266
15.179033756256104,70266
15.180340051651001,70266
15.181223154067993,70266
15.18210244178772,70266
15.183403968811035,70266
15.184283256530762,70266
15.185166597366333,70266
15.186057567596436,70266
15.187366485595703,70266
15.188250541687012,70266
15.1891348361969,70266
15.190018653869629,70266
15.191328525543213,70266
15.192212104797363,70266
15.19309401512146,70266
15.194396734237671,70266
15.195281744003296,70266
15.19617509841919,70266
15.197057247161865,70266
15.198362112045288,70266
15.199244260787964,70266
15.200122833251953,70266
15.201007843017578,70266
15.202311754226685,70266
15.20319390296936,70266
15.204078912734985,70266
15.205382585525513,70266
15.20627474784851,70266
15.207157850265503,70266
15.208040714263916,70266
15.209344863891602,70266
15.210227727890015,70266
15.211108446121216,70266
15.21241283416748,70266
15.213294744491577,70266
15.214178800582886,70266
15.21506118774414,70266
15.216376543045044,70266
15.217260599136353,70266
15.218145608901978,70266
15.219030380249023,70266
15.220333576202393,70266
15.22121787071228,70266
15.222102880477905,70266
15.223405361175537,70266
15.224289417266846,70266
15.225173234939575,70266
15.226065158843994,70266
15.227368354797363,70266
15.22825002670288,70266
15.229132413864136,70266
15.230013608932495,70266
15.231316804885864,70266
15.232196569442749,70266
15.233079433441162,70266
15.234383344650269,70266
15.235265016555786,70266
15.236159086227417,70266
15.237041711807251,70266
15.238345623016357,70266
15.239229917526245,70266
15.240109920501709,70266
15.24141550064087,70266
15.24229907989502,70266
15.243183374404907,70266
15.244064331054688,70266
15.24536943435669,70266
15.246259212493896,70266
15.247142553329468,70266
15.248027801513672,70266
15.2493314743042,70266
15.250211238861084,70266
15.251091957092285,70266
15.252395868301392,70266
15.253279209136963,70266
15.254158735275269,70266
15.255041122436523,70266
15.256354808807373,70266
15.257236242294312,70266
15.258117198944092,70266
15.259417533874512,70266
15.260300874710083,70266
15.261184215545654,70266
15.262067556381226,70266
15.263372659683228,70266
15.264256477355957,70266
15.265141725540161,70266
15.26603627204895,70266
15.267346620559692,70266
15.268229007720947,70266
15.26910948753357,70266
15.270413160324097,70266
15.271296262741089,70266
15.272180795669556,70266
15.273064374923706,70266
15.274370193481445,70266
15.275254011154175,70266
15.27615213394165,70266
15.277038097381592,70266
15.278340339660645,70266
15.279220342636108,70266
15.280101537704468,70266
15.281404972076416,70266
15.282286405563354,70266
15.283168315887451,70266
15.28405237197876,70266
15.285358190536499,70266
15.286249876022339,70266
15.287133693695068,70266
15.288017749786377,70266
15.289322853088379,70266
15.290205717086792,70266
15.29109001159668,70266
15.292396783828735,70266
15.293281078338623,70266
15.294164896011353,70266
15.295048952102661,70266
15.296363592147827,70266
15.297243595123291,70266
15.298126220703125,70266
15.299008846282959,70266
15.30031418800354,70266
15.301199913024902,70266
15.302085638046265,70266
15.303388595581055,70266
15.30427098274231,70266
15.305156946182251,70266
15.30604887008667,70266
15.30735182762146,70266
15.30823040008545,70266
15.309110164642334,70266
15.310415267944336,70266
15.311298370361328,70266
15.312209606170654,70266
15.313092708587646,70266
15.314397096633911,70266
15.31528091430664,70266
15.316174983978271,70266
15.317056655883789,70266
15.31836199760437,70266
15.319247961044312,70266
15.320128679275513,70266
15.321011543273926,70266
15.322319984436035,70266
15.323201179504395,70266
15.324082136154175,70266
15.325385093688965,70266
15.326280355453491,70266
15.32716417312622,70266
15.328047513961792,70266
15.329352855682373,70266
15.330233573913574,70266
15.331113815307617,70266
15.332417726516724,70266
15.333301067352295,70266
15.334182262420654,70266
15.335063695907593,70266
15.336379528045654,70266
15.337264060974121,70266
15.338145017623901,70266
15.339028596878052,70266
15.340332746505737,70266
15.341214656829834,70266
15.34209656715393,70266
15.343397617340088,70266
15.34430193901062,70266
15.345186233520508,70266
15.346078872680664,70266
15.347384929656982,70266
15.348266839981079,70266
15.34914755821228,70266
15.350032091140747,70266
15.351337909698486,70266
15.352220058441162,70266
15.353098154067993,70266
15.354400634765625,70266
15.355284929275513,70266
15.35617995262146,70266
15.357059717178345,70266
15.358364820480347,70266
15.359243869781494,70266
15.360125303268433,70266
15.361008405685425,70266
15.362313032150269,70266
15.36319375038147,70266
15.364075422286987,70266
15.36538052558899,70266
15.366270542144775,70266
15.367152690887451,70266
15.368035316467285,70266
15.369338750839233,70266
15.370218992233276,70266
15.371101379394531,70266
15.372406959533691,70266
15.373289108276367,70266
15.374170780181885,70266
15.375052690505981,70266
15.376363277435303,70266
15.377244234085083,70266
15.378122568130493,70266
15.379005908966064,70266
15.380308866500854,70266
15.381190776824951,70266
15.382071495056152,70266
15.383373975753784,70266
15.384251356124878,70266
15.3851318359375,70266
15.386025428771973,70266
15.387329578399658,70266
15.388212203979492,70266
15.38909649848938,70266
15.390402793884277,70266
15.39128565788269,70266
15.392167568206787,70266
15.39305067062378,70266
15.394357919692993,70266
15.395238876342773,70266
15.396127939224243,70266
15.397010087966919,70266
15.398313522338867,70266
15.399197578430176,70266
15.400082111358643,70266
15.401386976242065,70266
15.402271032333374,70266
15.40315556526184,70266
15.404040336608887,70266
15.405347347259521,70266
15.406238794326782,70266
15.407120704650879,70266
15.408422470092773,70266
15.40930438041687,70266
15.410187482833862,70266
15.41106915473938,70266
15.41237497329712,70266
15.413256168365479,70266
15.414138555526733,70266
15.415021419525146,70266
15.416335344314575,70266
15.417215824127197,70266
15.41809606552124,70266
15.419398784637451,70266
15.420280933380127,70266
15.421164274215698,70266
15.422048568725586,70266
15.423356294631958,70266
15.424238204956055,70266
15.425119876861572,70266
15.426014184951782,70266
15.427320718765259,70266
15.42820692062378,70266
15.429089069366455,70266
15.430397272109985,70266
15.431282758712769,70266
15.432164669036865,70266
15.433047533035278,70266
15.434354066848755,70266
15.435240030288696,70266
15.436130285263062,70266
15.43701434135437,70266
15.438318490982056,70266
15.439202547073364,70266
15.440083980560303,70266
15.441388130187988,70266
15.442272901535034,70266
15.443159341812134,70266
15.444044589996338,70266
15.445348978042603,70266
15.446240425109863,70266
15.447125911712646,70266
15.44801139831543,70266
15.44931674003601,70266
15.450198411941528,70266
15.451082706451416,70266
15.452386617660522,70266
15.453269720077515,70266
15.454155445098877,70266
15.455038785934448,70266
15.45635724067688,70266
15.457238674163818,70266
15.458119869232178,70266
15.459004640579224,70266
15.460310459136963,70266
15.461195468902588,70266
15.462079763412476,70266
15.463386058807373,70266
15.464267253875732,70266
15.465147256851196,70266
15.466042518615723,70266
15.467347860336304,70266
15.468231439590454,70266
15.469115972518921,70266
15.470426797866821,70266
15.471314430236816,70266
15.472198963165283,70266
15.473081827163696,70266
15.474387407302856,70266
15.475270509719849,70266
15.476167917251587,70266
15.477051258087158,70266
15.478358745574951,70266
15.479240655899048,70266
15.480120182037354,70266
15.481007099151611,70266
15.482312202453613,70266
15.48319673538208,70266
15.484076738357544,70266
15.48538064956665,70266
15.486273765563965,70266
15.487157821655273,70266
15.488043069839478,70266
15.489349603652954,70266
15.490232944488525,70266
15.491114139556885,70266
15.492420196533203,70266
15.493305921554565,70266
15.494187593460083,70266
15.495071411132812,70266
15.496388673782349,70266
15.497271537780762,70266
15.498153924942017,70266
15.4990394115448,70266
15.500342845916748,70266
15.501224517822266,70266
15.502105951309204,70266
15.503413200378418,70266
15.504297018051147,70266
15.505178213119507,70266
15.506067514419556,70266
15.507369041442871,70266
15.508248567581177,70266
15.509130954742432,70266
15.510016202926636,70266
15.511322021484375,70266
15.512206315994263,70266
15.51308822631836,70266
15.514390468597412,70266
15.515273332595825,70266
15.516167879104614,70266
15.51705288887024,70266
15.518357515335083,70266
15.519240856170654,70266
15.52014970779419,70266
15.521035432815552,70266
15.522345304489136,70266
15.523231029510498,70266
15.524117708206177,70266
15.52542495727539,70266
15.526318073272705,70266
15.527204036712646,70266
15.52808952331543,70266
15.529398441314697,70266
15.530284881591797,70266
15.531166315078735,70266
15.532049417495728,70266
15.5333571434021,70266
15.534240961074829,70266
15.53512167930603,70266
15.53601622581482,70266
15.537322759628296,70266
15.538203954696655,70266
15.53908896446228,70266
15.540394067764282,70266
15.541276931762695,70266
15.542160987854004,70266
15.543044328689575,70266
15.54437518119812,70266
15.545258283615112,70266
15.546155452728271,70266
15.54703974723816,70266
15.548346519470215,70266
15.549229383468628,70266
15.550111532211304,70266
15.551416873931885,70266
15.552302122116089,70266
15.553183555603027,70266
15.554065465927124,70266
15.555370807647705,70266
15.556260585784912,70266
15.557145595550537,70266
15.55802869796753,70266
15.559334516525269,70266
15.560214281082153,70266
15.561094284057617,70266
15.56239938735962,70266
15.563281297683716,70266
15.56416392326355,70266
15.565047264099121,70266
15.566366910934448,70266
15.567249536514282,70266
15.568132162094116,70266
15.569019794464111,70266
15.570326805114746,70266
15.571209907531738,70266
15.572185754776001,70266
15.573063135147095,70266
15.574240684509277,70266
15.57543158531189,70266
15.576430797576904,70266
15.57732081413269,70266
15.578206062316895,70266
15.5791175365448,70266
15.58000636100769,70266
15.581313371658325,70266
15.58221697807312,70266
15.583101034164429,70266
15.584411859512329,70266
15.585299253463745,70266
15.586196184158325,70266
15.587079286575317,70266
15.588388442993164,70266
15.589269161224365,70266
15.590153932571411,70266
15.591036081314087,70266
15.592339277267456,70266
15.593222856521606,70266
15.594104290008545,70266
15.595410823822021,70266
15.596305847167969,70266
15.597190141677856,70266
15.598073720932007,70266
15.599379062652588,70266
15.600261449813843,70266
15.601144313812256,70266
15.602028369903564,70266
15.603333473205566,70266
15.604217529296875,70266
15.605101108551025,70266
15.60642147064209,70266
15.607316970825195,70266
15.608203172683716,70266
15.609089612960815,70266
15.610399723052979,70266
15.611289024353027,70266
15.61217451095581,70266
15.613056898117065,70266
15.614365100860596,70266
15.61524510383606,70266
15.616137266159058,70266
15.617022275924683,70266
15.618325233459473,70266
15.619208097457886,70266
15.620090007781982,70266
15.621392488479614,70266
15.62227749824524,70266
15.623161315917969,70266
15.62404489517212,70266
15.62535047531128,70266
15.62624192237854,70266
15.627124071121216,70266
15.628008365631104,70266
15.629311323165894,70266
15.63019347190857,70266
15.631077289581299,70266
15.63238525390625,70266
15.633268356323242,70266
15.634153366088867,70266
15.635038375854492,70266
15.63635516166687,70266
15.637238025665283,70266
15.6381196975708,70266
15.63900351524353,70266
15.640311241149902,70266
15.641196966171265,70266
15.642081499099731,70266
15.643390417098999,70266
15.644277095794678,70266
15.645162582397461,70266
15.646057367324829,70266
15.64736795425415,70266
15.648250818252563,70266
15.649135828018188,70266
15.650020360946655,70266
15.65133023262024,70266
15.652213096618652,70266
15.653096437454224,70266
15.654406070709229,70266
15.655291318893433,70266
15.656187772750854,70266
15.657072305679321,70266
15.658377885818481,70266
15.659261226654053,70266
15.660145044326782,70266
15.661028861999512,70266
15.662333250045776,70266
15.66321873664856,70266
15.66410231590271,70266
15.665413618087769,70266
15.666310787200928,70266
15.667196273803711,70266
15.668079614639282,70266
15.6693856716156,70266
15.670268058776855,70266
15.67115306854248,70266
15.672041177749634,70266
15.673349380493164,70266
15.67423152923584,70266
15.675113201141357,70266
15.676007747650146,70266
15.677315473556519,70266
15.678200006484985,70266
15.679085493087769,70266
15.680392503738403,70266
15.681279182434082,70266
15.682171106338501,70266
15.683053255081177,70266
15.68436336517334,70266
15.685247421264648,70266
15.68613886833191,70266
15.687022924423218,70266
15.688331127166748,70266
15.68921709060669,70266
15.690101385116577,70266
15.691407918930054,70266
15.692294359207153,70266
15.69317889213562,70266
15.694061517715454,70266
15.695368766784668,70266
15.696258068084717,70266
15.697144031524658,70266
15.698028087615967,70266
15.699334383010864,70266
15.70021653175354,70266
15.701097965240479,70266
15.702403545379639,70266
15.703289031982422,70266
15.704172372817993,70266
15.70505690574646,70266
15.706372022628784,70266
15.707252979278564,70266
15.708136081695557,70266
15.709020137786865,70266
15.710326910018921,70266
15.71120834350586,70266
15.712093830108643,70266
15.713398456573486,70266
15.71428394317627,70266
15.715165376663208,70266
15.716058731079102,70266
15.717365980148315,70266
15.718249559402466,70266
15.719131231307983,70266
15.720016956329346,70266
15.721322536468506,70266
15.722202777862549,70266
15.723087310791016,70266
15.72439193725586,70266
15.725276470184326,70266
15.72617220878601,70266
15.727054834365845,70266
15.728358268737793,70266
15.729243993759155,70266
15.73012924194336,70266
15.731014013290405,70266
15.73231840133667,70266
15.733201026916504,70266
15.734083890914917,70266
15.73538613319397,70266
15.7362802028656,70266
15.7371666431427,70266
15.738049983978271,70266
15.739355325698853,70266
15.740238189697266,70266
15.741120338439941,70266
15.742005586624146,70266
15.743311166763306,70266
15.744217872619629,70266
15.745099782943726,70266
15.746417760848999,70266
15.747302055358887,70266
15.748188257217407,70266
15.749070405960083,70266
15.750378370285034,70266
15.75126314163208,70266
15.752146244049072,70266
15.753030776977539,70266
15.754336833953857,70266
15.755220651626587,70266
15.756112337112427,70266
15.757417917251587,70266
15.758303880691528,70266
15.759187459945679,70266
15.760069847106934,70266
15.76137638092041,70266
15.762257814407349,70266
15.763142824172974,70266
15.764026165008545,70266
15.765329599380493,70266
15.766222476959229,70266
15.767106294631958,70266
15.768410921096802,70266
15.769295930862427,70266
15.77017879486084,70266
15.771061658859253,70266
15.772367238998413,70266
15.773250102996826,70266
15.774133682250977,70266
15.775015830993652,70266
15.77634596824646,70266
15.77722978591919,70266
15.778111696243286,70266
15.779416799545288,70266
15.78030252456665,70266
15.781184434890747,70266
15.782063961029053,70266
15.783371210098267,70266
15.784253120422363,70266
15.785134553909302,70266
15.786029577255249,70266
15.78733515739441,70266
15.78821587562561,70266
15.789098501205444,70266
15.790405750274658,70266
15.791290283203125,70266
15.792174100875854,70266
15.793054580688477,70266
15.794358730316162,70266
15.795242071151733,70266
15.79613471031189,70266
15.797017574310303,70266
15.798319339752197,70266
15.799199342727661,70266
15.80008316040039,70266
15.801389932632446,70266
15.802272081375122,70266
15.803155899047852,70266
15.804038286209106,70266
15.80534052848816,70266
15.806232213973999,70266
15.807114124298096,70266
15.808419466018677,70266
15.80930495262146,70266
15.810187101364136,70266
15.811069011688232,70266
15.812373638153076,70266
15.813255310058594,70266
15.814137935638428,70266
15.815023422241211,70266
15.816340684890747,70266
15.81722354888916,70266
15.818106174468994,70266
15.819410562515259,70266
15.820296049118042,70266
15.821179389953613,70266
15.822062253952026,70266
15.823370218276978,70266
15.824252367019653,70266
15.825134992599487,70266
15.82602834701538,70266
15.8273344039917,70266
15.82821774482727,70266
15.829100608825684,70266
15.830407857894897,70266
15.831295490264893,70266
15.832179307937622,70266
15.833060503005981,70266
15.8343665599823,70266
15.835248470306396,70266
15.836142778396606,70266
15.837025880813599,70266
15.838332653045654,70266
15.839215755462646,70266
15.840096950531006,70266
15.841400623321533,70266
15.842284917831421,70266
15.84316611289978,70266
15.844050168991089,70266
15.8453528881073,70266
15.846244812011719,70266
15.847129344940186,70266
15.848016023635864,70266
15.849321603775024,70266
15.850205898284912,70266
15.851089000701904,70266
15.852392673492432,70266
15.853277921676636,70266
15.854163885116577,70266
15.855050325393677,70266
15.856367826461792,70266
15.857251644134521,70266
15.858134031295776,70266
15.859017610549927,70266
15.860328435897827,70266
15.861213445663452,70266
15.862098217010498,70266
15.863407373428345,70266
15.864293336868286,70266
15.865179061889648,70266
15.866071939468384,70266
15.867377996444702,70266
15.868260622024536,70266
15.86914348602295,70266
15.870028972625732,70266
15.87133240699768,70266
15.872216939926147,70266
15.873100996017456,70266
15.87440800666809,70266
15.875295639038086,70266
15.876192808151245,70266
15.877077579498291,70266
15.878382682800293,70266
15.87926721572876,70266
15.88015103340149,70266
15.881035566329956,70266
15.88234257698059,70266
15.8832266330719,70266
15.884106874465942,70266
15.885414123535156,70266
15.886308431625366,70266
15.887193202972412,70266
15.888075351715088,70266
15.889378786087036,70266
15.890262365341187,70266
15.891141891479492,70266
15.892024755477905,70266
15.893332242965698,70266
15.894215106964111,70266
15.89509654045105,70266
15.896414041519165,70266
15.89729642868042,70266
15.898180723190308,70266
15.899064302444458,70266
15.900371313095093,70266
15.901256799697876,70266
15.902139663696289,70266
15.903024911880493,70266
15.904327630996704,70266
15.905210256576538,70266
15.906102657318115,70266
15.907408237457275,70266
15.908290147781372,70266
15.909174919128418,70266
15.910057306289673,70266
15.91136384010315,70266
15.912247896194458,70266
15.913130760192871,70266
15.9140145778656,70266
15.915321350097656,70266
15.916213750839233,70266
15.91709566116333,70266
15.918399333953857,70266
15.919282913208008,70266
15.920166969299316,70266
15.921050071716309,70266
15.922354698181152,70266
15.923238754272461,70266
15.92412257194519,70266
15.925008773803711,70266
15.926323652267456,70266
15.92720913887024,70266
15.92809247970581,70266
15.929399728775024,70266
15.93028473854065,70266
15.9311683177948,70266
15.932051420211792,70266
15.933357954025269,70266
15.934243202209473,70266
15.935124397277832,70266
15.936019897460938,70266
15.937325477600098,70266
15.93820858001709,70266
15.939092874526978,70266
15.940399169921875,70266
15.941283702850342,70266
15.942165851593018,70266
15.943047523498535,70266
15.944379329681396,70266
15.945262670516968,70266
15.946158170700073,70266
15.947043895721436,70266
15.948349714279175,70266
15.949230432510376,70266
15.950114250183105,70266
15.95142149925232,70266
15.952306985855103,70266
15.95319151878357,70266
15.954076051712036,70266
15.955405712127686,70266
15.956298589706421,70266
15.957206726074219,70266
15.958106517791748,70266
15.959418535232544,70266
15.96030330657959,70266
15.961188554763794,70266
15.962069511413574,70266
15.96337604522705,70266
15.964260339736938,70266
15.965144872665405,70266
15.966039419174194,70266
15.967345476150513,70266
15.9682297706604,70266
15.969110250473022,70266
15.970412731170654,70266
15.971295595169067,70266
15.972177743911743,70266
15.973061323165894,70266
15.974369525909424,70266
15.975252628326416,70266
15.976147174835205,70266
15.977032899856567,70266
15.978335857391357,70266
15.979219198226929,70266
15.980101108551025,70266
15.981406688690186,70266
15.982293128967285,70266
15.98317575454712,70266
15.984058380126953,70266
15.98536467552185,70266
15.986257553100586,70266
15.987141847610474,70266
15.988025426864624,70266
15.989332437515259,70266
15.990216493606567,70266
15.991098642349243,70266
15.992405414581299,70266
15.993289947509766,70266
15.994173526763916,70266
15.995055675506592,70266
15.996373176574707,70266
15.997256517410278,70266
15.998141288757324,70266
15.999026536941528,70266
16.000329971313477,70266
16.001213312149048,70266
16.00209617614746,70266
16.003403425216675,70266
16.00429344177246,70266
16.005176782608032,70266
16.00606870651245,70266
16.00737714767456,70266
16.008258819580078,70266
16.00914216041565,70266
16.0100257396698,70266
16.011332511901855,70266
16.01221513748169,70266
16.013097047805786,70266
16.014403820037842,70266
16.01528787612915,70266
16.01618480682373,70266
16.01706600189209,70266
16.018372297286987,70266
16.019253253936768,70266
16.02013635635376,70266
16.021018505096436,70266
16.022321462631226,70266
16.023204565048218,70266
16.024086952209473,70266
16.025389194488525,70266
16.02628254890442,70266
16.027167797088623,70266
16.028050899505615,70266
16.029358863830566,70266
16.030240058898926,70266
16.03111958503723,70266
16.032423496246338,70266
16.03330945968628,70266
16.034191370010376,70266
16.03507161140442,70266
16.036386728286743,70266
16.03726840019226,70266
16.038151741027832,70266
16.039035320281982,70266
16.040343284606934,70266
16.04122829437256,70266
16.042112112045288,70266
16.043418407440186,70266
16.04430365562439,70266
16.0451877117157,70266
16.046081066131592,70266
16.047386169433594,70266
16.048266649246216,70266
16.049150466918945,70266
16.050037145614624,70266
16.05134630203247,70266
16.052226781845093,70266
16.053107976913452,70266
16.05441427230835,70266
16.05529808998108,70266
16.056196212768555,70266
16.057080030441284,70266
16.05838680267334,70266
16.059271335601807,70266
16.06015658378601,70266
16.061038970947266,70266
16.062344312667847,70266
16.063226222991943,70266
16.064108848571777,70266
16.0654137134552,70266
16.06630825996399,70266
16.067189931869507,70266
16.068071126937866,70266
16.0693781375885,70266
16.07026195526123,70266
16.07114577293396,70266
16.072031021118164,70266
16.07333517074585,70266
16.074216604232788,70266
16.075101613998413,70266
16.076418161392212,70266
16.077303886413574,70266
16.078190803527832,70266
16.07907271385193,70266
16.080378532409668,70266
16.081260681152344,70266
16.082144260406494,70266
16.083028554916382,70266
16.084336519241333,70266
16.085218906402588,70266
16.086108922958374,70266
16.087416410446167,70266
16.08830165863037,70266
16.089184522628784,70266
16.090068101882935,70266
16.091376066207886,70266
16.092257261276245,70266
16.093140840530396,70266
16.094024896621704,70266
16.095329523086548,70266
16.096219301223755,70266
16.097100257873535,70266
16.09840488433838,70266
16.099289178848267,70266
16.100173950195312,70266
16.101056575775146,70266
16.102362871170044,70266
16.10324740409851,70266
16.10413146018982,70266
16.10501790046692,70266
16.10633087158203,70266
16.10721230506897,70266
16.108091831207275,70266
16.10939621925354,70266
16.110278606414795,70266
16.111162424087524,70266
16.11204481124878,70266
16.113348484039307,70266
16.114233016967773,70266
16.115118265151978,70266
16.11601686477661,70266
16.117320775985718,70266
16.118202686309814,70266
16.119086503982544,70266
16.120391130447388,70266
16.121276140213013,70266
16.12216091156006,70266
16.12304425239563,70266
16.12435007095337,70266
16.12523365020752,70266
16.126123189926147,70266
16.12700629234314,70266
16.12831139564514,70266
16.129194498062134,70266
16.130075693130493,70266
16.131382703781128,70266
16.13226556777954,70266
16.133150339126587,70266
16.134034872055054,70266
16.13533854484558,70266
16.136228561401367,70266
16.137110948562622,70266
16.13841485977173,70266
16.13929796218872,70266
16.140179872512817,70266
16.141062259674072,70266
16.142366647720337,70266
16.143248081207275,70266
16.14415168762207,70266
16.145036697387695,70266
16.14635157585144,70266
16.14723515510559,70266
16.14811396598816,70266
16.149023294448853,70266
16.150331497192383,70266
16.15121364593506,70266
16.152094841003418,70266
16.153398275375366,70266
16.154281616210938,70266
16.155165433883667,70266
16.156057596206665,70266
16.157362937927246,70266
16.158247232437134,70266
16.159128189086914,70266
16.160012245178223,70266
16.161314725875854,70266
16.162197828292847,70266
16.163081884384155,70266
16.164388179779053,70266
16.165274620056152,70266
16.1661696434021,70266
16.16705298423767,70266
16.168357372283936,70266
16.169238328933716,70266
16.170119285583496,70266
16.17142343521118,70266
16.172303915023804,70266
16.17318820953369,70266
16.17406988143921,70266
16.175374746322632,70266
16.176267623901367,70266
16.177151441574097,70266
16.1780366897583,70266
16.17933988571167,70266
16.180221557617188,70266
16.18110156059265,70266
16.182408571243286,70266
16.183290243148804,70266
16.18417263031006,70266
16.18505358695984,70266
16.186368465423584,70266
16.187249898910522,70266
16.188130378723145,70266
16.189015865325928,70266
16.19032335281372,70266
16.191205263137817,70266
16.19208812713623,70266
16.1933913230896,70266
16.194273948669434,70266
16.195157051086426,70266
16.196051359176636,70266
16.197356462478638,70266
16.198241710662842,70266
16.1991229057312,70266
16.20000672340393,70266
16.201311349868774,70266
16.20219373703003,70266
16.20307493209839,70266
16.204379081726074,70266
16.205261707305908,70266
16.20615792274475,70266
16.207038640975952,70266
16.208340167999268,70266
16.209221839904785,70266
16.210100889205933,70266
16.211405277252197,70266
16.21228837966919,70266
16.213170289993286,70266
16.214051961898804,70266
16.215357303619385,70266
16.216246128082275,70266
16.217129945755005,70266
16.21801233291626,70266
16.219316482543945,70266
16.220199584960938,70266
16.221081018447876,70266
16.222387552261353,70266
16.223270893096924,70266
16.224154472351074,70266
16.225037574768066,70266
16.226354122161865,70266
16.22723937034607,70266
16.228119373321533,70266
16.22900390625,70266
16.230310440063477,70266
16.231197118759155,70266
16.232081413269043,70266
16.233385801315308,70266
16.23426914215088,70266
16.235151290893555,70266
16.236046314239502,70266
16.23735284805298,70266
16.238234758377075,70266
16.239115238189697,70266
16.240420818328857,70266
16.241307020187378,70266
16.242188930511475,70266
16.243069410324097,70266
16.244373321533203,70266
16.2452552318573,70266
16.246148824691772,70266
16.24703049659729,70266
16.248336791992188,70266
16.249220371246338,70266
16.250099897384644,70266
16.25140357017517,70266
16.252288103103638,70266
16.25317072868347,70266
16.254052877426147,70266
16.255356311798096,70266
16.25624680519104,70266
16.257129430770874,70266
16.258012056350708,70266
16.25931668281555,70266
16.26019811630249,70266
16.2610821723938,70266
16.26238775253296,70266
16.263270616531372,70266
16.264151096343994,70266
16.265034198760986,70266
16.266348123550415,70266
16.267229318618774,70266
16.268106937408447,70266
16.269410371780396,70266
16.270294666290283,70266
16.271177768707275,70266
16.272061347961426,70266
16.273364305496216,70266
16.27424716949463,70266
16.275130033493042,70266
16.27602481842041,70266
16.277333974838257,70266
16.27821445465088,70266
16.27909564971924,70266
16.28040075302124,70266
16.28128671646118,70266
16.28217077255249,70266
16.28305459022522,70266
16.28435707092285,70266
16.28523588180542,70266
16.286128759384155,70266
16.2870135307312,70266
16.288320302963257,70266
16.28920269012451,70266
16.29008674621582,70266
16.29139018058777,70266
16.292271614074707,70266
16.29315733909607,70266
16.29403853416443,70266
16.29534101486206,70266
16.29623055458069,70266
16.297111749649048,70266
16.2984139919281,70266
16.299297094345093,70266
16.300180673599243,70266
16.301064014434814,70266
16.302366256713867,70266
16.30324959754944,70266
16.304133653640747,70266
16.305015563964844,70266
16.306331157684326,70266
16.30721139907837,70266
16.30809259414673,70266
16.309396743774414,70266
16.310279607772827,70266
16.311161994934082,70266
16.312068700790405,70266
16.31337571144104,70266
16.31425929069519,70266
16.3151433467865,70266
16.316039323806763,70266
16.31734347343445,70266
16.318226099014282,70266
16.319108724594116,70266
16.320411443710327,70266
16.321298837661743,70266
16.322181463241577,70266
16.323063611984253,70266
16.324369192123413,70266
16.32525086402893,70266
16.32614278793335,70266
16.327028036117554,70266
16.328333139419556,70266
16.329212427139282,70266
16.330094575881958,70266
16.331397533416748,70266
16.33228063583374,70266
16.33316159248352,70266
16.334046602249146,70266
16.335352182388306,70266
16.336243629455566,70266
16.337125301361084,70266
16.338011026382446,70266
16.339313745498657,70266
16.340195178985596,70266
16.341076850891113,70266
16.342378854751587,70266
16.343260526657104,70266
16.344168186187744,70266
16.345050811767578,70266
16.346367359161377,70266
16.347249031066895,70266
16.348130464553833,70266
16.34901213645935,70266
16.3503155708313,70266
16.351200103759766,70266
16.3520827293396,70266
16.353387355804443,70266
16.35426950454712,70266
16.35515594482422,70266
16.356048345565796,70266
16.35735011100769,70266
16.358229398727417,70266
16.359111070632935,70266
16.36041831970215,70266
16.3613018989563,70266
16.362186670303345,70266
16.363067626953125,70266
16.36437201499939,70266
16.36525297164917,70266
16.366145372390747,70266
16.367027521133423,70266
16.36833143234253,70266
16.36921238899231,70266
16.37009572982788,70266
16.371401071548462,70266
16.372285842895508,70266
16.37316656112671,70266
16.374051570892334,70266
16.37535548210144,70266
16.376246213912964,70266
16.377129316329956,70266
16.378013134002686,70266
16.37931799888611,70266
16.380200147628784,70266
16.38108205795288,70266
16.382388830184937,70266
16.38327121734619,70266
16.384153842926025,70266
16.385039806365967,70266
16.38635563850403,70266
16.38723921775818,70266
16.388121604919434,70266
16.389006853103638,70266
16.390312433242798,70266
16.391197443008423,70266
16.39207911491394,70266
16.393383264541626,70266
16.39426612854004,70266
16.395148515701294,70266
16.396042346954346,70266
16.39734697341919,70266
16.39822816848755,70266
16.399110078811646,70266
16.400415897369385,70266
16.401299953460693,70266
16.40218234062195,70266
16.403064250946045,70266
16.404369831085205,70266
16.405250549316406,70266
16.406147718429565,70266
16.4070303440094,70266
16.408334970474243,70266
16.409218549728394,70266
16.410101890563965,70266
16.41140580177307,70266
16.412287950515747,70266
16.41317129135132,70266
16.414059162139893,70266
16.415361166000366,70266
16.416250705718994,70266
16.417131662368774,70266
16.41801881790161,70266
16.419325828552246,70266
16.420209169387817,70266
16.421090364456177,70266
16.422394037246704,70266
16.423279523849487,70266
16.424164056777954,70266
16.42504572868347,70266
16.426363229751587,70266
16.427244186401367,70266
16.42812728881836,70266
16.4290132522583,70266
16.43031883239746,70266
16.431202173233032,70266
16.432085752487183,70266
16.433393239974976,70266
16.434273719787598,70266
16.435157299041748,70266
16.436052560806274,70266
16.43735909461975,70266
16.43824338912964,70266
16.439127922058105,70266
16.44001340866089,70266
16.44132089614868,70266
16.44220232963562,70266
16.44308590888977,70266
16.444392681121826,70266
16.445276737213135,70266
16.446171522140503,70266
16.44705629348755,70266
16.448360919952393,70266
16.44924306869507,70266
16.450130224227905,70266
16.451016902923584,70266
16.452320098876953,70266
16.45320463180542,70266
16.454086542129517,70266
16.45539164543152,70266
16.456286668777466,70266
16.457169771194458,70266
16.45805311203003,70266
16.459362030029297,70266
16.46025061607361,70266
16.46113610267639,70266
16.462021350860596,70266
16.463327884674072,70266
16.46421241760254,70266
16.465094089508057,70266
16.466413259506226,70266
16.46729874610901,70266
16.468182802200317,70266
16.46906304359436,70266
16.470369577407837,70266
16.471254110336304,70266
16.472137689590454,70266
16.47302222251892,70266
16.474328756332397,70266
16.475210905075073,70266
16.476105451583862,70266
16.47740936279297,70266
16.478293895721436,70266
16.479178190231323,70266
16.48006272315979,70266
16.481371641159058,70266
16.482253789901733,70266
16.48313879966736,70266
16.484022617340088,70266
16.4853298664093,70266
16.48622226715088,70266
16.487103700637817,70266
16.488407135009766,70266
16.489293098449707,70266
16.490177869796753,70266
16.491059064865112,70266
16.492366313934326,70266
16.49324941635132,70266
16.494132041931152,70266
16.495015382766724,70266
16.49633288383484,70266
16.49721598625183,70266
16.498098373413086,70266
16.499407529830933,70266
16.500290870666504,70266
16.50117564201355,70266
16.502058506011963,70266
16.503368616104126,70266
16.50425100326538,70266
16.505133628845215,70266
16.506028652191162,70266
16.50733518600464,70266
16.508217334747314,70266
16.509100675582886,70266
16.510406255722046,70266
16.511292934417725,70266
16.51217746734619,70266
16.513060808181763,70266
16.51436758041382,70266
16.515254259109497,70266
16.516149044036865,70266
16.517033576965332,70266
16.518339157104492,70266
16.51922082901001,70266
16.520103693008423,70266
16.521409511566162,70266
16.522292375564575,70266
16.523173809051514,70266
16.524055242538452,70266
16.525358200073242,70266
16.5262508392334,70266
16.527135610580444,70266
16.528021812438965,70266
16.529326915740967,70266
16.53021001815796,70266
16.53109359741211,70266
16.5323965549469,70266
16.533279180526733,70266
16.53416085243225,70266
16.53504252433777,70266
16.53635334968567,70266
16.53723406791687,70266
16.53811502456665,70266
16.539418697357178,70266
16.540303945541382,70266
16.541187286376953,70266
16.542068481445312,70266
16.543376445770264,70266
16.544284343719482,70266
16.545169591903687,70266
16.54606580734253,70266
16.547374486923218,70266
16.548258543014526,70266
16.54914093017578,70266
16.550023794174194,70266
16.551326513290405,70266
16.552210807800293,70266
16.553094148635864,70266
16.55439853668213,70266
16.555283308029175,70266
16.55617880821228,70266
16.557060480117798,70266
16.55836844444275,70266
16.55925154685974,70266
16.56013512611389,70266
16.561023950576782,70266
16.562329053878784,70266
16.56320858001709,70266
16.564087629318237,70266
16.565392017364502,70266
16.56628727912903,70266
16.5671706199646,70266
16.568053007125854,70266
16.56935691833496,70266
16.570238828659058,70266
16.571122407913208,70266
16.572007417678833,70266
16.57330894470215,70266
16.574190139770508,70266
16.575074911117554,70266
16.576668739318848,70266
16.577401876449585,70266
16.57829713821411,70266
16.57920217514038,70266
16.580105543136597,70266
16.5814151763916,70266
16.58230209350586,70266
16.583213567733765,70266
16.58409857749939,70266
16.585408687591553,70266
16.586318969726562,70266
16.587218284606934,70266
16.588104248046875,70266
16.589412212371826,70266
16.590299129486084,70266
16.59118366241455,70266
16.59206533432007,70266
16.593372106552124,70266
16.59425401687622,70266
16.595136404037476,70266
16.596030712127686,70266
16.597337245941162,70266
16.598220109939575,70266
16.599105834960938,70266
16.600412607192993,70266
16.601298809051514,70266
16.602184057235718,70266
16.603069067001343,70266
16.604374647140503,70266
16.605257987976074,70266
16.60615587234497,70266
16.60703945159912,70266
16.60834527015686,70266
16.60922646522522,70266
16.61011052131653,70266
16.611418962478638,70266
16.612306356430054,70266
16.6131911277771,70266
16.614078760147095,70266
16.615384817123413,70266
16.61627745628357,70266
16.61716103553772,70266
16.618046522140503,70266
16.619359970092773,70266
16.620245218276978,70266
16.621128797531128,70266
16.622014045715332,70266
16.62331986427307,70266
16.624205589294434,70266
16.625089406967163,70266
16.6264066696167,70266
16.627293348312378,70266
16.628178596496582,70266
16.629061937332153,70266
16.63036847114563,70266
16.63125205039978,70266
16.63213849067688,70266
16.6330246925354,70266
16.634329795837402,70266
16.63521099090576,70266
16.636103868484497,70266
16.637410879135132,70266
16.638296127319336,70266
16.639182329177856,70266
16.640066146850586,70266
16.64137053489685,70266
16.64225196838379,70266
16.643131732940674,70266
16.644015312194824,70266
16.64532208442688,70266
16.646214962005615,70266
16.64709496498108,70266
16.64840030670166,70266
16.649284839630127,70266
16.650169610977173,70266
16.651051998138428,70266
16.652354955673218,70266
16.653238773345947,70266
16.654122352600098,70266
16.655004739761353,70266
16.656322717666626,70266
16.657206535339355,70266
16.65809178352356,70266
16.6593976020813,70266
16.660281658172607,70266
16.66116714477539,70266
16.66205334663391,70266
16.663359880447388,70266
16.6642427444458,70266
16.665128469467163,70266
16.66602373123169,70266
16.66733193397522,70266
16.66821575164795,70266
16.669097661972046,70266
16.67040467262268,70266
16.671289682388306,70266
16.67217445373535,70266
16.673056602478027,70266
16.674365997314453,70266
16.67525053024292,70266
16.676144123077393,70266
16.677027940750122,70266
16.678333282470703,70266
16.679218292236328,70266
16.68010187149048,70266
16.68140721321106,70266
16.682292461395264,70266
16.68317675590515,70266
16.68405771255493,70266
16.68536615371704,70266
16.68625807762146,70266
16.68714141845703,70266
16.68802571296692,70266
16.689330101013184,70266
16.69020962715149,70266
16.69109082221985,70266
16.692394495010376,70266
16.693277597427368,70266
16.69415783882141,70266
16.69504189491272,70266
16.696354389190674,70266
16.69723606109619,70266
16.698121547698975,70266
16.699007987976074,70266
16.70031428337097,70266
16.70119619369507,70266
16.702078580856323,70266
16.70338463783264,70266
16.70426607131958,70266
16.705146551132202,70266
16.70604109764099,70266
16.707347869873047,70266
16.708230018615723,70266
16.709110736846924,70266
16.710415601730347,70266
16.711301803588867,70266
16.712183952331543,70266
16.71306824684143,70266
16.714372396469116,70266
16.715255975723267,70266
16.71615171432495,70266
16.71703553199768,70266
16.718342542648315,70266
16.71922469139099,70266
16.720103979110718,70266
16.72140884399414,70266
16.722293853759766,70266
16.723177909851074,70266
16.72405982017517,70266
16.725362062454224,70266
16.726251125335693,70266
16.72713589668274,70266
16.728021383285522,70266
16.729326486587524,70266
16.730207443237305,70266
16.731089115142822,70266
16.732393980026245,70266
16.733278512954712,70266
16.734164714813232,70266
16.73504900932312,70266
16.736364364624023,70266
16.73724365234375,70266
16.738129377365112,70266
16.739013195037842,70266
16.74032163619995,70266
16.741203546524048,70266
16.7420871257782,70266
16.74339270591736,70266
16.744297742843628,70266
16.7451810836792,70266
16.74606990814209,70266
16.747377395629883,70266
16.748261213302612,70266
16.749146699905396,70266
16.750032901763916,70266
16.75133728981018,70266
16.75222086906433,70266
16.753103733062744,70266
16.754409313201904,70266
16.755297422409058,70266
16.7561936378479,70266
16.75707721710205,70266
16.758380651474,70266
16.75926661491394,70266
16.760151863098145,70266
16.761035203933716,70266
16.762341499328613,70266
16.76322317123413,70266
16.764103889465332,70266
16.76540994644165,70266
16.766306161880493,70266
16.76719355583191,70266
16.768078327178955,70266
16.7693874835968,70266
16.77027130126953,70266
16.771156072616577,70266
16.772043228149414,70266
16.77334976196289,70266
16.77423405647278,70266
16.775116205215454,70266
16.776010990142822,70266
16.77732014656067,70266
16.778202056884766,70266
16.779085159301758,70266
16.78039574623108,70266
16.781279802322388,70266
16.78216814994812,70266
16.783053398132324,70266
16.784358024597168,70266
16.785240411758423,70266
16.786133289337158,70266
16.787019968032837,70266
16.788325786590576,70266
16.78920817375183,70266
16.790090799331665,70266
16.791397094726562,70266
16.792283058166504,70266
16.79316544532776,70266
16.794047832489014,70266
16.79535412788391,70266
16.796244859695435,70266
16.797129154205322,70266
16.798014163970947,70266
16.799320697784424,70266
16.8002028465271,70266
16.80108880996704,70266
16.80239748954773,70266
16.80328106880188,70266
16.804163217544556,70266
16.805046319961548,70266
16.806366205215454,70266
16.807250261306763,70266
16.80813241004944,70266
16.80901837348938,70266
16.810322523117065,70266
16.811205863952637,70266
16.812089681625366,70266
16.81339430809021,70266
16.814278602600098,70266
16.815163373947144,70266
16.81605863571167,70266
16.817368984222412,70266
16.818251848220825,70266
16.81913471221924,70266
16.820019960403442,70266
16.82132840156555,70266
16.822210550308228,70266
16.82309126853943,70266
16.82439637184143,70266
16.825279235839844,70266
16.82617497444153,70266
16.8270583152771,70266
16.828365325927734,70266
16.82925009727478,70266
16.83013129234314,70266
16.831016063690186,70266
16.832324981689453,70266
16.83320927619934,70266
16.834092378616333,70266
16.835399627685547,70266
16.836296319961548,70266
16.83718180656433,70266
16.83806562423706,70266
16.839374542236328,70266
16.84025812149048,70266
16.841144561767578,70266
16.842028379440308,70266
16.843336582183838,70266
16.844218254089355,70266
16.84510326385498,70266
16.846418619155884,70266
16.847302675247192,70266
16.84818696975708,70266
16.849069356918335,70266
16.850375175476074,70266
16.85125732421875,70266
16.852140426635742,70266
16.853026151657104,70266
16.854328155517578,70266
16.855212926864624,70266
16.856104850769043,70266
16.85741376876831,70266
16.858300924301147,70266
16.85918164253235,70266
16.86006259918213,70266
16.861369848251343,70266
16.86225199699402,70266
16.863133668899536,70266
16.864019870758057,70266
16.865325450897217,70266
16.866217374801636,70266
16.867098808288574,70266
16.868409395217896,70266
16.869295597076416,70266
16.870180368423462,70266
16.871063232421875,70266
16.87236976623535,70266
16.873253345489502,70266
16.87413740158081,70266
16.875022172927856,70266
16.876341342926025,70266
16.877223014831543,70266
16.878105640411377,70266
16.879411935806274,70266
16.880293607711792,70266
16.88117527961731,70266
16.882057666778564,70266
16.88336491584778,70266
16.88424777984619,70266
16.885131120681763,70266
16.88602900505066,70266
16.887337923049927,70266
16.888219356536865,70266
16.889100074768066,70266
16.89040756225586,70266
16.89129328727722,70266
16.892180681228638,70266
16.893062591552734,70266
16.894368410110474,70266
16.89525079727173,70266
16.896146297454834,70266
16.897030115127563,70266
16.898336172103882,70266
16.89922046661377,70266
16.900102138519287,70266
16.90141272544861,70266
16.90229868888855,70266
16.903183698654175,70266
16.904067039489746,70266
16.905375242233276,70266
16.90626811981201,70266
16.907151699066162,70266
16.908039331436157,70266
16.909348964691162,70266
16.91023302078247,70266
16.911117553710938,70266
16.9120032787323,70266
16.913312435150146,70266
16.914196968078613,70266
16.915083408355713,70266
16.916402339935303,70266
16.917288541793823,70266
16.918174266815186,70266
16.91905927658081,70266
16.920365571975708,70266
16.921249389648438,70266
16.922131538391113,70266
16.923017024993896,70266
16.924323797225952,70266
16.92520546913147,70266
16.926098108291626,70266
16.927403688430786,70266
16.92828941345215,70266
16.929173946380615,70266
16.9300594329834,70266
16.931365728378296,70266
16.9322509765625,70266
16.933136701583862,70266
16.934021472930908,70266
16.93533420562744,70266
16.93622660636902,70266
16.937111854553223,70266
16.93842101097107,70266
16.939307689666748,70266
16.940195083618164,70266
16.941077947616577,70266
16.942384958267212,70266
16.94326949119568,70266
16.944180488586426,70266
16.94506573677063,70266
16.94638442993164,70266
16.94727087020874,70266
16.94815754890442,70266
16.949042797088623,70266
16.950349807739258,70266
16.95123291015625,70266
16.9521164894104,70266
16.953003406524658,70266
16.954312324523926,70266
16.95519733428955,70266
16.956089735031128,70266
16.957393646240234,70266
16.958276748657227,70266
16.95916199684143,70266
16.960047721862793,70266
16.961354970932007,70266
16.96224045753479,70266
16.963123321533203,70266
16.96401071548462,70266
16.965317010879517,70266
16.966213941574097,70266
16.967095613479614,70266
16.96840524673462,70266
16.969289779663086,70266
16.970173597335815,70266
16.971056699752808,70266
16.972365617752075,70266
16.973252773284912,70266
16.974135637283325,70266
16.97502064704895,70266
16.97633647918701,70266
16.97722053527832,70266
16.97810387611389,70266
16.979411125183105,70266
16.980295181274414,70266
16.9811794757843,70266
16.982065200805664,70266
16.983373641967773,70266
16.984259843826294,70266
16.98514485359192,70266
16.986042976379395,70266
16.987349033355713,70266
16.988232374191284,70266
16.989115238189697,70266
16.99042558670044,70266
16.99131178855896,70266
16.992196559906006,70266
16.993083238601685,70266
16.99439263343811,70266
16.99527668952942,70266
16.996171951293945,70266
16.997055530548096,70266
16.998364210128784,70266
16.999247550964355,70266
17.000131130218506,70266
17.00101590156555,70266
17.002320528030396,70266
17.00320315361023,70266
17.00408697128296,70266
17.005393266677856,70266
17.006288766860962,70266
17.007174491882324,70266
17.00805902481079,70266
17.00936770439148,70266
17.010251760482788,70266
17.01113724708557,70266
17.012022733688354,70266
17.01333236694336,70266
17.014217138290405,70266
17.015100717544556,70266
17.016417026519775,70266
17.01730227470398,70266
17.01818323135376,70266
17.01906728744507,70266
17.02037477493286,70266
17.021259784698486,70266
17.022144556045532,70266
17.02302861213684,70266
17.024336099624634,70266
17.02522110939026,70266
17.026113271713257,70266
17.02742075920105,70266
17.028313159942627,70266
17.029200315475464,70266
17.03008460998535,70266
17.03139066696167,70266
17.032275438308716,70266
17.033154726028442,70266
17.034038066864014,70266
17.035341501235962,70266
17.03623127937317,70266
17.037115335464478,70266
17.0384202003479,70266
17.039307594299316,70266
17.040190935134888,70266
17.041077852249146,70266
17.042386054992676,70266
17.04326844215393,70266
17.044150590896606,70266
17.0450336933136,70266
17.046353101730347,70266
17.047236680984497,70266
17.048120260238647,70266
17.04900622367859,70266
17.05031132698059,70266
17.051194667816162,70266
17.052078247070312,70266
17.053383350372314,70266
17.054266452789307,70266
17.055149793624878,70266
17.056044340133667,70266
17.057348489761353,70266
17.058232307434082,70266
17.059112071990967,70266
17.060415744781494,70266
17.061300039291382,70266
17.062185049057007,70266
17.063065767288208,70266
17.064369678497314,70266
17.065252780914307,70266
17.066145420074463,70266
17.067030906677246,70266
17.06833529472351,70266
17.069218397140503,70266
17.07010054588318,70266
17.07141137123108,70266
17.07229518890381,70266
17.073176622390747,70266
17.07405710220337,70266
17.075363636016846,70266
17.07625651359558,70266
17.07714033126831,70266
17.078027486801147,70266
17.07933020591736,70266
17.080211639404297,70266
17.08109474182129,70266
17.082401037216187,70266
17.08328628540039,70266
17.08417010307312,70266
17.085050106048584,70266
17.086368083953857,70266
17.08725142478943,70266
17.08813190460205,70266
17.089014530181885,70266
17.0903217792511,70266
17.091203689575195,70266
17.092089414596558,70266
17.0933997631073,70266
17.094285488128662,70266
17.095168113708496,70266
17.096057653427124,70266
17.097362995147705,70266
17.09824562072754,70266
17.099128484725952,70266
17.10001301765442,70266
17.101317882537842,70266
17.102204084396362,70266
17.10308837890625,70266
17.104398250579834,70266
17.105283498764038,70266
17.106178998947144,70266
17.107061624526978,70266
17.108368396759033,70266
17.109251260757446,70266
17.11013436317444,70266
17.111021280288696,70266
17.112325191497803,70266
17.113208770751953,70266
17.114092588424683,70266
17.115400075912476,70266
17.116294384002686,70266
17.117177724838257,70266
17.11806011199951,70266
17.11936640739441,70266
17.12024998664856,70266
17.121134281158447,70266
17.12201952934265,70266
17.12333083152771,70266
17.124210834503174,70266
17.125093698501587,70266
17.126410722732544,70266
17.127291440963745,70266
17.12817621231079,70266
17.129060983657837,70266
17.130368947982788,70266
17.131251096725464,70266
17.13213539123535,70266
17.133018255233765,70266
17.134323596954346,70266
17.135207414627075,70266
17.136099815368652,70266
17.137405395507812,70266
17.13829016685486,70266
17.139174699783325,70266
17.140057802200317,70266
17.14136290550232,70266
17.14224410057068,70266
17.143124103546143,70266
17.1440327167511,70266
17.145342111587524,70266
17.146241903305054,70266
17.147127628326416,70266
17.148011445999146,70266
17.14934468269348,70266
17.15022563934326,70266
17.15110421180725,70266
17.152406692504883,70266
17.15328884124756,70266
17.15416979789734,70266
17.15505290031433,70266
17.156370162963867,70266
17.15725326538086,70266
17.15813684463501,70266
17.159021615982056,70266
17.1603262424469,70266
17.16120743751526,70266
17.162089824676514,70266
17.16339898109436,70266
17.16428279876709,70266
17.165164470672607,70266
17.166059494018555,70266
17.16736364364624,70266
17.16824746131897,70266
17.1691312789917,70266
17.170019388198853,70266
17.1713228225708,70266
17.172206163406372,70266
17.17309021949768,70266
17.174395322799683,70266
17.17527985572815,70266
17.176175832748413,70266
17.17705988883972,70266
17.178362607955933,70266
17.179247617721558,70266
17.180129528045654,70266
17.18101453781128,70266
17.182324647903442,70266
17.183207511901855,70266
17.18408989906311,70266
17.185396909713745,70266
17.18628978729248,70266
17.18717360496521,70266
17.18805718421936,70266
17.189364671707153,70266
17.190248012542725,70266
17.191132307052612,70266
17.192014455795288,70266
17.1933171749115,70266
17.194199800491333,70266
17.195083141326904,70266
17.196401119232178,70266
17.197284698486328,70266
17.198168754577637,70266
17.199053287506104,70266
17.200360536575317,70266
17.20124125480652,70266
17.202121257781982,70266
17.203003406524658,70266
17.20430636405945,70266
17.205188512802124,70266
17.20607852935791,70266
17.20738196372986,70266
17.20826554298401,70266
17.209151029586792,70266
17.210033416748047,70266
17.211336135864258,70266
17.212215662002563,70266
17.21309733390808,70266
17.214402675628662,70266
17.215288162231445,70266
17.216182470321655,70266
17.217061758041382,70266
17.218365907669067,70266
17.219247817993164,70266
17.220129013061523,70266
17.221011877059937,70266
17.222316026687622,70266
17.22319793701172,70266
17.224079847335815,70266
17.22538423538208,70266
17.22627830505371,70266
17.22716212272644,70266
17.22804284095764,70266
17.229346990585327,70266
17.23022961616516,70266
17.231110334396362,70266
17.232415676116943,70266
17.23330020904541,70266
17.234184980392456,70266
17.235069513320923,70266
17.236382722854614,70266
17.237263679504395,70266
17.238147974014282,70266
17.239033937454224,70266
17.240338563919067,70266
17.241219997406006,70266
17.24210023880005,70266
17.243404626846313,70266
17.244287729263306,70266
17.24517011642456,70266
17.24606204032898,70266
17.247366189956665,70266
17.248249053955078,70266
17.24913239479065,70266
17.25001573562622,70266
17.25131916999817,70266
17.2522029876709,70266
17.253085374832153,70266
17.254390478134155,70266
17.25527262687683,70266
17.25616765022278,70266
17.257052421569824,70266
17.258358001708984,70266
17.25924324989319,70266
17.260123014450073,70266
17.26100778579712,70266
17.262312173843384,70266
17.263197898864746,70266
17.264079809188843,70266
17.265385150909424,70266
17.26627492904663,70266
17.267159461975098,70266
17.26804494857788,70266
17.269349813461304,70266
17.270233869552612,70266
17.27111554145813,70266
17.2724187374115,70266
17.273304224014282,70266
17.27418828010559,70266
17.275070667266846,70266
17.2763888835907,70266
17.277270793914795,70266
17.278154134750366,70266
17.279037714004517,70266
17.28034234046936,70266
17.28122615814209,70266
17.28210687637329,70266
17.28341317176819,70266
17.2842960357666,70266
17.285178422927856,70266
17.286069631576538,70266
17.2873752117157,70266
17.288256883621216,70266
17.28913950920105,70266
17.29002618789673,70266
17.291335344314575,70266
17.29221749305725,70266
17.29309916496277,70266
17.294403314590454,70266
17.295286893844604,70266
17.296182870864868,70266
17.29706597328186,70266
17.29837155342102,70266
17.299254179000854,70266
17.300140619277954,70266
17.301026821136475,70266
17.302330017089844,70266
17.303210973739624,70266
17.3040931224823,70266
17.305396795272827,70266
17.30629062652588,70266
17.307173013687134,70266
17.30805492401123,70266
17.30936026573181,70266
17.31024169921875,70266
17.311121940612793,70266
17.312047243118286,70266
17.31335425376892,70266
17.31425404548645,70266
17.315142154693604,70266
17.316038846969604,70266
17.317345142364502,70266
17.318227291107178,70266
17.319108486175537,70266
17.32041621208191,70266
17.321301221847534,70266
17.32218360900879,70266
17.32306694984436,70266
17.324371576309204,70266
17.325252771377563,70266
17.326148748397827,70266
17.327033758163452,70266
17.328343629837036,70266
17.329227685928345,70266
17.3301100730896,70266
17.331417560577393,70266
17.332303285598755,70266
17.333187341690063,70266
17.334068536758423,70266
17.335376024246216,70266
17.336268424987793,70266
17.33715581893921,70266
17.33804202079773,70266
17.339345932006836,70266
17.340227603912354,70266
17.34110975265503,70266
17.34241557121277,70266
17.34329915046692,70266
17.34420895576477,70266
17.345094919204712,70266
17.346412658691406,70266
17.347297191619873,70266
17.34818458557129,70266
17.34906816482544,70266
17.35037612915039,70266
17.351256847381592,70266
17.352139234542847,70266
17.35302472114563,70266
17.354331254959106,70266
17.355216026306152,70266
17.35610604286194,70266
17.357414722442627,70266
17.358298540115356,70266
17.35918378829956,70266
17.360069274902344,70266
17.36137366294861,70266
17.36225700378418,70266
17.363140106201172,70266
17.3640239238739,70266
17.36532998085022,70266
17.366222143173218,70266
17.367105722427368,70266
17.368407487869263,70266
17.36929178237915,70266
17.3701753616333,70266
17.371056079864502,70266
17.372359037399292,70266
17.373242378234863,70266
17.374123334884644,70266
17.37500524520874,70266
17.37632179260254,70266
17.37720489501953,70266
17.37808632850647,70266
17.37939143180847,70266
17.380274534225464,70266
17.381160497665405,70266
17.382044076919556,70266
17.383350133895874,70266
17.38423228263855,70266
17.38511323928833,70266
17.386006593704224,70266
17.38731360435486,70266
17.38819670677185,70266
17.38908052444458,70266
17.390382051467896,70266
17.391266345977783,70266
17.392149209976196,70266
17.393030405044556,70266
17.394335746765137,70266
17.395217418670654,70266
17.396106243133545,70266
17.397411584854126,70266
17.398294687271118,70266
17.39917802810669,70266
17.40006136894226,70266
17.401366472244263,70266
17.402250289916992,70266
17.403133630752563,70266
17.40401840209961,70266
17.405324459075928,70266
17.406214475631714,70266
17.40709900856018,70266
17.408401250839233,70266
17.40928363800049,70266
17.410165548324585,70266
17.411048889160156,70266
17.41235327720642,70266
17.413236379623413,70266
17.414116859436035,70266
17.415424346923828,70266
17.416321277618408,70266
17.417203187942505,70266
17.418087005615234,70266
17.419392585754395,70266
17.420276165008545,70266
17.421159744262695,70266
17.422044277191162,70266
17.423348426818848,70266
17.424234628677368,70266
17.425117015838623,70266
17.426011562347412,70266
17.42731761932373,70266
17.428203582763672,70266
17.429088592529297,70266
17.430394411087036,70266
17.43127727508545,70266
17.432159185409546,70266
17.433045148849487,70266
17.434349060058594,70266
17.43523406982422,70266
17.436123609542847,70266
17.437007188796997,70266
17.438312292099,70266
17.439194679260254,70266
17.440077543258667,70266
17.441383361816406,70266
17.442267179489136,70266
17.443151712417603,70266
17.444037437438965,70266
17.445340394973755,70266
17.44623303413391,70266
17.447115659713745,70266
17.448421716690063,70266
17.449306964874268,70266
17.450191259384155,70266
17.451075315475464,70266
17.452380418777466,70266
17.453264236450195,70266
17.454148292541504,70266
17.455031871795654,70266
17.456343173980713,70266
17.45722532272339,70266
17.458106756210327,70266
17.45941472053528,70266
17.460298538208008,70266
17.46118140220642,70266
17.46205973625183,70266
17.463364839553833,70266
17.46424436569214,70266
17.465122938156128,70266
17.46601414680481,70266
17.4673171043396,70266
17.46819806098938,70266
17.469081163406372,70266
17.470382690429688,70266
17.471267223358154,70266
17.47215247154236,70266
17.473034858703613,70266
17.47434091567993,70266
17.475224018096924,70266
17.476116180419922,70266
17.477421283721924,70266
17.478305339813232,70266
17.479188442230225,70266
17.480069160461426,70266
17.481375217437744,70266
17.48225450515747,70266
17.4831383228302,70266
17.4840247631073,70266
17.48533058166504,70266
17.486222743988037,70266
17.487104415893555,70266
17.488410234451294,70266
17.48929500579834,70266
17.490180492401123,70266
17.49106478691101,70266
17.492368936538696,70266
17.4932541847229,70266
17.49413776397705,70266
17.495023012161255,70266
17.496339559555054,70266
17.49722123146057,70266
17.49810004234314,70266
17.499402046203613,70266
17.500285387039185,70266
17.50116467475891,70266
17.50204825401306,70266
17.503354787826538,70266
17.50423765182495,70266
17.505117893218994,70266
17.506011247634888,70266
17.507315397262573,70266
17.50819730758667,70266
17.509078979492188,70266
17.510383367538452,70266
17.51126503944397,70266
17.512147665023804,70266
17.513031244277954,70266
17.514335870742798,70266
17.51521944999695,70266
17.516107320785522,70266
17.517409324645996,70266
17.518294095993042,70266
17.519177198410034,70266
17.520057678222656,70266
17.521361112594604,70266
17.522242307662964,70266
17.523120641708374,70266
17.524004220962524,70266
17.525310277938843,70266
17.526204824447632,70266
17.527087926864624,70266
17.528390884399414,70266
17.529274702072144,70266
17.530157566070557,70266
17.531043767929077,70266
17.532346725463867,70266
17.53322958946228,70266
17.534111976623535,70266
17.53541922569275,70266
17.536312341690063,70266
17.53719687461853,70266
17.53807759284973,70266
17.53938388824463,70266
17.540263891220093,70266
17.54114532470703,70266
17.542028188705444,70266
17.54332971572876,70266
17.544235944747925,70266
17.54511833190918,70266
17.546014308929443,70266
17.547316074371338,70266
17.54819941520691,70266
17.549078941345215,70266
17.550385236740112,70266
17.551265716552734,70266
17.552147388458252,70266
17.553030490875244,70266
17.554336309432983,70266
17.5552179813385,70266
17.5561101436615,70266
17.557411670684814,70266
17.55829644203186,70266
17.559179067611694,70266
17.56006097793579,70266
17.561368465423584,70266
17.562249898910522,70266
17.563132286071777,70266
17.564015865325928,70266
17.565326690673828,70266
17.56632900238037,70266
17.567209482192993,70266
17.568091869354248,70266
17.569398403167725,70266
17.570284605026245,70266
17.571168184280396,70266
17.572051525115967,70266
17.57335591316223,70266
17.57423710823059,70266
17.575117826461792,70266
17.57603931427002,70266
17.577440977096558,70266
17.578317403793335,70266
17.579235553741455,70266
17.580139636993408,70266
17.58102774620056,70266
17.58233666419983,70266
17.583236932754517,70266
17.584141492843628,70266
17.58503031730652,70266
17.586346864700317,70266
17.587247371673584,70266
17.58813500404358,70266
17.589021921157837,70266
17.590328216552734,70266
17.59121322631836,70266
17.592097282409668,70266
17.593400716781616,70266
17.59428381919861,70266
17.595165491104126,70266
17.596059799194336,70266
17.597365856170654,70266
17.59824776649475,70266
17.599130868911743,70266
17.600016355514526,70266
17.601318359375,70266
17.602200269699097,70266
17.603081703186035,70266
17.604384183883667,70266
17.60526442527771,70266
17.60615873336792,70266
17.607041835784912,70266
17.608344078063965,70266
17.60922861099243,70266
17.610108852386475,70266
17.611412286758423,70266
17.61229395866394,70266
17.61317777633667,70266
17.614063262939453,70266
17.615365266799927,70266
17.61625599861145,70266
17.617137908935547,70266
17.618025541305542,70266
17.619331121444702,70266
17.62021255493164,70266
17.621094465255737,70266
17.62239933013916,70266
17.623284578323364,70266
17.624167680740356,70266
17.62505006790161,70266
17.626367568969727,70266
17.627254009246826,70266
17.62813901901245,70266
17.629022359848022,70266
17.63032341003418,70266
17.631206274032593,70266
17.632089138031006,70266
17.633395433425903,70266
17.634278535842896,70266
17.635160207748413,70266
17.63605523109436,70266
17.63736128807068,70266
17.63824224472046,70266
17.639124155044556,70266
17.640007495880127,70266
17.641311168670654,70266
17.642194747924805,70266
17.643077850341797,70266
17.644384145736694,70266
17.645264863967896,70266
17.646157264709473,70266
17.647042274475098,70266
17.648346185684204,70266
17.649229526519775,70266
17.650110960006714,70266
17.651414394378662,70266
17.652296781539917,70266
17.653178691864014,70266
17.654062032699585,70266
17.65536904335022,70266
17.6562602519989,70266
17.657144784927368,70266
17.65802788734436,70266
17.65933108329773,70266
17.66021180152893,70266
17.661092519760132,70266
17.662397861480713,70266
17.663283586502075,70266
17.664167165756226,70266
17.665047645568848,70266
17.66636371612549,70266
17.667246341705322,70266
17.66813015937805,70266
17.66901397705078,70266
17.67031955718994,70266
17.67120385169983,70266
17.672086238861084,70266
17.673391580581665,70266
17.674277782440186,70266
17.675163507461548,70266
17.676058053970337,70266
17.67736053466797,70266
17.678242206573486,70266
17.679124116897583,70266
17.680007219314575,70266
17.68131113052368,70266
17.68219304084778,70266
17.6830735206604,70266
17.68437957763672,70266
17.685261249542236,70266
17.686156034469604,70266
17.687039136886597,70266
17.68834400177002,70266
17.689228296279907,70266
17.69011378288269,70266
17.691421270370483,70266
17.692304849624634,70266
17.69319176673889,70266
17.694074630737305,70266
17.69537925720215,70266
17.69627094268799,70266
17.697155714035034,70266
17.698041200637817,70266
17.699344635009766,70266
17.700225591659546,70266
17.7011079788208,70266
17.70241403579712,70266
17.70330047607422,70266
17.70418381690979,70266
17.705065488815308,70266
17.706379175186157,70266
17.70726180076599,70266
17.708144426345825,70266
17.709027767181396,70266
17.71033263206482,70266
17.711212873458862,70266
17.712093830108643,70266
17.713396072387695,70266
17.714279413223267,70266
17.7151620388031,70266
17.716053009033203,70266
17.717357635498047,70266
17.718240976333618,70266
17.719123601913452,70266
17.72000813484192,70266
17.7213134765625,70266
17.722197771072388,70266
17.723080158233643,70266
17.724384784698486,70266
17.72526741027832,70266
17.726162672042847,70266
17.727046489715576,70266
17.728352785110474,70266
17.72923493385315,70266
17.73011803627014,70266
17.731424570083618,70266
17.73231077194214,70266
17.733196020126343,70266
17.73408007621765,70266
17.735382795333862,70266
17.736274003982544,70266
17.737157821655273,70266
17.73804235458374,70266
17.73934531211853,70266
17.74022650718689,70266
17.74111318588257,70266
17.742416858673096,70266
17.74329948425293,70266
17.74420714378357,70266
17.745088815689087,70266
17.74640727043152,70266
17.747289896011353,70266
17.748178005218506,70266
17.74906086921692,70266
17.75036644935608,70266
17.751251697540283,70266
17.752134799957275,70266
17.75301766395569,70266
17.75432562828064,70266
17.75520968437195,70266
17.756102561950684,70266
17.757404327392578,70266
17.75828981399536,70266
17.75917339324951,70266
17.760056972503662,70266
17.761361360549927,70266
17.76224184036255,70266
17.763127088546753,70266
17.764009952545166,70266
17.7653169631958,70266
17.766209602355957,70266
17.767093181610107,70266
17.768396854400635,70266
17.769283533096313,70266
17.770167112350464,70266
17.77104878425598,70266
17.772354125976562,70266
17.773233890533447,70266
17.774112701416016,70266
17.775419235229492,70266
17.776315450668335,70266
17.777199029922485,70266
17.778079986572266,70266
17.77938151359558,70266
17.780262231826782,70266
17.781144380569458,70266
17.782028436660767,70266
17.783331632614136,70266
17.78421139717102,70266
17.785093545913696,70266
17.786409378051758,70266
17.78729248046875,70266
17.788175106048584,70266
17.789057731628418,70266
17.790360927581787,70266
17.79124426841736,70266
17.792125940322876,70266
17.79300880432129,70266
17.79431438446045,70266
17.795198678970337,70266
17.79609203338623,70266
17.79739499092102,70266
17.798279762268066,70266
17.7991623878479,70266
17.80004620552063,70266
17.801351070404053,70266
17.802231311798096,70266
17.80311155319214,70266
17.804415225982666,70266
17.805299758911133,70266
17.806193590164185,70266
17.80707573890686,70266
17.80837845802307,70266
17.809261560440063,70266
17.810144186019897,70266
17.81102752685547,70266
17.812333822250366,70266
17.813214540481567,70266
17.814098119735718,70266
17.81540298461914,70266
17.816296577453613,70266
17.81717848777771,70266
17.818060636520386,70266
17.819364309310913,70266
17.820244789123535,70266
17.821128606796265,70266
17.822011470794678,70266
17.82331418991089,70266
17.824196815490723,70266
17.825078010559082,70266
17.8263943195343,70266
17.82727551460266,70266
17.828158378601074,70266
17.8290433883667,70266
17.83034658432007,70266
17.83122706413269,70266
17.832109689712524,70266
17.833415746688843,70266
17.834293842315674,70266
17.83517575263977,70266
17.836063623428345,70266
17.83736753463745,70266
17.83824896812439,70266
17.839132070541382,70266
17.840015411376953,70266
17.841318368911743,70266
17.84219765663147,70266
17.843079566955566,70266
17.844382762908936,70266
17.845261812210083,70266
17.84615135192871,70266
17.847033977508545,70266
17.84833812713623,70266
17.849220275878906,70266
17.85010290145874,70266
17.851407527923584,70266
17.852291345596313,70266
17.853174924850464,70266
17.85405993461609,70266
17.85536527633667,70266
17.856256008148193,70266
17.85714054107666,70266
17.858025312423706,70266
17.859330654144287,70266
17.860212564468384,70266
17.861095905303955,70266
17.862401008605957,70266
17.863285064697266,70266
17.864165782928467,70266
17.865047216415405,70266
17.866362810134888,70266
17.867248058319092,70266
17.868132829666138,70266
17.869015216827393,70266
17.870320558547974,70266
17.871203184127808,70266
17.872085571289062,70266
17.873391151428223,70266
17.874273538589478,70266
17.87515950202942,70266
17.87605381011963,70266
17.877362489700317,70266
17.878251314163208,70266
17.879135608673096,70266
17.88001823425293,70266
17.88132405281067,70266
17.882205486297607,70266
17.883090257644653,70266
17.88439679145813,70266
17.885281801223755,70266
17.886176109313965,70266
17.887061834335327,70266
17.8883695602417,70266
17.88925075531006,70266
17.89013433456421,70266
17.89102029800415,70266
17.89232587814331,70266
17.89320731163025,70266
17.894089698791504,70266
17.895397186279297,70266
17.89629101753235,70266
17.897175312042236,70266
17.89805841445923,70266
17.899364471435547,70266
17.90024495124817,70266
17.901130199432373,70266
17.902015686035156,70266
17.903324365615845,70266
17.904207944869995,70266
17.905089616775513,70266
17.906405687332153,70266
17.907289505004883,70266
17.908172130584717,70266
17.909053564071655,70266
17.910359144210815,70266
17.911239862442017,70266
17.912121772766113,70266
17.913005828857422,70266
17.914310455322266,70266
17.915193557739258,70266
17.91608428955078,70266
17.9173903465271,70266
17.918273448944092,70266
17.919156551361084,70266
17.920040130615234,70266
17.921345949172974,70266
17.922231912612915,70266
17.923116207122803,70266
17.924003839492798,70266
17.92531156539917,70266
17.926206588745117,70266
17.92708992958069,70266
17.92839789390564,70266
17.92928123474121,70266
17.930166244506836,70266
17.931051015853882,70266
17.932358264923096,70266
17.93324112892151,70266
17.934125185012817,70266
17.935009479522705,70266
17.936325550079346,70266
17.9372079372406,70266
17.938088417053223,70266
17.939396858215332,70266
17.940281867980957,70266
17.941166162490845,70266
17.942049503326416,70266
17.943354606628418,70266
17.944258451461792,70266
17.9451425075531,70266
17.946035623550415,70266
17.94734501838684,70266
17.94822645187378,70266
17.9491069316864,70266
17.950411081314087,70266
17.951294660568237,70266
17.952176094055176,70266
17.953059911727905,70266
17.95436382293701,70266
17.955244541168213,70266
17.956133604049683,70266
17.95701789855957,70266
17.95832324028015,70266
17.95920753479004,70266
17.960090160369873,70266
17.961395978927612,70266
17.96228003501892,70266
17.963165760040283,70266
17.964049100875854,70266
17.965352535247803,70266
17.966243267059326,70266
17.967124938964844,70266
17.968011617660522,70266
17.96931505203247,70266
17.970200777053833,70266
17.971083402633667,70266
17.972386837005615,70266
17.973270654678345,70266
17.97415542602539,70266
17.97503924369812,70266
17.976358652114868,70266
17.97723960876465,70266
17.978119611740112,70266
17.979421615600586,70266
17.980305910110474,70266
17.981189489364624,70266
17.982073307037354,70266
17.98337721824646,70266
17.98425817489624,70266
17.985140562057495,70266
17.986035108566284,70266
17.987340688705444,70266
17.988221645355225,70266
17.98910355567932,70266
17.99040651321411,70266
17.991291284561157,70266
17.992174863815308,70266
17.99305558204651,70266
17.994360208511353,70266
17.99524211883545,70266
17.99613118171692,70266
17.99701476097107,70266
17.998318910598755,70266
17.999199628829956,70266
18.00008225440979,70266
18.00138783454895,70266
18.002272844314575,70266
18.003156900405884,70266
18.00403904914856,70266
18.005342721939087,70266
18.00623607635498,70266
18.007118940353394,70266
18.00800347328186,70266
18.009308338165283,70266
18.010193347930908,70266
18.011077642440796,70266
18.012384176254272,70266
18.013265371322632,70266
18.014147520065308,70266
18.015031814575195,70266
18.016347646713257,70266
18.017232179641724,70266
18.018115043640137,70266
18.0194194316864,70266
18.02030301094055,70266
18.021186351776123,70266
18.022071599960327,70266
18.023375034332275,70266
18.02425742149353,70266
18.02514123916626,70266
18.02603316307068,70266
18.02733850479126,70266
18.028220653533936,70266
18.029104709625244,70266
18.03041100502014,70266
18.03129506111145,70266
18.03217911720276,70266
18.033061027526855,70266
18.034368991851807,70266
18.035250902175903,70266
18.036144733428955,70266
18.037029266357422,70266
18.038333415985107,70266
18.039215087890625,70266
18.040098428726196,70266
18.04140305519104,70266
18.042288780212402,70266
18.043171167373657,70266
18.04405450820923,70266
18.04536008834839,70266
18.046250820159912,70266
18.047133922576904,70266
18.04801630973816,70266
18.049322605133057,70266
18.050206184387207,70266
18.0510892868042,70266
18.05239462852478,70266
18.053277254104614,70266
18.05415916442871,70266
18.05504083633423,70266
18.056355953216553,70266
18.05724024772644,70266
18.058120489120483,70266
18.05942177772522,70266
18.060304880142212,70266
18.061183214187622,70266
18.062063455581665,70266
18.06337022781372,70266
18.064249277114868,70266
18.06513023376465,70266
18.066024780273438,70266
18.06733012199402,70266
18.0682110786438,70266
18.06909203529358,70266
18.07039785385132,70266
18.071283102035522,70266
18.072165727615356,70266
18.073047399520874,70266
18.074352979660034,70266
18.075234413146973,70266
18.076124906539917,70266
18.07700753211975,70266
18.078312397003174,70266
18.079190731048584,70266
18.080073356628418,70266
18.081377744674683,70266
18.082257986068726,70266
18.083137273788452,70266
18.08402132987976,70266
18.08532166481018,70266
18.086215257644653,70266
18.087096452713013,70266
18.088401556015015,70266
18.08928346633911,70266
18.090165376663208,70266
18.091047286987305,70266
18.092349529266357,70266
18.09323000907898,70266
18.09411358833313,70266
18.095417737960815,70266
18.09631061553955,70266
18.097196102142334,70266
18.098078966140747,70266
18.099382400512695,70266
18.100263595581055,70266
18.10114288330078,70266
18.102026224136353,70266
18.10332489013672,70266
18.104206562042236,70266
18.1050865650177,70266
18.106399536132812,70266
18.10728406906128,70266
18.10816526412964,70266
18.10904574394226,70266
18.11034917831421,70266
18.111231088638306,70266
18.11211585998535,70266
18.113420248031616,70266
18.114303588867188,70266
18.11518907546997,70266
18.116079330444336,70266
18.11738157272339,70266
18.11826181411743,70266
18.119144916534424,70266
18.1200270652771,70266
18.12133240699768,70266
18.122212648391724,70266
18.123095512390137,70266
18.124398708343506,70266
18.125282526016235,70266
18.12617778778076,70266
18.1270592212677,70266
18.128361463546753,70266
18.1292405128479,70266
18.13012194633484,70266
18.13100790977478,70266
18.132311820983887,70266
18.13319420814514,70266
18.13407278060913,70266
18.135378122329712,70266
18.13626718521118,70266
18.137150764465332,70266
18.138035535812378,70266
18.139338493347168,70266
18.14021921157837,70266
18.14110040664673,70266
18.14240598678589,70266
18.1432888507843,70266
18.144195556640625,70266
18.145078659057617,70266
18.14639377593994,70266
18.147276639938354,70266
18.148160219192505,70266
18.149059772491455,70266
18.150369882583618,70266
18.151251554489136,70266
18.152133226394653,70266
18.153014659881592,70266
18.154319047927856,70266
18.155200242996216,70266
18.15609049797058,70266
18.157395362854004,70266
18.15827703475952,70266
18.159159183502197,70266
18.1600399017334,70266
18.161343574523926,70266
18.162226676940918,70266
18.16310739517212,70266
18.16441297531128,70266
18.16529607772827,70266
18.16618824005127,70266
18.167070865631104,70266
18.16837239265442,70266
18.16925358772278,70266
18.1701340675354,70266
18.171013832092285,70266
18.17231559753418,70266
18.173197507858276,70266
18.174079418182373,70266
18.175384283065796,70266
18.17627716064453,70266
18.177160501480103,70266
18.178044319152832,70266
18.179346084594727,70266
18.180227756500244,70266
18.18110704421997,70266
18.182411432266235,70266
18.183295726776123,70266
18.184180974960327,70266
18.18506169319153,70266
18.186376333236694,70266
18.187257289886475,70266
18.18813991546631,70266
18.189022064208984,70266
18.190326690673828,70266
18.191208839416504,70266
18.19209098815918,70266
18.193395376205444,70266
18.19428038597107,70266
18.19516158103943,70266
18.196053504943848,70266
18.197357654571533,70266
18.198238611221313,70266
18.1991183757782,70266
18.200422763824463,70266
18.201306581497192,70266
18.202186584472656,70266
18.203071117401123,70266
18.204375743865967,70266
18.205259561538696,70266
18.20615553855896,70266
18.207039833068848,70266
18.20834469795227,70266
18.209226846694946,70266
18.21010708808899,70266
18.211414337158203,70266
18.212296724319458,70266
18.21318244934082,70266
18.214067459106445,70266
18.21537184715271,70266
18.216265201568604,70266
18.217147827148438,70266
18.218032836914062,70266
18.2193386554718,70266
18.220221996307373,70266
18.22110414505005,70266
18.222408533096313,70266
18.22329330444336,70266
18.224176168441772,70266
18.225058555603027,70266
18.22637152671814,70266
18.227253913879395,70266
18.22813606262207,70266
18.229020833969116,70266
18.2303249835968,70266
18.231207132339478,70266
18.232090711593628,70266
18.233395099639893,70266
18.234281301498413,70266
18.2351655960083,70266
18.23605966567993,70266
18.23736310005188,70266
18.238243579864502,70266
18.239124298095703,70266
18.24001145362854,70266
18.241316556930542,70266
18.24220037460327,70266
18.243083715438843,70266
18.244390964508057,70266
18.245272636413574,70266
18.246166229248047,70266
18.24707007408142,70266
18.2483811378479,70266
18.24926519393921,70266
18.250177145004272,70266
18.25106430053711,70266
18.252368688583374,70266
18.253255605697632,70266
18.25413966178894,70266
18.255025625228882,70266
18.256341457366943,70266
18.2572238445282,70266
18.258108139038086,70266
18.259413242340088,70266
18.260299682617188,70266
18.26118516921997,70266
18.262071132659912,70266
18.2633798122406,70266
18.264262199401855,70266
18.265145540237427,70266
18.266038417816162,70266
18.267343759536743,70266
18.268224954605103,70266
18.269108295440674,70266
18.27041006088257,70266
18.27129316329956,70266
18.272176265716553,70266
18.27305793762207,70266
18.27436113357544,70266
18.27524471282959,70266
18.27613139152527,70266
18.27701473236084,70266
18.278319835662842,70266
18.279201984405518,70266
18.28008484840393,70266
18.28139090538025,70266
18.282273292541504,70266
18.28315496444702,70266
18.28403902053833,70266
18.285346269607544,70266
18.286237955093384,70266
18.287118673324585,70266
18.28800344467163,70266
18.289306640625,70266
18.29019021987915,70266
18.29107427597046,70266
18.29237675666809,70266
18.293256759643555,70266
18.29413866996765,70266
18.295023202896118,70266
18.2963387966156,70266
18.297221422195435,70266
18.298103094100952,70266
18.29940676689148,70266
18.300288200378418,70266
18.301169395446777,70266
18.302047967910767,70266
18.303351640701294,70266
18.30423378944397,70266
18.305115222930908,70266
18.30601143836975,70266
18.30731725692749,70266
18.308199644088745,70266
18.30908226966858,70266
18.31038761138916,70266
18.31126832962036,70266
18.312172889709473,70266
18.31305503845215,70266
18.314355850219727,70266
18.31523609161377,70266
18.31612515449524,70266
18.317008018493652,70266
18.31831121444702,70266
18.319194793701172,70266
18.32007646560669,70266
18.321380138397217,70266
18.32226252555847,70266
18.323145389556885,70266
18.324026346206665,70266
18.32532835006714,70266
18.326217651367188,70266
18.3271005153656,70266
18.328401803970337,70266
18.329286575317383,70266
18.330173015594482,70266
18.33105969429016,70266
18.33236074447632,70266
18.333242177963257,70266
18.334121465682983,70266
18.335004568099976,70266
18.336318254470825,70266
18.33720064163208,70266
18.338083267211914,70266
18.33938717842102,70266
18.340267181396484,70266
18.341150283813477,70266
18.342034578323364,70266
18.343343257904053,70266
18.344247102737427,70266
18.345130920410156,70266
18.34602665901184,70266
18.347331285476685,70266
18.34821319580078,70266
18.34909439086914,70266
18.350399494171143,70266
18.35128402709961,70266
18.35217046737671,70266
18.353052854537964,70266
18.354356050491333,70266
18.35523772239685,70266
18.35612940788269,70266
18.357014179229736,70266
18.358317613601685,70266
18.359201431274414,70266
18.360085487365723,70266
18.361390352249146,70266
18.362271070480347,70266
18.3631534576416,70266
18.36403727531433,70266
18.365342617034912,70266
18.36623740196228,70266
18.367117166519165,70266
18.36842179298401,70266
18.369309425354004,70266
18.370193004608154,70266
18.371074438095093,70266
18.372379302978516,70266
18.373260021209717,70266
18.374144315719604,70266
18.37502884864807,70266
18.376348733901978,70266
18.377230405807495,70266
18.378109455108643,70266
18.37941312789917,70266
18.380297660827637,70266
18.381181716918945,70266
18.38206434249878,70266
18.383371829986572,70266
18.384254455566406,70266
18.385136365890503,70266
18.38603162765503,70266
18.387338161468506,70266
18.388219594955444,70266
18.389100074768066,70266
18.390405893325806,70266
18.391290426254272,70266
18.392172813415527,70266
18.39305567741394,70266
18.394362688064575,70266
18.395243883132935,70266
18.396137475967407,70266
18.39702081680298,70266
18.398325204849243,70266
18.399205684661865,70266
18.400090217590332,70266
18.401392221450806,70266
18.402272939682007,70266
18.403157234191895,70266
18.404041290283203,70266
18.405346155166626,70266
18.406235456466675,70266
18.40711784362793,70266
18.40842366218567,70266
18.409307718276978,70266
18.410191774368286,70266
18.411073207855225,70266
18.41237759590149,70266
18.413263082504272,70266
18.414145946502686,70266
18.415027618408203,70266
18.416343450546265,70266
18.41722536087036,70266
18.418108224868774,70266
18.419413566589355,70266
18.42029619216919,70266
18.421178579330444,70266
18.422060251235962,70266
18.42336869239807,70266
18.42425036430359,70266
18.425129890441895,70266
18.426024913787842,70266
18.427330255508423,70266
18.428210020065308,70266
18.429091453552246,70266
18.43039298057556,70266
18.43127679824829,70266
18.432158708572388,70266
18.433041095733643,70266
18.434345960617065,70266
18.435227632522583,70266
18.436116456985474,70266
18.437422037124634,70266
18.43830704689026,70266
18.439188241958618,70266
18.44006872177124,70266
18.44137406349182,70266
18.442254781723022,70266
18.443137168884277,70266
18.44402003288269,70266
18.445324420928955,70266
18.446215867996216,70266
18.4470956325531,70266
18.448402166366577,70266
18.44928526878357,70266
18.450167894363403,70266
18.451048851013184,70266
18.4523503780365,70266
18.453232526779175,70266
18.4541118144989,70266
18.455417156219482,70266
18.45631241798401,70266
18.457193851470947,70266
18.45807671546936,70266
18.459381580352783,70266
18.460264444351196,70266
18.46114706993103,70266
18.46203088760376,70266
18.46333336830139,70266
18.464214086532593,70266
18.4650936126709,70266
18.46640944480896,70266
18.46729588508606,70266
18.46817660331726,70266
18.469057321548462,70266
18.47036051750183,70266
18.471242904663086,70266
18.472127199172974,70266
18.473009824752808,70266
18.474313259124756,70266
18.47519612312317,70266
18.476090669631958,70266
18.4773952960968,70266
18.4782772064209,70266
18.479158639907837,70266
18.480041980743408,70266
18.481345653533936,70266
18.48222780227661,70266
18.483105659484863,70266
18.484408378601074,70266
18.485291004180908,70266
18.48618245124817,70266
18.487064123153687,70266
18.488369941711426,70266
18.48925256729126,70266
18.490134954452515,70266
18.491019248962402,70266
18.492321491241455,70266
18.493202924728394,70266
18.494086503982544,70266
18.495391368865967,70266
18.49628448486328,70266
18.49716877937317,70266
18.498050212860107,70266
18.49935483932495,70266
18.500237226486206,70266
18.501116037368774,70266
18.50242304801941,70266
18.503308534622192,70266
18.504191398620605,70266
18.505072593688965,70266
18.506392240524292,70266
18.507278203964233,70266
18.50816297531128,70266
18.509047985076904,70266
18.51035237312317,70266
18.51123332977295,70266
18.51211714744568,70266
18.51341962814331,70266
18.514304399490356,70266
18.515187978744507,70266
18.516080856323242,70266
18.517385482788086,70266
18.51826810836792,70266
18.519155263900757,70266
18.52003836631775,70266
18.52134418487549,70266
18.52222967147827,70266
18.523109674453735,70266
18.524415493011475,70266
18.525299072265625,70266
18.526193141937256,70266
18.52707600593567,70266
18.52838134765625,70266
18.529265642166138,70266
18.530149221420288,70266
18.53103470802307,70266
18.53234100341797,70266
18.5332248210907,70266
18.534108877182007,70266
18.535414934158325,70266
18.53630805015564,70266
18.53719162940979,70266
18.538074731826782,70266
18.53938388824463,70266
18.5402672290802,70266
18.54115080833435,70266
18.542033672332764,70266
18.543341398239136,70266
18.54424786567688,70266
18.545133113861084,70266
18.54603099822998,70266
18.54733633995056,70266
18.548221111297607,70266
18.549102783203125,70266
18.550410747528076,70266
18.55129361152649,70266
18.552175998687744,70266
18.553059577941895,70266
18.55436658859253,70266
18.555251836776733,70266
18.556146383285522,70266
18.557029724121094,70266
18.558335065841675,70266
18.559217929840088,70266
18.560100317001343,70266
18.56140422821045,70266
18.56228542327881,70266
18.563168048858643,70266
18.564053773880005,70266
18.56536316871643,70266
18.566255807876587,70266
18.56714177131653,70266
18.568025827407837,70266
18.56933307647705,70266
18.570218324661255,70266
18.571099519729614,70266
18.572404623031616,70266
18.573290586471558,70266
18.57417368888855,70266
18.575055837631226,70266
18.57639765739441,70266
18.57728338241577,70266
18.578166246414185,70266
18.579562425613403,70266
18.58003258705139,70266
18.581361770629883,70266
18.58226227760315,70266
18.58314800262451,70266
18.58403491973877,70266
18.585357427597046,70266
18.586272716522217,70266
18.587158203125,70266
18.588045120239258,70266
18.589368104934692,70266
18.590268850326538,70266
18.59115743637085,70266
18.59204363822937,70266
18.59335470199585,70266
18.594239234924316,70266
18.59512233734131,70266
18.596020221710205,70266
18.59732699394226,70266
18.598209381103516,70266
18.59909415245056,70266
18.600402355194092,70266
18.601285934448242,70266
18.60217022895813,70266
18.603051900863647,70266
18.60436248779297,70266
18.60524606704712,70266
18.606139659881592,70266
18.607024431228638,70266
18.608331441879272,70266
18.60921835899353,70266
18.610108375549316,70266
18.611416339874268,70266
18.61230158805847,70266
18.61318612098694,70266
18.61406970024109,70266
18.61537504196167,70266
18.616267681121826,70266
18.617151021957397,70266
18.618037700653076,70266
18.619346141815186,70266
18.62023162841797,70266
18.62111210823059,70266
18.62241792678833,70266
18.623302459716797,70266
18.62418556213379,70266
18.625068187713623,70266
18.626389741897583,70266
18.62727689743042,70266
18.628165006637573,70266
18.629050254821777,70266
18.630358934402466,70266
18.631243228912354,70266
18.632125854492188,70266
18.63301110267639,70266
18.63431715965271,70266
18.63520121574402,70266
18.636096477508545,70266
18.637404918670654,70266
18.63829779624939,70266
18.639188051223755,70266
18.64007306098938,70266
18.641379833221436,70266
18.64226222038269,70266
18.643145322799683,70266
18.644031286239624,70266
18.645339012145996,70266
18.646230220794678,70266
18.64711332321167,70266
18.648420095443726,70266
18.649307012557983,70266
18.650192260742188,70266
18.651074171066284,70266
18.65238046646118,70266
18.65326738357544,70266
18.654151439666748,70266
18.655036687850952,70266
18.65635347366333,70266
18.65723466873169,70266
18.65811824798584,70266
18.659425020217896,70266
18.66031050682068,70266
18.66119384765625,70266
18.662075757980347,70266
18.663379192352295,70266
18.66426157951355,70266
18.665143966674805,70266
18.666048049926758,70266
18.667354345321655,70266
18.668235540390015,70266
18.669119119644165,70266
18.67000436782837,70266
18.671311855316162,70266
18.672194957733154,70266
18.67307734489441,70266
18.674381256103516,70266
18.67526340484619,70266
18.676156759262085,70266
18.677037715911865,70266
18.678343057632446,70266
18.679230213165283,70266
18.680111169815063,70266
18.68141770362854,70266
18.682302713394165,70266
18.683185577392578,70266
18.68406844139099,70266
18.685377836227417,70266
18.68626880645752,70266
18.687157154083252,70266
18.68804168701172,70266
18.689347743988037,70266
18.690232276916504,70266
18.691114902496338,70266
18.692423105239868,70266
18.693307638168335,70266
18.694190979003906,70266
18.69507646560669,70266
18.696393728256226,70266
18.697278022766113,70266
18.698162078857422,70266
18.69904375076294,70266
18.700350046157837,70266
18.701232433319092,70266
18.702112436294556,70266
18.703420639038086,70266
18.704307079315186,70266
18.705191135406494,70266
18.7060809135437,70266
18.70738697052002,70266
18.708271026611328,70266
18.70915651321411,70266
18.710039138793945,70266
18.71134638786316,70266
18.712231636047363,70266
18.713114976882935,70266
18.71442151069641,70266
18.71530532836914,70266
18.71619987487793,70266
18.717085361480713,70266
18.718388557434082,70266
18.71927285194397,70266
18.720157384872437,70266
18.721042156219482,70266
18.72234845161438,70266
18.72322988510132,70266
18.724112033843994,70266
18.725417375564575,70266
18.726312160491943,70266
18.727195978164673,70266
18.728081464767456,70266
18.729386568069458,70266
18.730271339416504,70266
18.731158018112183,70266
18.732043266296387,70266
18.73334836959839,70266
18.73423433303833,70266
18.735116958618164,70266
18.73601770401001,70266
18.737324476242065,70266
18.73820948600769,70266
18.739094018936157,70266
18.74040389060974,70266
18.741289377212524,70266
18.74217462539673,70266
18.743056058883667,70266
18.744386196136475,70266
18.745272397994995,70266
18.746167182922363,70266
18.747052907943726,70266
18.748358011245728,70266
18.749240398406982,70266
18.75012183189392,70266
18.751004457473755,70266
18.752308130264282,70266
18.753193855285645,70266
18.754077434539795,70266
18.75538420677185,70266
18.756276607513428,70266
18.757163047790527,70266
18.758050203323364,70266
18.759356260299683,70266
18.760239362716675,70266
18.761120557785034,70266
18.762006282806396,70266
18.763314962387085,70266
18.76419973373413,70266
18.765087604522705,70266
18.766404628753662,70266
18.767290592193604,70266
18.768176794052124,70266
18.769059896469116,70266
18.77036452293396,70266
18.77124810218811,70266
18.772130012512207,70266
18.7730131149292,70266
18.77431845664978,70266
18.775203466415405,70266
18.776097297668457,70266
18.777403593063354,70266
18.77828812599182,70266
18.779170989990234,70266
18.78005313873291,70266
18.781357526779175,70266
18.78223967552185,70266
18.78312087059021,70266
18.784008026123047,70266
18.785315990447998,70266
18.786207914352417,70266
18.787090301513672,70266
18.78839659690857,70266
18.789283275604248,70266
18.790165662765503,70266
18.79104733467102,70266
18.79235315322876,70266
18.79323673248291,70266
18.79412078857422,70266
18.79500460624695,70266
18.796323537826538,70266
18.797208786010742,70266
18.798092365264893,70266
18.79939889907837,70266
18.80028486251831,70266
18.80116868019104,70266
18.802054405212402,70266
18.803359746932983,70266
18.804240703582764,70266
18.805124521255493,70266
18.806019067764282,70266
18.80732750892639,70266
18.80820894241333,70266
18.809092044830322,70266
18.8103985786438,70266
18.811282873153687,70266
18.812163591384888,70266
18.81304621696472,70266
18.814351797103882,70266
18.81523871421814,70266
18.816128730773926,70266
18.817010641098022,70266
18.818313598632812,70266
18.819194316864014,70266
18.82007646560669,70266
18.82138180732727,70266
18.822261333465576,70266
18.823144674301147,70266
18.824028730392456,70266
18.82533597946167,70266
18.826225757598877,70266
18.82710576057434,70266
18.828409433364868,70266
18.829291582107544,70266
18.830171823501587,70266
18.83105230331421,70266
18.832358598709106,70266
18.83324146270752,70266
18.83412265777588,70266
18.835006713867188,70266
18.836320400238037,70266
18.837202787399292,70266
18.838085651397705,70266
18.839391231536865,70266
18.840274810791016,70266
18.8411602973938,70266
18.84204363822937,70266
18.843349933624268,70266
18.84423327445984,70266
18.84511685371399,70266
18.84601068496704,70266
18.847315073013306,70266
18.84819722175598,70266
18.849080324172974,70266
18.85038471221924,70266
18.851265907287598,70266
18.852149486541748,70266
18.85303258895874,70266
18.854337215423584,70266
18.85522222518921,70266
18.856112718582153,70266
18.857418298721313,70266
18.858304738998413,70266
18.859190940856934,70266
18.860072135925293,70266
18.861373901367188,70266
18.86225390434265,70266
18.863136053085327,70266
18.864020347595215,70266
18.865326166152954,70266
18.866214990615845,70266
18.867093563079834,70266
18.868401288986206,70266
18.869285821914673,70266
18.870171308517456,70266
18.87105393409729,70266
18.87235713005066,70266
18.873239278793335,70266
18.874120712280273,70266
18.875004529953003,70266
18.876323461532593,70266
18.877207279205322,70266
18.87808918952942,70266
18.879395008087158,70266
18.880281686782837,70266
18.881165266036987,70266
18.882049798965454,70266
18.883355617523193,70266
18.884239196777344,70266
18.885119438171387,70266
18.88601803779602,70266
18.887325763702393,70266
18.888205528259277,70266
18.889087438583374,70266
18.89039182662964,70266
18.891276359558105,70266
18.89216136932373,70266
18.893044471740723,70266
18.894348859786987,70266
18.895240306854248,70266
18.89613127708435,70266
18.89701509475708,70266
18.898322105407715,70266
18.899204969406128,70266
18.900088787078857,70266
18.901397228240967,70266
18.902283191680908,70266
18.903169631958008,70266
18.904054164886475,70266
18.905362367630005,70266
18.906259059906006,70266
18.907146453857422,70266
18.90803098678589,70266
18.909336805343628,70266
18.9102201461792,70266
18.91110062599182,70266
18.91240692138672,70266
18.913290977478027,70266
18.9141743183136,70266
18.915056467056274,70266
18.91637396812439,70266
18.917253017425537,70266
18.918138027191162,70266
18.919023513793945,70266
18.92033076286316,70266
18.921212673187256,70266
18.922096014022827,70266
18.923400163650513,70266
18.924285650253296,70266
18.925169706344604,70266
18.926061868667603,70266
18.92737054824829,70266
18.9282546043396,70266
18.929140090942383,70266
18.930023431777954,70266
18.93132972717285,70266
18.932214736938477,70266
18.933095693588257,70266
18.934398889541626,70266
18.935285806655884,70266
18.936182737350464,70266
18.93706440925598,70266
18.93836760520935,70266
18.93925166130066,70266
18.940133810043335,70266
18.941016912460327,70266
18.942323684692383,70266
18.943208932876587,70266
18.94411540031433,70266
18.94501495361328,70266
18.94633460044861,70266
18.94722032546997,70266
18.948102712631226,70266
18.949406147003174,70266
18.9502911567688,70266
18.951175212860107,70266
18.952060222625732,70266
18.953365087509155,70266
18.95424461364746,70266
18.95512819290161,70266
18.956023454666138,70266
18.95732808113098,70266
18.95821213722229,70266
18.959099054336548,70266
18.96040916442871,70266
18.961296319961548,70266
18.962180137634277,70266
18.963064193725586,70266
18.96437358856201,70266
18.965256929397583,70266
18.96615195274353,70266
18.96703839302063,70266
18.96834421157837,70266
18.969228267669678,70266
18.97010898590088,70266
18.97142004966736,70266
18.972303867340088,70266
18.973187923431396,70266
18.97407102584839,70266
18.97537851333618,70266
18.97627592086792,70266
18.977163076400757,70266
18.97804594039917,70266
18.97935438156128,70266
18.980236530303955,70266
18.981122970581055,70266
18.982009410858154,70266
18.98331642150879,70266
18.984200954437256,70266
18.985087633132935,70266
18.986406803131104,70266
18.987295627593994,70266
18.988182067871094,70266
18.989067792892456,70266
18.990375518798828,70266
18.991260528564453,70266
18.99214482307434,70266
18.993032693862915,70266
18.994338274002075,70266
18.995222568511963,70266
18.996114015579224,70266
18.99742317199707,70266
18.99830937385559,70266
18.999195098876953,70266
19.000078678131104,70266
19.001385927200317,70266
19.00226926803589,70266
19.003153324127197,70266
19.004038095474243,70266
19.0053493976593,70266
19.00624394416809,70266
19.0071280002594,70266
19.00801372528076,70266
19.009323120117188,70266
19.01020836830139,70266
19.01109218597412,70266
19.012401342391968,70266
19.01328754425049,70266
19.014168739318848,70266
19.015052556991577,70266
19.0163676738739,70266
19.01725196838379,70266
19.01813817024231,70266
19.019023656845093,70266
19.020330905914307,70266
19.021214723587036,70266
19.02210021018982,70266
19.023406982421875,70266
19.024290323257446,70266
19.025175094604492,70266
19.02606725692749,70266
19.027376651763916,70266
19.028259754180908,70266
19.029142141342163,70266
19.03002691268921,70266
19.031338453292847,70266
19.03222155570984,70266
19.033103942871094,70266
19.034430027008057,70266
19.035320043563843,70266
19.03621792793274,70266
19.037118673324585,70266
19.03802180290222,70266
19.039332628250122,70266
19.04021716117859,70266
19.041101217269897,70266
19.042410373687744,70266
19.04329752922058,70266
19.04418158531189,70266
19.045063495635986,70266
19.04637861251831,70266
19.047263383865356,70266
19.048145532608032,70266
19.0490300655365,70266
19.050336599349976,70266
19.051218271255493,70266
19.0521023273468,70266
19.05340814590454,70266
19.054293394088745,70266
19.055179119110107,70266
19.056071519851685,70266
19.057379722595215,70266
19.058268070220947,70266
19.059154510498047,70266
19.060038328170776,70266
19.061347246170044,70266
19.06223201751709,70266
19.06311345100403,70266
19.064421892166138,70266
19.065309762954712,70266
19.066206216812134,70266
19.0670907497406,70266
19.068400859832764,70266
19.06928563117981,70266
19.070171356201172,70266
19.071056365966797,70266
19.07236671447754,70266
19.07325029373169,70266
19.074134588241577,70266
19.075021743774414,70266
19.07634210586548,70266
19.077227115631104,70266
19.07810950279236,70266
19.079421043395996,70266
19.08030891418457,70266
19.081191301345825,70266
19.08207416534424,70266
19.083384037017822,70266
19.08426809310913,70266
19.085153102874756,70266
19.08604907989502,70266
19.087355613708496,70266
19.088237762451172,70266
19.08912420272827,70266
19.090012788772583,70266
19.091321229934692,70266
19.09220814704895,70266
19.093090534210205,70266
19.09439444541931,70266
19.095280170440674,70266
19.096177101135254,70266
19.097060203552246,70266
19.098368644714355,70266
19.09925413131714,70266
19.100139379501343,70266
19.10102415084839,70266
19.10233187675476,70266
19.103214979171753,70266
19.104100227355957,70266
19.105408430099487,70266
19.106307983398438,70266
19.107194900512695,70266
19.10808300971985,70266
19.109391450881958,70266
19.110276222229004,70266
19.11116123199463,70266
19.11204767227173,70266
19.1133553981781,70266
19.11423897743225,70266
19.11512589454651,70266
19.116021156311035,70266
19.117329835891724,70266
19.11821436882019,70266
19.119096994400024,70266
19.12040638923645,70266
19.12129235267639,70266
19.1221764087677,70266
19.12305784225464,70266
19.12436580657959,70266
19.1252498626709,70266
19.126145601272583,70266
19.127031564712524,70266
19.128339290618896,70266
19.129222869873047,70266
19.130107402801514,70266
19.131415128707886,70266
19.13230276107788,70266
19.133188486099243,70266
19.13407325744629,70266
19.135380744934082,70266
19.136274814605713,70266
19.137158393859863,70266
19.13804268836975,70266
19.139347314834595,70266
19.14023232460022,70266
19.14111590385437,70266
19.142417669296265,70266
19.143303871154785,70266
19.144213914871216,70266
19.14509654045105,70266
19.14641261100769,70266
19.147300243377686,70266
19.148184537887573,70266
19.14909052848816,70266
19.150404691696167,70266
19.15129280090332,70266
19.15217638015747,70266
19.15305781364441,70266
19.154366970062256,70266
19.155250072479248,70266
19.156144380569458,70266
19.1570303440094,70266
19.15833878517151,70266
19.159224033355713,70266
19.160107851028442,70266
19.16141390800476,70266
19.162301301956177,70266
19.163185596466064,70266
19.164069175720215,70266
19.16537380218506,70266
19.166279315948486,70266
19.167165994644165,70266
19.168050050735474,70266
19.169355154037476,70266
19.170239210128784,70266
19.17112135887146,70266
19.172006130218506,70266
19.17331099510193,70266
19.17419672012329,70266
19.1750807762146,70266
19.17639970779419,70266
19.17728590965271,70266
19.17817187309265,70266
19.179054498672485,70266
19.180360078811646,70266
19.181244611740112,70266
19.18212914466858,70266
19.183016061782837,70266
19.184322357177734,70266
19.18520736694336,70266
19.18609929084778,70266
19.187407732009888,70266
19.18829345703125,70266
19.189180612564087,70266
19.190061807632446,70266
19.191370248794556,70266
19.19225311279297,70266
19.193134546279907,70266
19.194021224975586,70266
19.19532299041748,70266
19.196213006973267,70266
19.1970956325531,70266
19.198395013809204,70266
19.19927716255188,70266
19.200162649154663,70266
19.20104670524597,70266
19.202351808547974,70266
19.203234672546387,70266
19.204116344451904,70266
19.2054226398468,70266
19.20632243156433,70266
19.20720601081848,70266
19.208088159561157,70266
19.209393739700317,70266
19.210278511047363,70266
19.21116304397583,70266
19.212045192718506,70266
19.213351726531982,70266
19.21423602104187,70266
19.21511721611023,70266
19.21601366996765,70266
19.2173171043396,70266
19.21820068359375,70266
19.21908473968506,70266
19.220391035079956,70266
19.22127342224121,70266
19.222158432006836,70266
19.223041534423828,70266
19.224344730377197,70266
19.225225687026978,70266
19.226114749908447,70266
19.22741961479187,70266
19.22830295562744,70266
19.229184865951538,70266
19.23006772994995,70266
19.231374502182007,70266
19.232255697250366,70266
19.233139276504517,70266
19.234022617340088,70266
19.235329389572144,70266
19.236218690872192,70266
19.237102031707764,70266
19.238409280776978,70266
19.239294052124023,70266
19.240179300308228,70266
19.241058826446533,70266
19.242364168167114,70266
19.243247985839844,70266
19.244133234024048,70266
19.245018482208252,70266
19.246333837509155,70266
19.24721622467041,70266
19.24809956550598,70266
19.24940538406372,70266
19.250288724899292,70266
19.251174926757812,70266
19.252056121826172,70266
19.253364086151123,70266
19.25424814224243,70266
19.25513243675232,70266
19.256028175354004,70266
19.25733709335327,70266
19.258219003677368,70266
19.259100675582886,70266
19.2604079246521,70266
19.261292457580566,70266
19.2621750831604,70266
19.263059616088867,70266
19.264370679855347,70266
19.265254259109497,70266
19.266149520874023,70266
19.267035007476807,70266
19.268344163894653,70266
19.269227743148804,70266
19.27010941505432,70266
19.27141809463501,70266
19.27230477333069,70266
19.273190021514893,70266
19.2740740776062,70266
19.27538013458252,70266
19.276276111602783,70266
19.277161836624146,70266
19.278047800064087,70266
19.279359340667725,70266
19.280243635177612,70266
19.281126737594604,70266
19.282008409500122,70266
19.2833149433136,70266
19.28419589996338,70266
19.285080194473267,70266
19.286398887634277,70266
19.28729009628296,70266
19.28817629814148,70266
19.28906011581421,70266
19.290367126464844,70266
19.291252374649048,70266
19.292137145996094,70266
19.293021202087402,70266
19.29433012008667,70266
19.295212984085083,70266
19.296107530593872,70266
19.29741382598877,70266
19.298298597335815,70266
19.29918098449707,70266
19.300065279006958,70266
19.301374197006226,70266
19.30225682258606,70266
19.303141832351685,70266
19.30402684211731,70266
19.30533266067505,70266
19.306227445602417,70266
19.307111263275146,70266
19.308419942855835,70266
19.30930757522583,70266
19.3101909160614,70266
19.311076164245605,70266
19.312408208847046,70266
19.313297510147095,70266
19.314185619354248,70266
19.315072059631348,70266
19.31639337539673,70266
19.317282676696777,70266
19.31817126274109,70266
19.319055795669556,70266
19.320368766784668,70266
19.32124924659729,70266
19.322134494781494,70266
19.323017597198486,70266
19.324324369430542,70266
19.325206518173218,70266
19.326101779937744,70266
19.327409982681274,70266
19.328293800354004,70266
19.329180240631104,70266
19.33006453514099,70266
19.3313729763031,70266
19.332258224487305,70266
19.333146810531616,70266
19.33403515815735,70266
19.335344552993774,70266
19.336238145828247,70266
19.337121725082397,70266
19.33800768852234,70266
19.33931565284729,70266
19.340198755264282,70266
19.341082334518433,70266
19.342387914657593,70266
19.343274116516113,70266
19.344187021255493,70266
19.34507417678833,70266
19.346393823623657,70266
19.347280263900757,70266
19.34816575050354,70266
19.349052667617798,70266
19.350362062454224,70266
19.351248025894165,70266
19.352132558822632,70266
19.35302186012268,70266
19.35433292388916,70266
19.355220317840576,70266
19.356114625930786,70266
19.357422590255737,70266
19.35830783843994,70266
19.359195470809937,70266
19.36008048057556,70266
19.361390352249146,70266
19.362277030944824,70266
19.3631649017334,70266
19.364049911499023,70266
19.365358352661133,70266
19.36625337600708,70266
19.36714005470276,70266
19.36802577972412,70266
19.36933445930481,70266
19.37022638320923,70266
19.37110996246338,70266
19.372419118881226,70266
19.37330722808838,70266
19.374196529388428,70266
19.375081300735474,70266
19.3764009475708,70266
19.3772873878479,70266
19.37817358970642,70266
19.379058837890625,70266
19.38036870956421,70266
19.381253004074097,70266
19.38213849067688,70266
19.3830246925354,70266
19.38433289527893,70266
19.385216236114502,70266
19.386110544204712,70266
19.387420654296875,70266
19.388307809829712,70266
19.389193296432495,70266
19.390074729919434,70266
19.391382217407227,70266
19.39226794242859,70266
19.393152952194214,70266
19.394038438796997,70266
19.39534068107605,70266
19.39623236656189,70266
19.39711570739746,70266
19.398003816604614,70266
19.39931297302246,70266
19.400198459625244,70266
19.401084661483765,70266
19.402393579483032,70266
19.40327787399292,70266
19.404163122177124,70266
19.40504789352417,70266
19.406364679336548,70266
19.407249927520752,70266
19.408135414123535,70266
19.40902090072632,70266
19.410332679748535,70266
19.411216020584106,70266
19.412099599838257,70266
19.413406372070312,70266
19.414294481277466,70266
19.415181398391724,70266
19.416075468063354,70266
19.4173846244812,70266
19.418269395828247,70266
19.41915798187256,70266
19.420042753219604,70266
19.421353340148926,70266
19.42223620414734,70266
19.4231219291687,70266
19.424009323120117,70266
19.425318956375122,70266
19.42621397972107,70266
19.427098274230957,70266
19.428409576416016,70266
19.42929768562317,70266
19.430182456970215,70266
19.43106722831726,70266
19.432374954223633,70266
19.433260202407837,70266
19.434147834777832,70266
19.435033559799194,70266
19.43635654449463,70266
19.437241792678833,70266
19.43812608718872,70266
19.4390127658844,70266
19.44031858444214,70266
19.441205263137817,70266
19.442090034484863,70266
19.443400621414185,70266
19.444286584854126,70266
19.445175170898438,70266
19.446072578430176,70266
19.44738245010376,70266
19.44826602935791,70266
19.44915246963501,70266
19.450039386749268,70266
19.451348781585693,70266
19.452231645584106,70266
19.453115701675415,70266
19.45442295074463,70266
19.45531153678894,70266
19.45620632171631,70266
19.45708966255188,70266
19.45839786529541,70266
19.45928454399109,70266
19.460172653198242,70266
19.461055755615234,70266
19.462363243103027,70266
19.4632465839386,70266
19.464130878448486,70266
19.465015411376953,70266
19.466336011886597,70266
19.467219591140747,70266
19.46810293197632,70266
19.469409704208374,70266
19.470296144485474,70266
19.471182584762573,70266
19.472066402435303,70266
19.47337770462036,70266
19.474266290664673,70266
19.4751558303833,70266
19.476049661636353,70266
19.47735619544983,70266
19.478241682052612,70266
19.47912311553955,70266
19.480007886886597,70266
19.48131823539734,70266
19.482202768325806,70266
19.48308300971985,70266
19.484387636184692,70266
19.485272645950317,70266
19.48616623878479,70266
19.487048149108887,70266
19.488353967666626,70266
19.489237070083618,70266
19.490118980407715,70266
19.49100399017334,70266
19.492311716079712,70266
19.49319815635681,70266
19.49408507347107,70266
19.495389938354492,70266
19.496280908584595,70266
19.497167587280273,70266
19.49804973602295,70266
19.499353647232056,70266
19.500236988067627,70266
19.50112009048462,70266
19.50200653076172,70266
19.50331449508667,70266
19.50419807434082,70266
19.505082845687866,70266
19.506397008895874,70266
19.50728154182434,70266
19.508163928985596,70266
19.509047985076904,70266
19.51035451889038,70266
19.511236906051636,70266
19.51211977005005,70266
19.51300358772278,70266
19.514309883117676,70266
19.515195846557617,70266
19.516088247299194,70266
19.51739811897278,70266
19.518287420272827,70266
19.519171953201294,70266
19.520057439804077,70266
19.5213623046875,70266
19.522244453430176,70266
19.52312660217285,70266
19.524011850357056,70266
19.52531623840332,70266
19.526210069656372,70266
19.527092933654785,70266
19.528398990631104,70266
19.529284238815308,70266
19.530168056488037,70266
19.53105354309082,70266
19.532361268997192,70266
19.53324604034424,70266
19.534129858016968,70266
19.535016298294067,70266
19.53633189201355,70266
19.5372154712677,70266
19.538098335266113,70266
19.539405584335327,70266
19.54029083251953,70266
19.54117441177368,70266
19.542057514190674,70266
19.54336452484131,70266
19.544273138046265,70266
19.545159578323364,70266
19.54605793952942,70266
19.547366857528687,70266
19.54824924468994,70266
19.549129486083984,70266
19.55001711845398,70266
19.551326036453247,70266
19.552207946777344,70266
19.553090572357178,70266
19.554399728775024,70266
19.555286407470703,70266
19.55618143081665,70266
19.55706548690796,70266
19.55837082862854,70266
19.559252738952637,70266
19.560133934020996,70266
19.561018705368042,70266
19.56232786178589,70266
19.563212156295776,70266
19.564093112945557,70266
19.565398693084717,70266
19.56629252433777,70266
19.567176818847656,70266
19.568058490753174,70266
19.569366693496704,70266
19.570249557495117,70266
19.571133852005005,70266
19.572017908096313,70266
19.573322296142578,70266
19.574206829071045,70266
19.575090408325195,70266
19.576011657714844,70266
19.57731819152832,70266
19.578201293945312,70266
19.5790855884552,70266
19.580447673797607,70266
19.581372499465942,70266
19.582275390625,70266
19.583182096481323,70266
19.58406639099121,70266
19.585378170013428,70266
19.586291313171387,70266
19.587178468704224,70266
19.58806085586548,70266
19.589388608932495,70266
19.590275049209595,70266
19.59115982055664,70266
19.592043161392212,70266
19.59334969520569,70266
19.594233512878418,70266
19.5951144695282,70266
19.59601068496704,70266
19.597317218780518,70266
19.598201751708984,70266
19.599085569381714,70266
19.60038995742798,70266
19.60127282142639,70266
19.60215663909912,70266
19.603042125701904,70266
19.604350805282593,70266
19.605234622955322,70266
19.606125116348267,70266
19.607011795043945,70266
19.608317375183105,70266
19.609201669692993,70266
19.610084772109985,70266
19.611393928527832,70266
19.612278938293457,70266
19.613162755966187,70266
19.614047288894653,70266
19.615354299545288,70266
19.61624574661255,70266
19.61712908744812,70266
19.61801290512085,70266
19.619317293167114,70266
19.620198249816895,70266
19.62108063697815,70266
19.622385263442993,70266
19.623267889022827,70266
19.624152183532715,70266
19.62503409385681,70266
19.626351594924927,70266
19.62723445892334,70266
19.628114938735962,70266
19.629420280456543,70266
19.63030457496643,70266
19.63118815422058,70266
19.632071018218994,70266
19.633376121520996,70266
19.634257555007935,70266
19.635140657424927,70266
19.636035442352295,70266
19.63734245300293,70266
19.638225078582764,70266
19.63910722732544,70266
19.64041543006897,70266
19.6412992477417,70266
19.64218282699585,70266
19.643067121505737,70266
19.64437508583069,70266
19.645259618759155,70266
19.64615297317505,70266
19.6470365524292,70266
19.64834761619568,70266
19.649229049682617,70266
19.65011167526245,70266
19.65142011642456,70266
19.65230631828308,70266
19.653191328048706,70266
19.65407419204712,70266
19.655377626419067,70266
19.656269311904907,70266
19.657153844833374,70266
19.65803551673889,70266
19.659340143203735,70266
19.66022229194641,70266
19.661104202270508,70266
19.662410736083984,70266
19.66329598426819,70266
19.66417908668518,70266
19.665061473846436,70266
19.666375160217285,70266
19.667253732681274,70266
19.66813850402832,70266
19.66902256011963,70266
19.670328617095947,70266
19.671213626861572,70266
19.672094583511353,70266
19.67339849472046,70266
19.67428183555603,70266
19.675166845321655,70266
19.676058769226074,70266
19.677366018295288,70266
19.67824935913086,70266
19.679133415222168,70266
19.68001627922058,70266
19.68132495880127,70266
19.682204723358154,70266
19.68308997154236,70266
19.684394359588623,70266
19.68527913093567,70266
19.686171054840088,70266
19.68705439567566,70266
19.688361883163452,70266
19.68924617767334,70266
19.69012975692749,70266
19.691014051437378,70266
19.69231867790222,70266
19.69319987297058,70266
19.69408345222473,70266
19.695387601852417,70266
19.696282386779785,70266
19.697166204452515,70266
19.69805121421814,70266
19.699356079101562,70266
19.700239181518555,70266
19.701120853424072,70266
19.70200514793396,70266
19.7033109664917,70266
19.70419406890869,70266
19.705077409744263,70266
19.706396341323853,70266
19.707279920578003,70266
19.708163261413574,70266
19.70904564857483,70266
19.710351705551147,70266
19.71123242378235,70266
19.712112188339233,70266
19.713416576385498,70266
19.71430277824402,70266
19.715187788009644,70266
19.716080904006958,70266
19.717384338378906,70266
19.718266010284424,70266
19.719149589538574,70266
19.720035076141357,70266
19.721339464187622,70266
19.722224950790405,70266
19.723106145858765,70266
19.724411487579346,70266
19.725297212600708,70266
19.726194381713867,70266
19.7270770072937,70266
19.72838282585144,70266
19.729264974594116,70266
19.730149745941162,70266
19.731035470962524,70266
19.732340812683105,70266
19.733222723007202,70266
19.734105825424194,70266
19.735413074493408,70266
19.736308336257935,70266
19.737194538116455,70266
19.738077402114868,70266
19.739382028579712,70266
19.740264415740967,70266
19.741148233413696,70266
19.74203324317932,70266
19.74333953857422,70266
19.744242191314697,70266
19.745123386383057,70266
19.746021270751953,70266
19.747329235076904,70266
19.74821162223816,70266
19.749094486236572,70266
19.75040316581726,70266
19.75128722190857,70266
19.75217056274414,70266
19.753053188323975,70266
19.754356384277344,70266
19.755237340927124,70266
19.756128072738647,70266
19.757009267807007,70266
19.75831699371338,70266
19.759202003479004,70266
19.760083436965942,70266
19.761386394500732,70266
19.76227068901062,70266
19.763154983520508,70266
19.764039993286133,70266
19.76534605026245,70266
19.76623821258545,70266
19.767194271087646,70266
19.768162965774536,70266
19.76904606819153,70266
19.770352602005005,70266
19.77123713493347,70266
19.772117853164673,70266
19.773422718048096,70266
19.7743079662323,70266
19.775190830230713,70266
19.776085376739502,70266
19.777390480041504,70266
19.778274059295654,70266
19.779158115386963,70266
19.78004741668701,70266
19.781354904174805,70266
19.782239198684692,70266
19.783123254776,70266
19.784006357192993,70266
19.78531575202942,70266
19.78621220588684,70266
19.78709650039673,70266
19.788402557373047,70266
19.789288759231567,70266
19.790175199508667,70266
19.791059017181396,70266
19.79236626625061,70266
19.793248414993286,70266
19.794132709503174,70266
19.795019149780273,70266
19.79633665084839,70266
19.79722261428833,70266
19.79810404777527,70266
19.799415826797485,70266
19.800302028656006,70266
19.801185131072998,70266
19.802070140838623,70266
19.803375482559204,70266
19.804258346557617,70266
19.805142879486084,70266
19.80603790283203,70266
19.807344913482666,70266
19.808226108551025,70266
19.80910611152649,70266
19.810416221618652,70266
19.81130290031433,70266
19.812188386917114,70266
19.813072681427002,70266
19.81438374519348,70266
19.815268516540527,70266
19.816165447235107,70266
19.817047357559204,70266
19.81835436820984,70266
19.81923794746399,70266
19.82012104988098,70266
19.821422815322876,70266
19.8223078250885,70266
19.823193073272705,70266
19.824076652526855,70266
19.82538080215454,70266
19.826274156570435,70266
19.827158212661743,70266
19.828042030334473,70266
19.829349040985107,70266
19.830230474472046,70266
19.831111907958984,70266
19.832419395446777,70266
19.83330535888672,70266
19.834189653396606,70266
19.835070610046387,70266
19.836392402648926,70266
19.837276935577393,70266
19.83815860748291,70266
19.83903956413269,70266
19.840346097946167,70266
19.84122943878174,70266
19.842116594314575,70266
19.843424320220947,70266
19.844311952590942,70266
19.845195770263672,70266
19.84609055519104,70266
19.847399950027466,70266
19.848284244537354,70266
19.849169731140137,70266
19.850054264068604,70266
19.851361989974976,70266
19.852243423461914,70266
19.853124856948853,70266
19.854007244110107,70266
19.85531210899353,70266
19.85620641708374,70266
19.85709047317505,70266
19.858394622802734,70266
19.859280586242676,70266
19.86016535758972,70266
19.861047983169556,70266
19.862351417541504,70266
19.863234758377075,70266
19.86411428451538,70266
19.865419626235962,70266
19.86631488800049,70266
19.867199420928955,70266
19.868083715438843,70266
19.86939024925232,70266
19.870272636413574,70266
19.87115788459778,70266
19.87204360961914,70266
19.873353719711304,70266
19.87423872947693,70266
19.875120878219604,70266
19.8760187625885,70266
19.877326488494873,70266
19.87820839881897,70266
19.87909483909607,70266
19.880398511886597,70266
19.881284713745117,70266
19.8821702003479,70266
19.883052110671997,70266
19.884358644485474,70266
19.885241985321045,70266
19.886133670806885,70266
19.88701868057251,70266
19.88832378387451,70266
19.889206171035767,70266
19.890089988708496,70266
19.89140009880066,70266
19.892285108566284,70266
19.89316487312317,70266
19.894050121307373,70266
19.895357847213745,70266
19.896251916885376,70266
19.89713430404663,70266
19.898019552230835,70266
19.899325132369995,70266
19.900208473205566,70266
19.901089668273926,70266
19.90239715576172,70266
19.903281211853027,70266
19.904165744781494,70266
19.905048847198486,70266
19.90636897087097,70266
19.907251119613647,70266
19.90813422203064,70266
19.90901803970337,70266
19.91032338142395,70266
19.911206007003784,70266
19.912089347839355,70266
19.913395643234253,70266
19.914283275604248,70266
19.9151668548584,70266
19.916062116622925,70266
19.917370557785034,70266
19.918253421783447,70266
19.919137001037598,70266
19.920018672943115,70266
19.921327352523804,70266
19.922211408615112,70266
19.923095703125,70266
19.92440414428711,70266
19.925289392471313,70266
19.92618441581726,70266
19.927067279815674,70266
19.9283766746521,70266
19.929259061813354,70266
19.93014430999756,70266
19.931029081344604,70266
19.932336568832397,70266
19.93321919441223,70266
19.93410325050354,70266
19.935412406921387,70266
19.93630838394165,70266
19.937193393707275,70266
19.93807816505432,70266
19.939383268356323,70266
19.940265655517578,70266
19.94114899635315,70266
19.942033290863037,70266
19.94334053993225,70266
19.944247007369995,70266
19.945132732391357,70266
19.946027278900146,70266
19.947337865829468,70266
19.948219299316406,70266
19.94909977912903,70266
19.950402975082397,70266
19.951286792755127,70266
19.95217204093933,70266
19.953056573867798,70266
19.954364776611328,70266
19.955247402191162,70266
19.95614242553711,70266
19.957027435302734,70266
19.95833420753479,70266
19.959219217300415,70266
19.960102558135986,70266
19.96141004562378,70266
19.962295293807983,70266
19.963181018829346,70266
19.96406364440918,70266
19.96536922454834,70266
19.966264009475708,70266
19.967155694961548,70266
19.968040466308594,70266
19.96934700012207,70266
19.970228910446167,70266
19.971111536026,70266
19.97241473197937,70266
19.973300457000732,70266
19.97418522834778,70266
19.97507119178772,70266
19.97638773918152,70266
19.977271556854248,70266
19.97815704345703,70266
19.97904396057129,70266
19.980351448059082,70266
19.98123526573181,70266
19.982117652893066,70266
19.983004331588745,70266
19.984312057495117,70266
19.98519802093506,70266
19.98609209060669,70266
19.987398862838745,70266
19.988289833068848,70266
19.989177703857422,70266
19.990060329437256,70266
19.991366624832153,70266
19.992248058319092,70266
19.993130922317505,70266
19.99401593208313,70266
19.995322704315186,70266
19.996216535568237,70266
19.997101068496704,70266
19.99840545654297,70266
19.999289512634277,70266
20.00017261505127,70266
20.00105595588684,70266
20.002362966537476,70266
20.003244638442993,70266
20.00412654876709,70266
20.005011081695557,70266
20.00632667541504,70266
20.0072078704834,70266
20.008090496063232,70266
20.009398698806763,70266
20.010284185409546,70266
20.011168718338013,70266
20.012051105499268,70266
20.013357639312744,70266
20.014238357543945,70266
20.015119552612305,70266
20.01601505279541,70266
20.017322063446045,70266
20.01820731163025,70266
20.019089937210083,70266
20.020396947860718,70266
20.02128267288208,70266
20.022164821624756,70266
20.02304768562317,70266
20.024354219436646,70266
20.025238037109375,70266
20.026127338409424,70266
20.02701449394226,70266
20.028320789337158,70266
20.02920651435852,70266
20.030088663101196,70266
20.031394004821777,70266
20.032279014587402,70266
20.033162593841553,70266
20.03404712677002,70266
20.03535270690918,70266
20.03624391555786,70266
20.037128448486328,70266
20.038015127182007,70266
20.039320945739746,70266
20.040204763412476,70266
20.041090488433838,70266
20.042396545410156,70266
20.04328179359436,70266
20.044167041778564,70266
20.04505205154419,70266
20.046372175216675,70266
20.047253847122192,70266
20.0481379032135,70266
20.049023151397705,70266
20.050328016281128,70266
20.051209926605225,70266
20.052091121673584,70266
20.053397178649902,70266
20.054282426834106,70266
20.055169105529785,70266
20.056060552597046,70266
20.057368755340576,70266
20.05825161933899,70266
20.059136390686035,70266
20.060022354125977,70266
20.061331033706665,70266
20.06221580505371,70266
20.06309986114502,70266
20.06400442123413,70266
20.065314531326294,70266
20.066208124160767,70266
20.06710910797119,70266
20.068010330200195,70266
20.069321870803833,70266
20.070207595825195,70266
20.0710928440094,70266
20.072399377822876,70266
20.073286056518555,70266
20.07417106628418,70266
20.075055599212646,70266
20.076372861862183,70266
20.07725477218628,70266
20.07814073562622,70266
20.079028129577637,70266
20.08033800125122,70266
20.081220865249634,70266
20.08210253715515,70266
20.083406925201416,70266
20.084294080734253,70266
20.0851788520813,70266
20.0860698223114,70266
20.087374687194824,70266
20.08825659751892,70266
20.089141607284546,70266
20.090027570724487,70266
20.091334342956543,70266
20.092217206954956,70266
20.09309959411621,70266
20.094404935836792,70266
20.095287084579468,70266
20.09618353843689,70266
20.097067832946777,70266
20.098374843597412,70266
20.099258184432983,70266
20.100141525268555,70266
20.101027965545654,70266
20.10234022140503,70266
20.103224754333496,70266
20.104105472564697,70266
20.10540771484375,70266
20.10630464553833,70266
20.107191562652588,70266
20.108076333999634,70266
20.10938262939453,70266
20.11026620864868,70266
20.111152172088623,70266
20.112035512924194,70266
20.113342761993408,70266
20.11422610282898,70266
20.11510944366455,70266
20.116004943847656,70266
20.117314100265503,70266
20.118199110031128,70266
20.119083166122437,70266
20.12039065361023,70266
20.121277809143066,70266
20.122162580490112,70266
20.123047351837158,70266
20.12435507774353,70266
20.125237703323364,70266
20.126128435134888,70266
20.127015829086304,70266
20.128320693969727,70266
20.12920618057251,70266
20.130089044570923,70266
20.131396770477295,70266
20.132282972335815,70266
20.133167266845703,70266
20.13405179977417,70266
20.13535714149475,70266
20.136248111724854,70266
20.137133836746216,70266
20.138020038604736,70266
20.13932967185974,70266
20.140213012695312,70266
20.141096830368042,70266
20.142404079437256,70266
20.143291234970093,70266
20.14420485496521,70266
20.145087957382202,70266
20.14640736579895,70266
20.147295236587524,70266
20.148181200027466,70266
20.149081230163574,70266
20.15040135383606,70266
20.151288509368896,70266
20.152175188064575,70266
20.153059005737305,70266
20.15436363220215,70266
20.15524911880493,70266
20.156145095825195,70266
20.157029390335083,70266
20.158337354660034,70266
20.159221410751343,70266
20.16010546684265,70266
20.161410808563232,70266
20.162296295166016,70266
20.163180589675903,70266
20.16406798362732,70266
20.16537356376648,70266
20.166269779205322,70266
20.16715693473816,70266
20.16804265975952,70266
20.169352054595947,70266
20.170236349105835,70266
20.171119928359985,70266
20.172007083892822,70266
20.173317432403564,70266
20.174204111099243,70266
20.175090074539185,70266
20.17641043663025,70266
20.177297353744507,70266
20.178180694580078,70266
20.17906141281128,70266
20.180368423461914,70266
20.181254863739014,70266
20.182141065597534,70266
20.18302822113037,70266
20.184335708618164,70266
20.18522071838379,70266
20.18611431121826,70266
20.187003135681152,70266
20.188311100006104,70266
20.189195156097412,70266
20.190080165863037,70266
20.191388368606567,70266
20.19227170944214,70266
20.193155765533447,70266
20.194040298461914,70266
20.195345401763916,70266
20.196240186691284,70266
20.19712471961975,70266
20.198013067245483,70266
20.19932222366333,70266
20.20020627975464,70266
20.20108914375305,70266
20.202397346496582,70266
20.203282594680786,70266
20.20416784286499,70266
20.205052375793457,70266
20.206371068954468,70266
20.2072536945343,70266
20.2081401348114,70266
20.209028244018555,70266
20.2103328704834,70266
20.21121621131897,70266
20.21209979057312,70266
20.213409423828125,70266
20.214294910430908,70266
20.215181589126587,70266
20.216071367263794,70266
20.217379570007324,70266
20.21826457977295,70266
20.21915340423584,70266
20.220036506652832,70266
20.221348762512207,70266
20.222233533859253,70266
20.223116159439087,70266
20.22400426864624,70266
20.22531485557556,70266
20.226211071014404,70266
20.22709631919861,70266
20.22840690612793,70266
20.229291915893555,70266
20.230178833007812,70266
20.231065273284912,70266
20.232372999191284,70266
20.233259677886963,70266
20.234147548675537,70266
20.235034227371216,70266
20.236353397369385,70266
20.237238883972168,70266
20.238123893737793,70266
20.239009618759155,70266
20.240320205688477,70266
20.24120330810547,70266
20.242088317871094,70266
20.24339771270752,70266
20.24428415298462,70266
20.245167016983032,70266
20.24605941772461,70266
20.247365951538086,70266
20.248250484466553,70266
20.24913454055786,70266
20.250020027160645,70266
20.251325845718384,70266
20.252208948135376,70266
20.253092527389526,70266
20.254399299621582,70266
20.255285263061523,70266
20.256181478500366,70266
20.257065773010254,70266
20.258370399475098,70266
20.259252786636353,70266
20.260138750076294,70266
20.261024236679077,70266
20.26233172416687,70266
20.2632155418396,70266
20.2640962600708,70266
20.265403032302856,70266
20.266298055648804,70266
20.267181158065796,70266
20.26806664466858,70266
20.269373655319214,70266
20.270257472991943,70266
20.27114248275757,70266
20.272030115127563,70266
20.27333903312683,70266
20.27422261238098,70266
20.275105237960815,70266
20.276419639587402,70266
20.27730894088745,70266
20.27819585800171,70266
20.279081344604492,70266
20.280386209487915,70266
20.281272888183594,70266
20.28215980529785,70266
20.283045053482056,70266
20.28435206413269,70266
20.28523564338684,70266
20.286128759384155,70266
20.287014484405518,70266
20.288321256637573,70266
20.289205312728882,70266
20.290088653564453,70266
20.291396141052246,70266
20.29228186607361,70266
20.293166637420654,70266
20.294050216674805,70266
20.295355319976807,70266
20.29624891281128,70266
20.297135829925537,70266
20.29801917076111,70266
20.299328327178955,70266
20.300212383270264,70266
20.30109691619873,70266
20.302403211593628,70266
20.30329155921936,70266
20.304176568984985,70266
20.305061101913452,70266
20.30638027191162,70266
20.307266235351562,70266
20.308152198791504,70266
20.30903458595276,70266
20.31034517288208,70266
20.31123375892639,70266
20.312143087387085,70266
20.3130304813385,70266
20.314342975616455,70266
20.315228939056396,70266
20.316126346588135,70266
20.317012071609497,70266
20.318320751190186,70266
20.319206714630127,70266
20.320093393325806,70266
20.32140278816223,70266
20.32228922843933,70266
20.323174953460693,70266
20.32405996322632,70266
20.32536768913269,70266
20.326262712478638,70266
20.327147722244263,70266
20.328034162521362,70266
20.329341650009155,70266
20.3302264213562,70266
20.331111669540405,70266
20.332417964935303,70266
20.333303689956665,70266
20.33418893814087,70266
20.3350727558136,70266
20.33639121055603,70266
20.337278127670288,70266
20.338162899017334,70266
20.339048147201538,70266
20.340356826782227,70266
20.341244220733643,70266
20.342127084732056,70266
20.343013763427734,70266
20.34434938430786,70266
20.345234632492065,70266
20.346127033233643,70266
20.34701418876648,70266
20.34832191467285,70266
20.34920644760132,70266
20.350091218948364,70266
20.351398468017578,70266
20.352282762527466,70266
20.353167295455933,70266
20.354052782058716,70266
20.35535979270935,70266
20.356253385543823,70266
20.35714054107666,70266
20.358027935028076,70266
20.35933542251587,70266
20.36021900177002,70266
20.361103057861328,70266
20.362411975860596,70266
20.363297700881958,70266
20.36418104171753,70266
20.365065813064575,70266
20.36638331413269,70266
20.367268800735474,70266
20.36815357208252,70266
20.369038581848145,70266
20.370349168777466,70266
20.371234893798828,70266
20.372116088867188,70266
20.37342405319214,70266
20.374309539794922,70266
20.37519407272339,70266
20.376088619232178,70266
20.377397060394287,70266
20.378284215927124,70266
20.379170179367065,70266
20.380056381225586,70266
20.381370306015015,70266
20.382253885269165,70266
20.383143186569214,70266
20.384029388427734,70266
20.385335683822632,70266
20.386230945587158,70266
20.38711380958557,70266
20.388418436050415,70266
20.38930344581604,70266
20.390189170837402,70266
20.391074657440186,70266
20.392382383346558,70266
20.393265962600708,70266
20.394150495529175,70266
20.39503526687622,70266
20.396358728408813,70266
20.39724612236023,70266
20.398131608963013,70266
20.39901876449585,70266
20.400324821472168,70266
20.40120792388916,70266
20.402091026306152,70266
20.403401136398315,70266
20.404285430908203,70266
20.40516972541809,70266
20.406063556671143,70266
20.40737247467041,70266
20.408254861831665,70266
20.409140586853027,70266
20.410027742385864,70266
20.41133975982666,70266
20.412225484848022,70266
20.413107872009277,70266
20.41441583633423,70266
20.415302276611328,70266
20.41619873046875,70266
20.41708254814148,70266
20.418388605117798,70266
20.419272661209106,70266
20.420159816741943,70266
20.42104458808899,70266
20.422352075576782,70266
20.423237085342407,70266
20.424120664596558,70266
20.42500400543213,70266
20.42632532119751,70266
20.427210569381714,70266
20.428096532821655,70266
20.42940330505371,70266
20.430288076400757,70266
20.43117356300354,70266
20.432056665420532,70266
20.43336057662964,70266
20.43424415588379,70266
20.435127019882202,70266
20.43601942062378,70266
20.437325716018677,70266
20.43820834159851,70266
20.43909215927124,70266
20.440398454666138,70266
20.441280841827393,70266
20.442164659500122,70266
20.443049907684326,70266
20.444355010986328,70266
20.44523596763611,70266
20.44612717628479,70266
20.447011709213257,70266
20.448320150375366,70266
20.449203968048096,70266
20.45008945465088,70266
20.451391458511353,70266
20.4522762298584,70266
20.453160285949707,70266
20.454042434692383,70266
20.4553484916687,70266
20.456239223480225,70266
20.45712113380432,70266
20.45800542831421,70266
20.459308862686157,70266
20.46018886566162,70266
20.46107268333435,70266
20.462378978729248,70266
20.463261604309082,70266
20.46414279937744,70266
20.465027332305908,70266
20.466342449188232,70266
20.467225790023804,70266
20.468107223510742,70266
20.469411373138428,70266
20.470296382904053,70266
20.471179246902466,70266
20.472061157226562,70266
20.473363399505615,70266
20.4742488861084,70266
20.47513246536255,70266
20.476030588150024,70266
20.477341651916504,70266
20.47822618484497,70266
20.47911286354065,70266
20.480417490005493,70266
20.48130226135254,70266
20.48218822479248,70266
20.48307514190674,70266
20.484379053115845,70266
20.485260725021362,70266
20.486156225204468,70266
20.487039804458618,70266
20.488344430923462,70266
20.48922634124756,70266
20.4901065826416,70266
20.491411447525024,70266
20.492295742034912,70266
20.493178606033325,70266
20.494059324264526,70266
20.495364904403687,70266
20.496256589889526,70266
20.497140645980835,70266
20.49802589416504,70266
20.499330759048462,70266
20.50021529197693,70266
20.50110125541687,70266
20.50240731239319,70266
20.503291130065918,70266
20.50417447090149,70266
20.505058526992798,70266
20.506375312805176,70266
20.50725817680359,70266
20.50814175605774,70266
20.509026527404785,70266
20.510329961776733,70266
20.511213541030884,70266
20.51209330558777,70266
20.51339817047119,70266
20.514281749725342,70266
20.51516604423523,70266
20.51605796813965,70266
20.517364978790283,70266
20.518248319625854,70266
20.519129514694214,70266
20.520012855529785,70266
20.521318912506104,70266
20.522202730178833,70266
20.52308416366577,70266
20.524385690689087,70266
20.52526879310608,70266
20.526164054870605,70266
20.527048110961914,70266
20.52835440635681,70266
20.52923560142517,70266
20.530116081237793,70266
20.531419277191162,70266
20.532304048538208,70266
20.53318977355957,70266
20.53407096862793,70266
20.535375595092773,70266
20.53626561164856,70266
20.537150144577026,70266
20.53803515434265,70266
20.53934073448181,70266
20.540222644805908,70266
20.541104555130005,70266
20.54240846633911,70266
20.543290376663208,70266
20.544201374053955,70266
20.545085668563843,70266
20.54640769958496,70266
20.547293663024902,70266
20.548175811767578,70266
20.54905676841736,70266
20.55035924911499,70266
20.551240921020508,70266
20.552122354507446,70266
20.553004026412964,70266
20.55431032180786,70266
20.55519199371338,70266
20.556083917617798,70266
20.557388305664062,70266
20.558269500732422,70266
20.55915379524231,70266
20.560038089752197,70266
20.561341285705566,70266
20.56222367286682,70266
20.563103675842285,70266
20.564407348632812,70266
20.56529188156128,70266
20.5661883354187,70266
20.56707239151001,70266
20.568378448486328,70266
20.569261074066162,70266
20.570144414901733,70266
20.5710289478302,70266
20.57233166694641,70266
20.57321524620056,70266
20.57409930229187,70266
20.57540273666382,70266
20.576321601867676,70266
20.577207803726196,70266
20.578089952468872,70266
20.57939863204956,70266
20.580280780792236,70266
20.581704139709473,70266
20.58216881752014,70266
20.583072185516357,70266
20.584401607513428,70266
20.585288047790527,70266
20.586183547973633,70266
20.587081909179688,70266
20.58841323852539,70266
20.589301109313965,70266
20.590185403823853,70266
20.591086387634277,70266
20.592393159866333,70266
20.593278884887695,70266
20.594161987304688,70266
20.59504508972168,70266
20.596362590789795,70266
20.59724712371826,70266
20.598130226135254,70266
20.599013328552246,70266
20.600319147109985,70266
20.601202487945557,70266
20.60209012031555,70266
20.603397607803345,70266
20.604281425476074,70266
20.605165719985962,70266
20.606062650680542,70266
20.607369661331177,70266
20.60825228691101,70266
20.609137535095215,70266
20.61002492904663,70266
20.611332654953003,70266
20.612216234207153,70266
20.61310076713562,70266
20.61440396308899,70266
20.61528968811035,70266
20.616187810897827,70266
20.617070198059082,70266
20.618376970291138,70266
20.619258642196655,70266
20.620142936706543,70266
20.621028423309326,70266
20.622336626052856,70266
20.623221158981323,70266
20.624102354049683,70266
20.625409364700317,70266
20.626304149627686,70266
20.62718963623047,70266
20.628070831298828,70266
20.62937879562378,70266
20.630262851715088,70266
20.631145000457764,70266
20.63202953338623,70266
20.633333921432495,70266
20.634218215942383,70266
20.635104179382324,70266
20.636420488357544,70266
20.637306451797485,70266
20.638190507888794,70266
20.639074325561523,70266
20.640380144119263,70266
20.64126443862915,70266
20.642149209976196,70266
20.6430344581604,70266
20.644344568252563,70266
20.64522695541382,70266
20.646117448806763,70266
20.647003412246704,70266
20.648311853408813,70266
20.649195671081543,70266
20.650082111358643,70266
20.65139389038086,70266
20.652281761169434,70266
20.653167486190796,70266
20.654051065444946,70266
20.65535855293274,70266
20.65625309944153,70266
20.65714120864868,70266
20.65802788734436,70266
20.65933132171631,70266
20.660213708877563,70266
20.66109824180603,70266
20.662405014038086,70266
20.66329073905945,70266
20.664174556732178,70266
20.665058374404907,70266
20.666375637054443,70266
20.667258977890015,70266
20.66814637184143,70266
20.66903281211853,70266
20.670344591140747,70266
20.67122769355774,70266
20.67211413383484,70266
20.673424243927002,70266
20.67431092262268,70266
20.67519760131836,70266
20.67609405517578,70266
20.67739987373352,70266
20.6782865524292,70266
20.679171323776245,70266
20.680054664611816,70266
20.681362867355347,70266
20.68224573135376,70266
20.68312954902649,70266
20.684014320373535,70266
20.68532085418701,70266
20.686216592788696,70266
20.687100172042847,70266
20.68841028213501,70266
20.68929672241211,70266
20.690183877944946,70266
20.691067457199097,70266
20.692380666732788,70266
20.69326686859131,70266
20.69415521621704,70266
20.69504451751709,70266
20.696364641189575,70266
20.697251796722412,70266
20.69813823699951,70266
20.699021816253662,70266
20.70033025741577,70266
20.701213598251343,70266
20.702099800109863,70266
20.703407526016235,70266
20.704293489456177,70266
20.705177068710327,70266
20.706071376800537,70266
20.70737862586975,70266
20.70826292037964,70266
20.70914649963379,70266
20.710031747817993,70266
20.711340188980103,70266
20.712223529815674,70266
20.713106393814087,70266
20.71441411972046,70266
20.7153000831604,70266
20.716196298599243,70266
20.717080116271973,70266
20.71838879585266,70266
20.71927547454834,70266
20.720160722732544,70266
20.721046686172485,70266
20.72235345840454,70266
20.72323703765869,70266
20.72411870956421,70266
20.725005626678467,70266
20.726322412490845,70266
20.72720718383789,70266
20.72809386253357,70266
20.72940468788147,70266
20.730290412902832,70266
20.731176614761353,70266
20.732062101364136,70266
20.733370780944824,70266
20.734256744384766,70266
20.735140323638916,70266
20.736037254333496,70266
20.737343072891235,70266
20.738228797912598,70266
20.739112377166748,70266
20.74041748046875,70266
20.741302728652954,70266
20.742186069488525,70266
20.743069648742676,70266
20.74440336227417,70266
20.745290756225586,70266
20.746188640594482,70266
20.74707341194153,70266
20.748379230499268,70266
20.74926257133484,70266
20.75014591217041,70266
20.751031398773193,70266
20.752338886260986,70266
20.753223419189453,70266
20.75410509109497,70266
20.755409002304077,70266
20.756304025650024,70266
20.757190227508545,70266
20.758073806762695,70266
20.759380340576172,70266
20.760263919830322,70266
20.761149168014526,70266
20.76203465461731,70266
20.763341188430786,70266
20.76422691345215,70266
20.765109062194824,70266
20.76600480079651,70266
20.767312049865723,70266
20.768195629119873,70266
20.769079208374023,70266
20.7703914642334,70266
20.771276235580444,70266
20.772162437438965,70266
20.77304768562317,70266
20.774353504180908,70266
20.775238037109375,70266
20.776130199432373,70266
20.777015924453735,70266
20.778325080871582,70266
20.779210090637207,70266
20.780094385147095,70266
20.781403064727783,70266
20.78229308128357,70266
20.78317880630493,70266
20.784061908721924,70266
20.785369157791138,70266
20.78626298904419,70266
20.78714895248413,70266
20.788034915924072,70266
20.789343118667603,70266
20.79022717475891,70266
20.79111099243164,70266
20.79241967201233,70266
20.793304920196533,70266
20.794190406799316,70266
20.795076608657837,70266
20.796393871307373,70266
20.797281503677368,70266
20.798165559768677,70266
20.799049615859985,70266
20.80035376548767,70266
20.801236629486084,70266
20.80211901664734,70266
20.803003549575806,70266
20.804311990737915,70266
20.80519723892212,70266
20.80609369277954,70266
20.80740261077881,70266
20.808287858963013,70266
20.80917477607727,70266
20.810057401657104,70266
20.811365127563477,70266
20.812248945236206,70266
20.813135147094727,70266
20.814019203186035,70266
20.815328359603882,70266
20.816221714019775,70266
20.817108154296875,70266
20.818416357040405,70266
20.819306135177612,70266
20.820188760757446,70266
20.82107400894165,70266
20.822383403778076,70266
20.823270320892334,70266
20.82415771484375,70266
20.825047731399536,70266
20.826366424560547,70266
20.827248334884644,70266
20.828129768371582,70266
20.829015493392944,70266
20.830322742462158,70266
20.83120632171631,70266
20.83208966255188,70266
20.833396673202515,70266
20.834288835525513,70266
20.835173845291138,70266
20.836065530776978,70266
20.83736801147461,70266
20.838250875473022,70266
20.83913254737854,70266
20.84001398086548,70266
20.841317176818848,70266
20.842200756072998,70266
20.84308385848999,70266
20.84439253807068,70266
20.845276355743408,70266
20.846171855926514,70266
20.847055673599243,70266
20.848362922668457,70266
20.849245309829712,70266
20.85012650489807,70266
20.85101318359375,70266
20.85231852531433,70266
20.853203058242798,70266
20.854085683822632,70266
20.855392932891846,70266
20.856287240982056,70266
20.857171535491943,70266
20.858054876327515,70266
20.85936141014099,70266
20.860246419906616,70266
20.861132621765137,70266
20.862018823623657,70266
20.863325119018555,70266
20.864211797714233,70266
20.865094900131226,70266
20.866414070129395,70266
20.8672993183136,70266
20.868183374404907,70266
20.869067907333374,70266
20.870376586914062,70266
20.87126064300537,70266
20.872143030166626,70266
20.87302803993225,70266
20.874334812164307,70266
20.875218868255615,70266
20.876108646392822,70266
20.877415418624878,70266
20.878300666809082,70266
20.879186391830444,70266
20.8800687789917,70266
20.88137722015381,70266
20.882263898849487,70266
20.88314914703369,70266
20.884032249450684,70266
20.88534164428711,70266
20.886237382888794,70266
20.887121200561523,70266
20.88800621032715,70266
20.88931632041931,70266
20.890198945999146,70266
20.89108180999756,70266
20.892388820648193,70266
20.893271684646606,70266
20.89415717124939,70266
20.89504098892212,70266
20.89635944366455,70266
20.897244930267334,70266
20.89812660217285,70266
20.899012327194214,70266
20.90031933784485,70266
20.901203870773315,70266
20.90208911895752,70266
20.90339469909668,70266
20.90427827835083,70266
20.905161142349243,70266
20.906057119369507,70266
20.90736985206604,70266
20.908255338668823,70266
20.909142017364502,70266
20.91004729270935,70266
20.91135811805725,70266
20.912264347076416,70266
20.91315197944641,70266
20.914037227630615,70266
20.91534447669983,70266
20.91623616218567,70266
20.917120456695557,70266
20.918003797531128,70266
20.91930913925171,70266
20.920191287994385,70266
20.921074390411377,70266
20.9223792552948,70266
20.923262119293213,70266
20.92414617538452,70266
20.925033569335938,70266
20.926352739334106,70266
20.927239418029785,70266
20.928123474121094,70266
20.929007530212402,70266
20.93031668663025,70266
20.931201219558716,70266
20.93208360671997,70266
20.933393239974976,70266
20.934279918670654,70266
20.93516516685486,70266
20.93605947494507,70266
20.937368392944336,70266
20.938250303268433,70266
20.939135551452637,70266
20.940021514892578,70266
20.94133186340332,70266
20.942214488983154,70266
20.94309973716736,70266
20.944006204605103,70266
20.945316553115845,70266
20.94621253013611,70266
20.947096586227417,70266
20.94840693473816,70266
20.949294805526733,70266
20.950180530548096,70266
20.951065063476562,70266
20.952375888824463,70266
20.95326042175293,70266
20.954146146774292,70266
20.95503258705139,70266
20.95635437965393,70266
20.95723605155945,70266
20.958120107650757,70266
20.959007024765015,70266
20.960314989089966,70266
20.961198329925537,70266
20.96208429336548,70266
20.96338963508606,70266
20.964271545410156,70266
20.96515727043152,70266
20.966055393218994,70266
20.96736478805542,70266
20.96825075149536,70266
20.969136476516724,70266
20.970023155212402,70266
20.97133183479309,70266
20.972217321395874,70266
20.973100900650024,70266
20.974408864974976,70266
20.975293397903442,70266
20.976188898086548,70266
20.977073907852173,70266
20.97838258743286,70266
20.97926354408264,70266
20.980149269104004,70266
20.981035232543945,70266
20.982340335845947,70266
20.983223915100098,70266
20.984107494354248,70266
20.98541235923767,70266
20.986310243606567,70266
20.987197637557983,70266
20.98808193206787,70266
20.989388465881348,70266
20.990274667739868,70266
20.99116349220276,70266
20.992048025131226,70266
20.993356704711914,70266
20.994239330291748,70266
20.99512219429016,70266
20.996014833450317,70266
20.99732208251953,70266
20.99820375442505,70266
20.999088287353516,70266
21.000393867492676,70266
21.00127911567688,70266
21.002163410186768,70266
21.003050088882446,70266
21.00435519218445,70266
21.00524067878723,70266
21.006131887435913,70266
21.00701594352722,70266
21.008320331573486,70266
21.009199619293213,70266
21.010082244873047,70266
21.01138687133789,70266
21.012271404266357,70266
21.0131573677063,70266
21.01404595375061,70266
21.01535415649414,70266
21.01624846458435,70266
21.017131328582764,70266
21.01801872253418,70266
21.019326210021973,70266
21.020209550857544,70266
21.02109146118164,70266
21.022395372390747,70266
21.023281574249268,70266
21.02416491508484,70266
21.02504801750183,70266
21.026362895965576,70266
21.02724599838257,70266
21.028131008148193,70266
21.02901601791382,70266
21.030322074890137,70266
21.031206607818604,70266
21.032090425491333,70266
21.03339719772339,70266
21.034279346466064,70266
21.03516387939453,70266
21.0360586643219,70266
21.037367343902588,70266
21.038249015808105,70266
21.039130926132202,70266
21.040014266967773,70266
21.0413179397583,70266
21.042198181152344,70266
21.043081045150757,70266
21.044387578964233,70266
21.04526972770691,70266
21.046163082122803,70266
21.04704785346985,70266
21.04835557937622,70266
21.049238920211792,70266
21.0501229763031,70266
21.051008224487305,70266
21.05231761932373,70266
21.053199768066406,70266
21.054084062576294,70266
21.055391311645508,70266
21.056285619735718,70266
21.05716824531555,70266
21.058051586151123,70266
21.05935835838318,70266
21.060240268707275,70266
21.06112051010132,70266
21.06200408935547,70266
21.063308715820312,70266
21.0641930103302,70266
21.065075159072876,70266
21.066391944885254,70266
21.067277193069458,70266
21.06816291809082,70266
21.069047212600708,70266
21.070353269577026,70266
21.071237564086914,70266
21.0721173286438,70266
21.073004722595215,70266
21.07431173324585,70266
21.075196981430054,70266
21.076090335845947,70266
21.077394247055054,70266
21.078280448913574,70266
21.079167366027832,70266
21.080050230026245,70266
21.081355333328247,70266
21.08223819732666,70266
21.083120107650757,70266
21.08400797843933,70266
21.085315465927124,70266
21.086210012435913,70266
21.087092399597168,70266
21.08839988708496,70266
21.089285373687744,70266
21.090171337127686,70266
21.09105634689331,70266
21.092363595962524,70266
21.093250036239624,70266
21.094132661819458,70266
21.095017910003662,70266
21.096336841583252,70266
21.09722113609314,70266
21.09810519218445,70266
21.09941339492798,70266
21.10029935836792,70266
21.10118317604065,70266
21.102065324783325,70266
21.10337495803833,70266
21.104258060455322,70266
21.10514259338379,70266
21.106038331985474,70266
21.107349157333374,70266
21.10823154449463,70266
21.109113931655884,70266
21.110422372817993,70266
21.11130928993225,70266
21.1121928691864,70266
21.113078594207764,70266
21.11438512802124,70266
21.115270614624023,70266
21.116167068481445,70266
21.117051124572754,70266
21.11835527420044,70266
21.11923885345459,70266
21.120121955871582,70266
21.1210036277771,70266
21.12230944633484,70266
21.12319254875183,70266
21.124077320098877,70266
21.125382661819458,70266
21.12627387046814,70266
21.127155303955078,70266
21.12804079055786,70266
21.1293466091156,70266
21.130229473114014,70266
21.13111448287964,70266
21.132420539855957,70266
21.133306980133057,70266
21.134193658828735,70266
21.135076761245728,70266
21.13639235496521,70266
21.137278079986572,70266
21.138164281845093,70266
21.139048099517822,70266
21.140358448028564,70266
21.141244173049927,70266
21.142124891281128,70266
21.14301109313965,70266
21.14434289932251,70266
21.14522647857666,70266
21.1461181640625,70266
21.147006034851074,70266
21.14831280708313,70266
21.14922070503235,70266
21.150107383728027,70266
21.15141248703003,70266
21.15229630470276,70266
21.153180599212646,70266
21.15406608581543,70266
21.15537405014038,70266
21.156269073486328,70266
21.157153844833374,70266
21.158035278320312,70266
21.15934181213379,70266
21.160227298736572,70266
21.16110920906067,70266
21.1624174118042,70266
21.163304567337036,70266
21.164191246032715,70266
21.16507363319397,70266
21.166395664215088,70266
21.167280912399292,70266
21.168166637420654,70266
21.169049739837646,70266
21.170360326766968,70266
21.17124652862549,70266
21.17213249206543,70266
21.17301893234253,70266
21.174326419830322,70266
21.175209999084473,70266
21.17610263824463,70266
21.177411556243896,70266
21.17829656600952,70266
21.179180145263672,70266
21.180063724517822,70266
21.18137240409851,70266
21.182255744934082,70266
21.18314003944397,70266
21.18402647972107,70266
21.18533444404602,70266
21.186227560043335,70266
21.18711543083191,70266
21.188003540039062,70266
21.189311981201172,70266
21.190196752548218,70266
21.19108271598816,70266
21.192389965057373,70266
21.193275690078735,70266
21.19415831565857,70266
21.19504404067993,70266
21.196362733840942,70266
21.197245359420776,70266
21.198131561279297,70266
21.199018001556396,70266
21.200324296951294,70266
21.201207399368286,70266
21.20209002494812,70266
21.20339798927307,70266
21.20428228378296,70266
21.20516872406006,70266
21.20606255531311,70266
21.20737314224243,70266
21.20825695991516,70266
21.209139347076416,70266
21.21002507209778,70266
21.211328744888306,70266
21.21220898628235,70266
21.213091135025024,70266
21.214398860931396,70266
21.21528458595276,70266
21.216179609298706,70266
21.217063188552856,70266
21.218368768692017,70266
21.21925163269043,70266
21.220136642456055,70266
21.221022367477417,70266
21.22233009338379,70266
21.22321105003357,70266
21.224095106124878,70266
21.225402116775513,70266
21.226299285888672,70266
21.227181673049927,70266
21.228065252304077,70266
21.2293701171875,70266
21.230251789093018,70266
21.231136560440063,70266
21.23202157020569,70266
21.233325958251953,70266
21.23420810699463,70266
21.2350914478302,70266
21.23641061782837,70266
21.237298011779785,70266
21.238184452056885,70266
21.23906970024109,70266
21.24037480354309,70266
21.241260051727295,70266
21.24214267730713,70266
21.243025541305542,70266
21.24433135986328,70266
21.24520969390869,70266
21.246103048324585,70266
21.24741244316101,70266
21.248297929763794,70266
21.249184608459473,70266
21.250067472457886,70266
21.251376628875732,70266
21.252260446548462,70266
21.253145694732666,70266
21.254033088684082,70266
21.255342483520508,70266
21.25623869895935,70266
21.257120847702026,70266
21.25800657272339,70266
21.259315729141235,70266
21.260201454162598,70266
21.2610867023468,70266
21.262393474578857,70266
21.2632794380188,70266
21.26416516304016,70266
21.26505136489868,70266
21.2663676738739,70266
21.26725172996521,70266
21.268136024475098,70266
21.269022941589355,70266
21.27032995223999,70266
21.271212100982666,70266
21.272093534469604,70266
21.273399591445923,70266
21.274285316467285,70266
21.27517080307007,70266
21.27606511116028,70266
21.277374029159546,70266
21.27825903892517,70266
21.27914595603943,70266
21.28002905845642,70266
21.281334161758423,70266
21.282216787338257,70266
21.283101558685303,70266
21.28440546989441,70266
21.285290956497192,70266
21.286186933517456,70266
21.287073135375977,70266
21.28838086128235,70266
21.28926730155945,70266
21.290151834487915,70266
21.29103374481201,70266
21.292338609695435,70266
21.29322123527527,70266
21.294103622436523,70266
21.295408487319946,70266
21.296302795410156,70266
21.297184467315674,70266
21.298064708709717,70266
21.29937171936035,70266
21.300254583358765,70266
21.30113983154297,70266
21.30202317237854,70266
21.303332567214966,70266
21.304217100143433,70266
21.305102586746216,70266
21.306419134140015,70266
21.307307243347168,70266
21.308194637298584,70266
21.30908203125,70266
21.31038784980774,70266
21.311272621154785,70266
21.31218194961548,70266
21.31306552886963,70266
21.314372777938843,70266
21.31525492668152,70266
21.31614923477173,70266
21.317036628723145,70266
21.31834578514099,70266
21.31923222541809,70266
21.320117235183716,70266
21.321004390716553,70266
21.32231903076172,70266
21.323203325271606,70266
21.324086904525757,70266
21.3253915309906,70266
21.326283931732178,70266
21.32718586921692,70266
21.328068494796753,70266
21.32937502861023,70266
21.33027696609497,70266
21.331178426742554,70266
21.3320631980896,70266
21.333369731903076,70266
21.334251880645752,70266
21.335139274597168,70266
21.336036443710327,70266
21.33734369277954,70266
21.338225841522217,70266
21.339107990264893,70266
21.340412855148315,70266
21.341299772262573,70266
21.342185020446777,70266
21.34306788444519,70266
21.344398736953735,70266
21.34528136253357,70266
21.34617567062378,70266
21.347058534622192,70266
21.34837031364441,70266
21.349252462387085,70266
21.35013437271118,70266
21.351017236709595,70266
21.35232400894165,70266
21.353209495544434,70266
21.354092121124268,70266
21.35539937019348,70266
21.3562912940979,70266
21.35717487335205,70266
21.35805630683899,70266
21.359360456466675,70266
21.360240936279297,70266
21.361122131347656,70266
21.36200499534607,70266
21.363311529159546,70266
21.36419367790222,70266
21.36507487297058,70266
21.366389989852905,70266
21.36727285385132,70266
21.368157863616943,70266
21.369040966033936,70266
21.370343923568726,70266
21.37122130393982,70266
21.37210488319397,70266
21.373407125473022,70266
21.37428903579712,70266
21.375173091888428,70266
21.376065254211426,70266
21.377370595932007,70266
21.37825298309326,70266
21.379136085510254,70266
21.380019426345825,70266
21.381324768066406,70266
21.382203817367554,70266
21.383086681365967,70266
21.384392499923706,70266
21.385276079177856,70266
21.386167287826538,70266
21.38705062866211,70266
21.38835597038269,70266
21.389237642288208,70266
21.39011788368225,70266
21.391422510147095,70266
21.392306804656982,70266
21.393190383911133,70266
21.394073724746704,70266
21.39537763595581,70266
21.396271228790283,70266
21.39715552330017,70266
21.39803910255432,70266
21.399346828460693,70266
21.400227546691895,70266
21.40111017227173,70266
21.402416229248047,70266
21.403303623199463,70266
21.404186964035034,70266
21.405070304870605,70266
21.40638494491577,70266
21.40726900100708,70266
21.40815281867981,70266
21.409034967422485,70266
21.410340785980225,70266
21.41122269630432,70266
21.41210389137268,70266
21.413407802581787,70266
21.414294481277466,70266
21.41517734527588,70266
21.41606903076172,70266
21.417370796203613,70266
21.41825294494629,70266
21.41913366317749,70266
21.420020818710327,70266
21.421326637268066,70266
21.422210454940796,70266
21.423092126846313,70266
21.424397945404053,70266
21.425283193588257,70266
21.426177740097046,70266
21.42705988883972,70266
21.428362131118774,70266
21.429242849349976,70266
21.43012547492981,70266
21.431009531021118,70266
21.432313442230225,70266
21.43319821357727,70266
21.434083461761475,70266
21.435386180877686,70266
21.436279296875,70266
21.437165021896362,70266
21.438047885894775,70266
21.43935203552246,70266
21.440234422683716,70266
21.4411141872406,70266
21.442416191101074,70266
21.443298816680908,70266
21.44418239593506,70266
21.445062160491943,70266
21.446377277374268,70266
21.447258949279785,70266
21.448140859603882,70266
21.44902777671814,70266
21.450334072113037,70266
21.451218128204346,70266
21.45210313796997,70266
21.453407287597656,70266
21.45429229736328,70266
21.455177307128906,70266
21.456066131591797,70266
21.45737075805664,70266
21.458251953125,70266
21.459133863449097,70266
21.46001648902893,70266
21.461320877075195,70266
21.46220326423645,70266
21.463091135025024,70266
21.464396238327026,70266
21.46527910232544,70266
21.466173887252808,70266
21.46705460548401,70266
21.46836280822754,70266
21.4692440032959,70266
21.470125675201416,70266
21.471010446548462,70266
21.472313404083252,70266
21.47319722175598,70266
21.47407841682434,70266
21.475383043289185,70266
21.47627568244934,70266
21.47715711593628,70266
21.478041172027588,70266
21.479349613189697,70266
21.480233669281006,70266
21.481117248535156,70266
21.482423305511475,70266
21.483308792114258,70266
21.48419451713562,70266
21.485079050064087,70266
21.48639678955078,70266
21.487280130386353,70266
21.48816466331482,70266
21.489051342010498,70266
21.490360260009766,70266
21.491243600845337,70266
21.492122888565063,70266
21.49300718307495,70266
21.494311809539795,70266
21.49519443511963,70266
21.49608588218689,70266
21.49739098548889,70266
21.498276710510254,70266
21.499163150787354,70266
21.500047206878662,70266
21.50135612487793,70266
21.502238035202026,70266
21.50312352180481,70266
21.504006385803223,70266
21.505308389663696,70266
21.506200313568115,70266
21.507086753845215,70266
21.508395433425903,70266
21.509280681610107,70266
21.510168313980103,70266
21.511051177978516,70266
21.512353658676147,70266
21.513237476348877,70266
21.514118909835815,70266
21.51542568206787,70266
21.516323804855347,70266
21.51720643043518,70266
21.518089056015015,70266
21.51939344406128,70266
21.52027654647827,70266
21.521161556243896,70266
21.52204465866089,70266
21.523351192474365,70266
21.52423667907715,70266
21.525121688842773,70266
21.526017904281616,70266
21.52732276916504,70266
21.528207063674927,70266
21.529089212417603,70266
21.530393362045288,70266
21.5312762260437,70266
21.532161235809326,70266
21.533043384552002,70266
21.53434920310974,70266
21.53523087501526,70266
21.53611731529236,70266
21.53742027282715,70266
21.538302659988403,70266
21.539183616638184,70266
21.540063858032227,70266
21.541366577148438,70266
21.542247772216797,70266
21.543129444122314,70266
21.544039249420166,70266
21.545344591140747,70266
21.546238899230957,70266
21.547120332717896,70266
21.548004150390625,70266
21.549309492111206,70266
21.55019450187683,70266
21.55107879638672,70266
21.552385330200195,70266
21.55326771736145,70266
21.554149389266968,70266
21.555034160614014,70266
21.556351900100708,70266
21.557233810424805,70266
21.558115482330322,70266
21.55942153930664,70266
21.560306072235107,70266
21.561187982559204,70266
21.562072038650513,70266
21.563377857208252,70266
21.56426167488098,70266
21.565145254135132,70266
21.566043615341187,70266
21.5673508644104,70266
21.568233966827393,70266
21.56911563873291,70266
21.570419311523438,70266
21.57130527496338,70266
21.57219171524048,70266
21.57307481765747,70266
21.574378490447998,70266
21.575260639190674,70266
21.576180458068848,70266
21.57706308364868,70266
21.578370571136475,70266
21.57925248146057,70266
21.580135822296143,70266
21.581018447875977,70266
21.58207631111145,70266
21.583289861679077,70266
21.584181308746338,70266
21.585081100463867,70266
21.586416482925415,70266
21.587308645248413,70266
21.588195323944092,70266
21.589102506637573,70266
21.59040927886963,70266
21.591298580169678,70266
21.592201232910156,70266
21.593098878860474,70266
21.59440565109253,70266
21.59528946876526,70266
21.5961856842041,70266
21.5970675945282,70266
21.59837532043457,70266
21.599256992340088,70266
21.60014271736145,70266
21.601028442382812,70266
21.60233497619629,70266
21.603216886520386,70266
21.604098320007324,70266
21.60540509223938,70266
21.606297492980957,70266
21.607181787490845,70266
21.608064889907837,70266
21.609368801116943,70266
21.61025309562683,70266
21.611136436462402,70266
21.61202073097229,70266
21.61332869529724,70266
21.614211559295654,70266
21.615095138549805,70266
21.616415977478027,70266
21.617303371429443,70266
21.618186712265015,70266
21.61907148361206,70266
21.620376586914062,70266
21.62125825881958,70266
21.622140884399414,70266
21.62302541732788,70266
21.62433433532715,70266
21.6252179145813,70266
21.626109838485718,70266
21.627418518066406,70266
21.628304719924927,70266
21.62918972969055,70266
21.63007402420044,70266
21.631382942199707,70266
21.632264614105225,70266
21.633150815963745,70266
21.634034872055054,70266
21.635342597961426,70266
21.636233806610107,70266
21.63711452484131,70266
21.638423442840576,70266
21.639312744140625,70266
21.64019799232483,70266
21.641083478927612,70266
21.642389059066772,70266
21.64327120780945,70266
21.644157648086548,70266
21.6450412273407,70266
21.64635729789734,70266
21.64724373817444,70266
21.648128509521484,70266
21.64901113510132,70266
21.65031909942627,70266
21.651206493377686,70266
21.652092456817627,70266
21.653400897979736,70266
21.65428590774536,70266
21.65516948699951,70266
21.656063556671143,70266
21.65736985206604,70266
21.65825581550598,70266
21.659140586853027,70266
21.660022258758545,70266
21.66132664680481,70266
21.66220736503601,70266
21.663089513778687,70266
21.66439414024353,70266
21.665276527404785,70266
21.666172981262207,70266
21.667057037353516,70266
21.6683611869812,70266
21.669243335723877,70266
21.670125246047974,70266
21.67100977897644,70266
21.67231774330139,70266
21.673206090927124,70266
21.67409086227417,70266
21.675398111343384,70266
21.67629313468933,70266
21.677178382873535,70266
21.678062677383423,70266
21.679367780685425,70266
21.68025279045105,70266
21.681138277053833,70266
21.68202495574951,70266
21.68333101272583,70266
21.68421483039856,70266
21.68509602546692,70266
21.686416149139404,70266
21.6873037815094,70266
21.68818974494934,70266
21.68907642364502,70266
21.69038462638855,70266
21.691267490386963,70266
21.692153930664062,70266
21.693039417266846,70266
21.69434690475464,70266
21.695231914520264,70266
21.696122407913208,70266
21.697009086608887,70266
21.698318481445312,70266
21.699202299118042,70266
21.700087547302246,70266
21.70139503479004,70266
21.7022807598114,70266
21.703166723251343,70266
21.704051733016968,70266
21.70535707473755,70266
21.706250429153442,70266
21.707135438919067,70266
21.708020448684692,70266
21.70932698249817,70266
21.710211515426636,70266
21.711096048355103,70266
21.712400913238525,70266
21.713285446166992,70266
21.714168310165405,70266
21.715052604675293,70266
21.716371536254883,70266
21.717254877090454,70266
21.718138456344604,70266
21.719027042388916,70266
21.720338821411133,70266
21.721223831176758,70266
21.722108125686646,70266
21.723416805267334,70266
21.724302053451538,70266
21.725186824798584,70266
21.726078987121582,70266
21.72738289833069,70266
21.728268146514893,70266
21.72915244102478,70266
21.730037450790405,70266
21.731345653533936,70266
21.73222827911377,70266
21.733112335205078,70266
21.734418153762817,70266
21.735304594039917,70266
21.736197471618652,70266
21.73708176612854,70266
21.738385677337646,70266
21.739269256591797,70266
21.740152597427368,70266
21.741036415100098,70266
21.742345333099365,70266
21.743226528167725,70266
21.744129419326782,70266
21.745017766952515,70266
21.746335983276367,70266
21.74722170829773,70266
21.748103618621826,70266
21.74940800666809,70266
21.750291347503662,70266
21.751173973083496,70266
21.752055883407593,70266
21.753360748291016,70266
21.754247426986694,70266
21.75513195991516,70266
21.75602626800537,70266
21.75733470916748,70266
21.75821828842163,70266
21.759104251861572,70266
21.76041054725647,70266
21.76129698753357,70266
21.762181997299194,70266
21.763066053390503,70266
21.764374017715454,70266
21.76525640487671,70266
21.766151905059814,70266
21.767038345336914,70266
21.768343925476074,70266
21.769227743148804,70266
21.770108938217163,70266
21.771416187286377,70266
21.772299766540527,70266
21.77318549156189,70266
21.774068117141724,70266
21.77537751197815,70266
21.776269912719727,70266
21.77715516090393,70266
21.778043270111084,70266
21.779349327087402,70266
21.780232667922974,70266
21.78111457824707,70266
21.782423496246338,70266
21.78330898284912,70266
21.784194231033325,70266
21.785080194473267,70266
21.786397457122803,70266
21.787282705307007,70266
21.78816819190979,70266
21.78905200958252,70266
21.79035520553589,70266
21.79123878479004,70266
21.79212236404419,70266
21.793007612228394,70266
21.79431462287903,70266
21.79520297050476,70266
21.796098232269287,70266
21.79740834236145,70266
21.79829478263855,70266
21.799181699752808,70266
21.800065755844116,70266
21.801374912261963,70266
21.802261352539062,70266
21.80314612388611,70266
21.80403232574463,70266
21.805339574813843,70266
21.80623173713684,70266
21.80711579322815,70266
21.808422327041626,70266
21.809306621551514,70266
21.81020736694336,70266
21.81109642982483,70266
21.8124098777771,70266
21.813318014144897,70266
21.814218997955322,70266
21.81510639190674,70266
21.816003799438477,70266
21.81731343269348,70266
21.818196058273315,70266
21.819079875946045,70266
21.820390224456787,70266
21.82127547264099,70266
21.82215976715088,70266
21.823043823242188,70266
21.82434892654419,70266
21.825230836868286,70266
21.826122999191284,70266
21.827009201049805,70266
21.828316688537598,70266
21.829203128814697,70266
21.830087184906006,70266
21.83139705657959,70266
21.832284688949585,70266
21.833171367645264,70266
21.83405637741089,70266
21.83536648750305,70266
21.836260318756104,70266
21.837145566940308,70266
21.8380343914032,70266
21.839342832565308,70266
21.84022808074951,70266
21.841114044189453,70266
21.842421293258667,70266
21.84330725669861,70266
21.844194650650024,70266
21.84507918357849,70266
21.846399545669556,70266
21.847288370132446,70266
21.848172903060913,70266
21.84906005859375,70266
21.85036587715149,70266
21.851250171661377,70266
21.852134227752686,70266
21.853017807006836,70266
21.854325771331787,70266
21.855209827423096,70266
21.85610342025757,70266
21.85740852355957,70266
21.85829448699951,70266
21.859180688858032,70266
21.8600652217865,70266
21.861376523971558,70266
21.86226201057434,70266
21.863144874572754,70266
21.864030599594116,70266
21.865338802337646,70266
21.866233825683594,70266
21.867117643356323,70266
21.868004083633423,70266
21.86931562423706,70266
21.870200157165527,70266
21.871087312698364,70266
21.872395992279053,70266
21.873281002044678,70266
21.87416672706604,70266
21.875051498413086,70266
21.876370668411255,70266
21.877254962921143,70266
21.87814450263977,70266
21.879033088684082,70266
21.880340337753296,70266
21.88122534751892,70266
21.882109880447388,70266
21.883419513702393,70266
21.88430643081665,70266
21.8851900100708,70266
21.886085271835327,70266
21.88739538192749,70266
21.888280630111694,70266
21.889167308807373,70266
21.890052556991577,70266
21.8913631439209,70266
21.892244577407837,70266
21.89312982559204,70266
21.894017219543457,70266
21.895323991775513,70266
21.89621925354004,70266
21.89710521697998,70266
21.89841628074646,70266
21.899303674697876,70266
21.90018892288208,70266
21.90107750892639,70266
21.902384519577026,70266
21.90326952934265,70266
21.90415596961975,70266
21.90504264831543,70266
21.906365633010864,70266
21.9072482585907,70266
21.90813398361206,70266
21.909025192260742,70266
21.91033625602722,70266
21.91123914718628,70266
21.912123918533325,70266
21.913034200668335,70266
21.914345741271973,70266
21.915229320526123,70266
21.91612148284912,70266
21.91700839996338,70266
21.918319702148438,70266
21.919206857681274,70266
21.920092821121216,70266
21.92140030860901,70266
21.922288179397583,70266
21.92317271232605,70266
21.92405939102173,70266
21.92536950111389,70266
21.92626118659973,70266
21.927146196365356,70266
21.92803168296814,70266
21.929341554641724,70266
21.930227756500244,70266
21.93111228942871,70266
21.932419061660767,70266
21.933305025100708,70266
21.934192180633545,70266
21.935075998306274,70266
21.93639612197876,70266
21.937283992767334,70266
21.938169956207275,70266
21.939053058624268,70266
21.94036364555359,70266
21.941247940063477,70266
21.94213080406189,70266
21.94301748275757,70266
21.944348573684692,70266
21.945232629776,70266
21.946125507354736,70266
21.9470112323761,70266
21.948317527770996,70266
21.94920253753662,70266
21.950088024139404,70266
21.951398372650146,70266
21.952285528182983,70266
21.95317244529724,70266
21.954057216644287,70266
21.955366373062134,70266
21.95626187324524,70266
21.95715022087097,70266
21.958036422729492,70266
21.95934534072876,70266
21.96023154258728,70266
21.96111488342285,70266
21.962423086166382,70266
21.963311672210693,70266
21.964197874069214,70266
21.965083599090576,70266
21.96640110015869,70266
21.967286825180054,70266
21.9681715965271,70266
21.96905779838562,70266
21.97036600112915,70266
21.97124934196472,70266
21.972134590148926,70266
21.973020553588867,70266
21.974329948425293,70266
21.975220203399658,70266
21.976113080978394,70266
21.977423429489136,70266
21.97830867767334,70266
21.979193449020386,70266
21.980079174041748,70266
21.981388092041016,70266
21.98227334022522,70266
21.983157873153687,70266
21.984046936035156,70266
21.985353231430054,70266
21.986249446868896,70266
21.987136840820312,70266
21.988024950027466,70266
21.98933696746826,70266
21.990221738815308,70266
21.991104125976562,70266
21.992412090301514,70266
21.993297815322876,70266
21.994182109832764,70266
21.995067596435547,70266
21.99638819694519,70266
21.997272491455078,70266
21.998157262802124,70266
21.999043941497803,70266
22.00035047531128,70266
22.001234531402588,70266
22.002118587493896,70266
22.0030038356781,70266
22.004312992095947,70266
22.005199193954468,70266
22.006097555160522,70266
22.007405996322632,70266
22.008291959762573,70266
22.009177207946777,70266
22.010060787200928,70266
22.01137137413025,70266
22.012256145477295,70266
22.01314377784729,70266
22.014029264450073,70266
22.015339612960815,70266
22.01623511314392,70266
22.017120361328125,70266
22.018006324768066,70266
22.01931643486023,70266
22.020203113555908,70266
22.021090507507324,70266
22.02239966392517,70266
22.02328896522522,70266
22.02417540550232,70266
22.025059700012207,70266
22.026378631591797,70266
22.02726459503174,70266
22.0281503200531,70266
22.029038667678833,70266
22.030345916748047,70266
22.031230926513672,70266
22.032116413116455,70266
22.033004999160767,70266
22.03431725502014,70266
22.03520441055298,70266
22.036097764968872,70266
22.037405014038086,70266
22.03829264640808,70266
22.039177656173706,70266
22.04006314277649,70266
22.041372776031494,70266
22.042256593704224,70266
22.043141841888428,70266
22.044028997421265,70266
22.045339822769165,70266
22.04623508453369,70266
22.04711890220642,70266
22.048004627227783,70266
22.04931378364563,70266
22.050200700759888,70266
22.0510892868042,70266
22.052399158477783,70266
22.053287267684937,70266
22.054174184799194,70266
22.0550594329834,70266
22.056379318237305,70266
22.057265043258667,70266
22.058151483535767,70266
22.059038639068604,70266
22.06034779548645,70266
22.061232089996338,70266
22.062117338180542,70266
22.063003301620483,70266
22.064314126968384,70266
22.065197944641113,70266
22.066094636917114,70266
22.067405462265015,70266
22.068290948867798,70266
22.069177865982056,70266
22.070061445236206,70266
22.071370124816895,70266
22.072257041931152,70266
22.073144674301147,70266
22.074031829833984,70266
22.075340747833252,70266
22.076237440109253,70266
22.077120780944824,70266
22.078009128570557,70266
22.079320192337036,70266
22.080204725265503,70266
22.08109140396118,70266
22.08240032196045,70266
22.083285808563232,70266
22.08417057991028,70266
22.085054874420166,70266
22.08637523651123,70266
22.087257146835327,70266
22.088142156600952,70266
22.08903193473816,70266
22.0903422832489,70266
22.091228485107422,70266
22.09211015701294,70266
22.093418836593628,70266
22.094305753707886,70266
22.09519052505493,70266
22.09608292579651,70266
22.097388982772827,70266
22.09827494621277,70266
22.099159002304077,70266
22.10004496574402,70266
22.101350784301758,70266
22.102234363555908,70266
22.10312294960022,70266
22.104010343551636,70266
22.105316877365112,70266
22.10621404647827,70266
22.107097864151,70266
22.108407020568848,70266
22.109290838241577,70266
22.110175609588623,70266
22.111058473587036,70266
22.11236333847046,70266
22.11324405670166,70266
22.114128589630127,70266
22.115032196044922,70266
22.116350650787354,70266
22.117249965667725,70266
22.118149280548096,70266
22.119038820266724,70266
22.120348691940308,70266
22.12123394012451,70266
22.122119188308716,70266
22.12300395965576,70266
22.124310731887817,70266
22.125192880630493,70266
22.126087427139282,70266
22.127391815185547,70266
22.128275394439697,70266
22.12915849685669,70266
22.13004422187805,70266
22.131353855133057,70266
22.132237195968628,70266
22.133119583129883,70266
22.13400626182556,70266
22.135313749313354,70266
22.136211156845093,70266
22.13709831237793,70266
22.138404846191406,70266
22.139288902282715,70266
22.140174388885498,70266
22.14105796813965,70266
22.142364501953125,70266
22.143248796463013,70266
22.144155263900757,70266
22.145041465759277,70266
22.146360874176025,70266
22.14724898338318,70266
22.148133993148804,70266
22.14902138710022,70266
22.15035891532898,70266
22.151244401931763,70266
22.15213108062744,70266
22.15301775932312,70266
22.154324531555176,70266
22.15520977973938,70266
22.156105518341064,70266
22.157411336898804,70266
22.15829873085022,70266
22.15918254852295,70266
22.16006636619568,70266
22.161372900009155,70266
22.16225790977478,70266
22.16314673423767,70266
22.16403102874756,70266
22.165342330932617,70266
22.166236877441406,70266
22.16712260246277,70266
22.1680109500885,70266
22.169320106506348,70266
22.17020606994629,70266
22.171090126037598,70266
22.172396421432495,70266
22.173279762268066,70266
22.174166202545166,70266
22.175049781799316,70266
22.17636752128601,70266
22.17725157737732,70266
22.17813539505005,70266
22.17902183532715,70266
22.180328607559204,70266
22.181209802627563,70266
22.182093143463135,70266
22.18340015411377,70266
22.18428611755371,70266
22.185173511505127,70266
22.186069011688232,70266
22.18737530708313,70266
22.188255548477173,70266
22.18913960456848,70266
22.190025568008423,70266
22.191333770751953,70266
22.192216396331787,70266
22.193100690841675,70266
22.194408893585205,70266
22.1952965259552,70266
22.196192979812622,70266
22.197078943252563,70266
22.19838857650757,70266
22.199275016784668,70266
22.200161457061768,70266
22.20104742050171,70266
22.20235586166382,70266
22.203241109848022,70266
22.20412588119507,70266
22.20501208305359,70266
22.206334114074707,70266
22.207218170166016,70266
22.208105325698853,70266
22.20941400527954,70266
22.210301637649536,70266
22.211190462112427,70266
22.21207547187805,70266
22.2133846282959,70266
22.214269638061523,70266
22.215155124664307,70266
22.216052293777466,70266
22.217360019683838,70266
22.218241691589355,70266
22.21912670135498,70266
22.220014333724976,70266
22.22132110595703,70266
22.222206592559814,70266
22.22308921813965,70266
22.224398851394653,70266
22.225282907485962,70266
22.22617793083191,70266
22.22706437110901,70266
22.22837495803833,70266
22.229258060455322,70266
22.230144500732422,70266
22.231033086776733,70266
22.232340812683105,70266
22.233225107192993,70266
22.234107971191406,70266
22.23541831970215,70266
22.2363178730011,70266
22.237204790115356,70266
22.238091707229614,70266
22.239399671554565,70266
22.240286588668823,70266
22.241170167922974,70266
22.242056131362915,70266
22.24336266517639,70266
22.24424695968628,70266
22.245134353637695,70266
22.24603796005249,70266
22.247342824935913,70266
22.248227834701538,70266
22.249109983444214,70266
22.25041913986206,70266
22.251303672790527,70266
22.25218963623047,70266
22.25307583808899,70266
22.254380702972412,70266
22.25526475906372,70266
22.25615882873535,70266
22.257043838500977,70266
22.25835132598877,70266
22.25923466682434,70266
22.260118007659912,70266
22.26142168045044,70266
22.26230764389038,70266
22.26319122314453,70266
22.26407217979431,70266
22.26537823677063,70266
22.266271591186523,70266
22.26715636253357,70266
22.26804208755493,70266
22.269347429275513,70266
22.270230531692505,70266
22.271111726760864,70266
22.272417783737183,70266
22.273303031921387,70266
22.274186611175537,70266
22.275068283081055,70266
22.27638602256775,70266
22.27726936340332,70266
22.278154134750366,70266
22.27904224395752,70266
22.280348777770996,70266
22.28123140335083,70266
22.2821147441864,70266
22.283421277999878,70266
22.284307956695557,70266
22.285191297531128,70266
22.286083221435547,70266
22.287389516830444,70266
22.28827667236328,70266
22.28916049003601,70266
22.290045738220215,70266
22.291351795196533,70266
22.292235136032104,70266
22.29311776161194,70266
22.294003009796143,70266
22.29530906677246,70266
22.296201705932617,70266
22.297083139419556,70266
22.298396825790405,70266
22.29928159713745,70266
22.300164937973022,70266
22.301053285598755,70266
22.302359104156494,70266
22.303243398666382,70266
22.304128646850586,70266
22.30501413345337,70266
22.306331634521484,70266
22.30721378326416,70266
22.308095693588257,70266
22.309404134750366,70266
22.310288190841675,70266
22.311174631118774,70266
22.312082052230835,70266
22.31339192390442,70266
22.31427836418152,70266
22.31516122817993,70266
22.316056728363037,70266
22.3173611164093,70266
22.31824517250061,70266
22.31912636756897,70266
22.320008039474487,70266
22.32131052017212,70266
22.322192430496216,70266
22.323076963424683,70266
22.32438087463379,70266
22.325265407562256,70266
22.326159954071045,70266
22.327044248580933,70266
22.328349351882935,70266
22.329230546951294,70266
22.330113172531128,70266
22.331424236297607,70266
22.33231019973755,70266
22.333192348480225,70266
22.334078311920166,70266
22.335386276245117,70266
22.3362820148468,70266
22.337167978286743,70266
22.33805012702942,70266
22.339356660842896,70266
22.340240240097046,70266
22.341123342514038,70266
22.34200882911682,70266
22.343313217163086,70266
22.34422278404236,70266
22.345105409622192,70266
22.346421718597412,70266
22.347304821014404,70266
22.34818696975708,70266
22.34906792640686,70266
22.350372552871704,70266
22.351255655288696,70266
22.352139949798584,70266
22.35302209854126,70266
22.354329824447632,70266
22.355212688446045,70266
22.3561053276062,70266
22.35740900039673,70266
22.358293056488037,70266
22.359180450439453,70266
22.360066175460815,70266
22.361370086669922,70266
22.362253189086914,70266
22.36313557624817,70266
22.364022970199585,70266
22.36532950401306,70266
22.366223096847534,70266
22.36710500717163,70266
22.368414163589478,70266
22.369298219680786,70266
22.370182991027832,70266
22.37106728553772,70266
22.372373819351196,70266
22.373257637023926,70266
22.374143600463867,70266
22.375025987625122,70266
22.376342058181763,70266
22.3772234916687,70266
22.37810444831848,70266
22.37940502166748,70266
22.38028860092163,70266
22.38117218017578,70266
22.382054567337036,70266
22.383359909057617,70266
22.38424587249756,70266
22.385132551193237,70266
22.386027097702026,70266
22.387335300445557,70266
22.388216972351074,70266
22.389102935791016,70266
22.39040970802307,70266
22.391292095184326,70266
22.39217519760132,70266
22.393056869506836,70266
22.39436388015747,70266
22.395246982574463,70266
22.396143436431885,70266
22.39703106880188,70266
22.398340225219727,70266
22.39922785758972,70266
22.40010905265808,70266
22.401416540145874,70266
22.402305364608765,70266
22.403193473815918,70266
22.40407681465149,70266
22.40538215637207,70266
22.406275987625122,70266
22.407163858413696,70266
22.408047676086426,70266
22.409355878829956,70266
22.41024160385132,70266
22.411125898361206,70266
22.41201162338257,70266
22.41332197189331,70266
22.41420340538025,70266
22.415090084075928,70266
22.416410446166992,70266
22.41729497909546,70266
22.41818118095398,70266
22.41906476020813,70266
22.420372009277344,70266
22.421255826950073,70266
22.422139883041382,70266
22.423023223876953,70266
22.424328088760376,70266
22.425212621688843,70266
22.42610478401184,70266
22.427412033081055,70266
22.428296089172363,70266
22.429182052612305,70266
22.43006682395935,70266
22.43137550354004,70266
22.4322566986084,70266
22.433143854141235,70266
22.434030055999756,70266
22.435338735580444,70266
22.436233282089233,70266
22.43712067604065,70266
22.438008069992065,70266
22.43931794166565,70266
22.440202474594116,70266
22.44108819961548,70266
22.442397594451904,70266
22.443284034729004,70266
22.444168090820312,70266
22.44505262374878,70266
22.44637155532837,70266
22.447256565093994,70266
22.44814395904541,70266
22.449028730392456,70266
22.450336456298828,70266
22.451219081878662,70266
22.452104091644287,70266
22.453410625457764,70266
22.454299449920654,70266
22.455187797546387,70266
22.456082582473755,70266
22.45739221572876,70266
22.458277225494385,70266
22.45916175842285,70266
22.460047483444214,70266
22.46135711669922,70266
22.462241888046265,70266
22.463128805160522,70266
22.464012622833252,70266
22.465319633483887,70266
22.46621322631836,70266
22.467095136642456,70266
22.46840214729309,70266
22.469287872314453,70266
22.470171689987183,70266
22.471052885055542,70266
22.47235870361328,70266
22.47324299812317,70266
22.47412610054016,70266
22.47501254081726,70266
22.4763286113739,70266
22.47721004486084,70266
22.478092670440674,70266
22.479400157928467,70266
22.480284929275513,70266
22.481168031692505,70266
22.482053518295288,70266
22.483359575271606,70266
22.484243392944336,70266
22.485124826431274,70266
22.486021280288696,70266
22.487329721450806,70266
22.488211154937744,70266
22.48909091949463,70266
22.490394830703735,70266
22.491283178329468,70266
22.492167949676514,70266
22.493050813674927,70266
22.49435567855835,70266
22.495238065719604,70266
22.49613118171692,70266
22.497016191482544,70266
22.498323917388916,70266
22.49920964241028,70266
22.50009512901306,70266
22.501403331756592,70266
22.50228977203369,70266
22.50317144393921,70266
22.504054069519043,70266
22.50536346435547,70266
22.506258964538574,70266
22.50714612007141,70266
22.5080349445343,70266
22.509344577789307,70266
22.510227918624878,70266
22.511110544204712,70266
22.51241636276245,70266
22.51330327987671,70266
22.51418900489807,70266
22.515074253082275,70266
22.51639151573181,70266
22.51727533340454,70266
22.518162965774536,70266
22.51904797554016,70266
22.520352840423584,70266
22.521240234375,70266
22.522122144699097,70266
22.523008584976196,70266
22.5243182182312,70266
22.525205612182617,70266
22.526099681854248,70266
22.52741312980652,70266
22.528300762176514,70266
22.52918529510498,70266
22.530067205429077,70266
22.53137516975403,70266
22.532256364822388,70266
22.533140897750854,70266
22.534027576446533,70266
22.53533363342285,70266
22.536224126815796,70266
22.537105798721313,70266
22.538413047790527,70266
22.539299249649048,70266
22.54018211364746,70266
22.54106616973877,70266
22.54237413406372,70266
22.543256521224976,70266
22.54416799545288,70266
22.54505228996277,70266
22.546371698379517,70266
22.547255516052246,70266
22.548142433166504,70266
22.549028873443604,70266
22.550334215164185,70266
22.551215887069702,70266
22.55210018157959,70266
22.55340576171875,70266
22.5542893409729,70266
22.555174589157104,70266
22.55606508255005,70266
22.557373523712158,70266
22.5582537651062,70266
22.55913496017456,70266
22.56001877784729,70266
22.56132459640503,70266
22.562209606170654,70266
22.563096284866333,70266
22.56439995765686,70266
22.565285205841064,70266
22.56618046760559,70266
22.567063808441162,70266
22.568370819091797,70266
22.569251537322998,70266
22.57013201713562,70266
22.571017265319824,70266
22.57232403755188,70266
22.57320499420166,70266
22.574088096618652,70266
22.575396060943604,70266
22.576321125030518,70266
22.577205181121826,70266
22.57808828353882,70266
22.579392910003662,70266
22.5802800655365,70266
22.581164598464966,70266
22.582050561904907,70266
22.58306312561035,70266
22.58436632156372,70266
22.585256576538086,70266
22.586169481277466,70266
22.587069272994995,70266
22.588379859924316,70266
22.589266300201416,70266
22.590177536010742,70266
22.591063737869263,70266
22.59237265586853,70266
22.59327268600464,70266
22.594175338745117,70266
22.595062971115112,70266
22.59638214111328,70266
22.597267866134644,70266
22.598153591156006,70266
22.599037408828735,70266
22.60034441947937,70266
22.601232528686523,70266
22.60211730003357,70266
22.603423357009888,70266
22.604308605194092,70266
22.60519242286682,70266
22.606085777282715,70266
22.60739278793335,70266
22.608278274536133,70266
22.609161138534546,70266
22.61004614830017,70266
22.611350774765015,70266
22.6122305393219,70266
22.61311626434326,70266
22.614424467086792,70266
22.615314245224,70266
22.616207122802734,70266
22.617091178894043,70266
22.61839723587036,70266
22.61928415298462,70266
22.620166540145874,70266
22.621047258377075,70266
22.62235188484192,70266
22.6232328414917,70266
22.624113082885742,70266
22.625418663024902,70266
22.62631344795227,70266
22.627199411392212,70266
22.6280837059021,70266
22.629393577575684,70266
22.630278825759888,70266
22.631162643432617,70266
22.6320481300354,70266
22.63335609436035,70266
22.63423991203308,70266
22.63512372970581,70266
22.636020183563232,70266
22.637330293655396,70266
22.638214349746704,70266
22.63909888267517,70266
22.64040470123291,70266
22.641291618347168,70266
22.642175436019897,70266
22.64306116104126,70266
22.644365072250366,70266
22.645248889923096,70266
22.64614200592041,70266
22.647028923034668,70266
22.64833688735962,70266
22.649221181869507,70266
22.65010404586792,70266
22.651414155960083,70266
22.652299165725708,70266
22.653184413909912,70266
22.65406632423401,70266
22.65537142753601,70266
22.656265020370483,70266
22.65715003013611,70266
22.658037662506104,70266
22.659346342086792,70266
22.66023063659668,70266
22.661113262176514,70266
22.662418603897095,70266
22.66330361366272,70266
22.664186000823975,70266
22.665069103240967,70266
22.666393280029297,70266
22.667279481887817,70266
22.668164253234863,70266
22.66904926300049,70266
22.67035412788391,70266
22.67123818397522,70266
22.672119855880737,70266
22.673004627227783,70266
22.67431092262268,70266
22.67519474029541,70266
22.67608904838562,70266
22.67739486694336,70266
22.678280353546143,70266
22.679166078567505,70266
22.680047750473022,70266
22.681353330612183,70266
22.682236909866333,70266
22.683117151260376,70266
22.68442392349243,70266
22.685308933258057,70266
22.686203241348267,70266
22.687086820602417,70266
22.688392877578735,70266
22.68927574157715,70266
22.690159797668457,70266
22.691044330596924,70266
22.692352533340454,70266
22.693238496780396,70266
22.694122076034546,70266
22.695005655288696,70266
22.696325063705444,70266
22.69720768928528,70266
22.698090314865112,70266
22.69939637184143,70266
22.70028042793274,70266
22.701162576675415,70266
22.702046155929565,70266
22.703352689743042,70266
22.70423650741577,70266
22.70511770248413,70266
22.7060124874115,70266
22.707319974899292,70266
22.708204746246338,70266
22.709086894989014,70266
22.710391759872437,70266
22.711279153823853,70266
22.712164163589478,70266
22.713047742843628,70266
22.71435308456421,70266
22.715234994888306,70266
22.71612524986267,70266
22.717010498046875,70266
22.71831774711609,70266
22.719199657440186,70266
22.720083475112915,70266
22.721389055252075,70266
22.722276210784912,70266
22.723159790039062,70266
22.72404456138611,70266
22.725354194641113,70266
22.726248025894165,70266
22.72713327407837,70266
22.728020668029785,70266
22.729326725006104,70266
22.730212450027466,70266
22.731093168258667,70266
22.732398748397827,70266
22.73328399658203,70266
22.734168767929077,70266
22.73505187034607,70266
22.736369609832764,70266
22.737255811691284,70266
22.738139152526855,70266
22.73902440071106,70266
22.740329027175903,70266
22.741210222244263,70266
22.742094039916992,70266
22.743406295776367,70266
22.74431347846985,70266
22.745195865631104,70266
22.746089220046997,70266
22.747397899627686,70266
22.748284101486206,70266
22.749168634414673,70266
22.750052452087402,70266
22.751359939575195,70266
22.752243757247925,70266
22.753127098083496,70266
22.754014015197754,70266
22.75531816482544,70266
22.75621247291565,70266
22.757094621658325,70266
22.758400678634644,70266
22.75928807258606,70266
22.76017451286316,70266
22.76105761528015,70266
22.762365579605103,70266
22.763249158859253,70266
22.764132499694824,70266
22.765016555786133,70266
22.76633048057556,70266
22.76721429824829,70266
22.768098831176758,70266
22.769405603408813,70266
22.770288467407227,70266
22.771172523498535,70266
22.772058486938477,70266
22.773364305496216,70266
22.77425193786621,70266
22.77513599395752,70266
22.77603006362915,70266
22.777339458465576,70266
22.778221368789673,70266
22.779104232788086,70266
22.780410528182983,70266
22.781296491622925,70266
22.782180070877075,70266
22.783061742782593,70266
22.784364938735962,70266
22.785247087478638,70266
22.786137580871582,70266
22.78702139854431,70266
22.788330078125,70266
22.789210557937622,70266
22.79009509086609,70266
22.791401863098145,70266
22.79228687286377,70266
22.793169021606445,70266
22.794049978256226,70266
22.79535222053528,70266
22.79624342918396,70266
22.797122716903687,70266
22.798006772994995,70266
22.799310445785522,70266
22.80019450187683,70266
22.80107617378235,70266
22.802380084991455,70266
22.803266048431396,70266
22.80415153503418,70266
22.805034637451172,70266
22.806353092193604,70266
22.807239055633545,70266
22.808125495910645,70266
22.809007167816162,70266
22.810332536697388,70266
22.81121587753296,70266
22.812097549438477,70266
22.81300449371338,70266
22.81432580947876,70266
22.81520962715149,70266
22.816102027893066,70266
22.817408561706543,70266
22.818293809890747,70266
22.819178342819214,70266
22.82006072998047,70266
22.82136559486389,70266
22.82225012779236,70266
22.823134899139404,70266
22.824018239974976,70266
22.82532572746277,70266
22.82621741294861,70266
22.82710075378418,70266
22.828407764434814,70266
22.829291582107544,70266
22.830174922943115,70266
22.831055402755737,70266
22.832361698150635,70266
22.833242177963257,70266
22.83412456512451,70266
22.83501100540161,70266
22.83632516860962,70266
22.83720898628235,70266
22.83809208869934,70266
22.839399099349976,70266
22.840283632278442,70266
22.841167449951172,70266
22.842047214508057,70266
22.84335494041443,70266
22.844236850738525,70266
22.845119953155518,70266
22.84601330757141,70266
22.84731888771057,70266
22.848199367523193,70266
22.849079132080078,70266
22.85038423538208,70266
22.851264715194702,70266
22.852147579193115,70266
22.853031158447266,70266
22.854334831237793,70266
22.8552143573761,70266
22.85610270500183,70266
22.85740637779236,70266
22.858290672302246,70266
22.859176635742188,70266
22.86005926132202,70266
22.861364603042603,70266
22.862247228622437,70266
22.86312961578369,70266
22.864012718200684,70266
22.86531710624695,70266
22.866213083267212,70266
22.867096424102783,70266
22.86840295791626,70266
22.869285345077515,70266
22.870171546936035,70266
22.87105965614319,70266
22.872366189956665,70266
22.873250007629395,70266
22.874135494232178,70266
22.87502098083496,70266
22.876336574554443,70266
22.8772234916687,70266
22.878108739852905,70266
22.879414319992065,70266
22.880300998687744,70266
22.881186723709106,70266
22.882071495056152,70266
22.88337731361389,70266
22.88425874710083,70266
22.88514494895935,70266
22.886040210723877,70266
22.8873450756073,70266
22.888227701187134,70266
22.88910675048828,70266
22.8904128074646,70266
22.891295433044434,70266
22.892176628112793,70266
22.893059253692627,70266
22.8943612575531,70266
22.89525318145752,70266
22.896149158477783,70266
22.89703392982483,70266
22.8983371257782,70266
22.89922046661377,70266
22.900100231170654,70266
22.901402950286865,70266
22.9022855758667,70266
22.903167724609375,70266
22.90404725074768,70266
22.905355215072632,70266
22.906249046325684,70266
22.907133102416992,70266
22.908016443252563,70266
22.909321069717407,70266
22.91020107269287,70266
22.911083221435547,70266
22.91238784790039,70266
22.9132661819458,70266
22.914149284362793,70266
22.91503143310547,70266
22.916348457336426,70266
22.91722846031189,70266
22.91810703277588,70266
22.919410705566406,70266
22.92029309272766,70266
22.921175241470337,70266
22.922058582305908,70266
22.923365831375122,70266
22.924245834350586,70266
22.92512583732605,70266
22.926020622253418,70266
22.927326440811157,70266
22.928207874298096,70266
22.929087162017822,70266
22.930388927459717,70266
22.9312744140625,70266
22.932159185409546,70266
22.933043003082275,70266
22.934348344802856,70266
22.93523120880127,70266
22.936122179031372,70266
22.93700623512268,70266
22.938310146331787,70266
22.93919038772583,70266
22.940072536468506,70266
22.941376447677612,70266
22.942259073257446,70266
22.943142652511597,70266
22.944051027297974,70266
22.945373058319092,70266
22.9462673664093,70266
22.947149991989136,70266
22.948034286499023,70266
22.949342250823975,70266
22.950225353240967,70266
22.951108694076538,70266
22.952412366867065,70266
22.9532949924469,70266
22.95417857170105,70266
22.95505976676941,70266
22.956377744674683,70266
22.957258939743042,70266
22.958143949508667,70266
22.95902729034424,70266
22.960331201553345,70266
22.96121382713318,70266
22.96209740638733,70266
22.96340250968933,70266
22.96428894996643,70266
22.965173721313477,70266
22.966066360473633,70266
22.967371463775635,70266
22.968255281448364,70266
22.969139099121094,70266
22.970023155212402,70266
22.971327304840088,70266
22.97220802307129,70266
22.973092317581177,70266
22.974398851394653,70266
22.975284099578857,70266
22.976179599761963,70266
22.977063417434692,70266
22.978368520736694,70266
22.979252338409424,70266
22.98013401031494,70266
22.981016874313354,70266
22.982322692871094,70266
22.98320508003235,70266
22.984090089797974,70266
22.985395669937134,70266
22.986292123794556,70266
22.98717427253723,70266
22.98805832862854,70266
22.989368677139282,70266
22.990252256393433,70266
22.991135358810425,70266
22.992019653320312,70266
22.99332571029663,70266
22.994206190109253,70266
22.995091438293457,70266
22.996411561965942,70266
22.997294664382935,70266
22.998178720474243,70266
22.999062538146973,70266
23.000368356704712,70266
23.001251459121704,70266
23.002135038375854,70266
23.003021240234375,70266
23.00432825088501,70266
23.005210876464844,70266
23.00610375404358,70266
23.007408380508423,70266
23.00829267501831,70266
23.009175777435303,70266
23.010058641433716,70266
23.01136589050293,70266
23.0122492313385,70266
23.013132095336914,70266
23.014015436172485,70266
23.015324115753174,70266
23.016216278076172,70266
23.017098426818848,70266
23.01840329170227,70266
23.019287824630737,70266
23.0201735496521,70266
23.021056175231934,70266
23.022361993789673,70266
23.023244380950928,70266
23.024126052856445,70266
23.025010347366333,70266
23.026325225830078,70266
23.027207374572754,70266
23.02808952331543,70266
23.02939224243164,70266
23.03028154373169,70266
23.031165599822998,70266
23.032048225402832,70266
23.03335404396057,70266
23.034234762191772,70266
23.035117864608765,70266
23.036011695861816,70266
23.03731608390808,70266
23.03819990158081,70266
23.039090394973755,70266
23.0403950214386,70266
23.041279792785645,70266
23.042165517807007,70266
23.043049097061157,70266
23.044358730316162,70266
23.04524040222168,70266
23.04613161087036,70266
23.047016143798828,70266
23.048320531845093,70266
23.049201726913452,70266
23.050085067749023,70266
23.051395416259766,70266
23.052281856536865,70266
23.05316686630249,70266
23.05405044555664,70266
23.055359363555908,70266
23.05625057220459,70266
23.05713391304016,70266
23.058018445968628,70266
23.059328079223633,70266
23.060211658477783,70266
23.061094999313354,70266
23.06239914894104,70266
23.06328821182251,70266
23.064175367355347,70266
23.065056085586548,70266
23.06637454032898,70266
23.067259550094604,70266
23.068148136138916,70266
23.069032192230225,70266
23.070338010787964,70266
23.071223497390747,70266
23.072107315063477,70266
23.073408842086792,70266
23.074293613433838,70266
23.075180292129517,70266
23.076071977615356,70266
23.077378034591675,70266
23.078260898590088,70266
23.0791437625885,70266
23.080029010772705,70266
23.08133888244629,70266
23.08222198486328,70266
23.08310294151306,70266
23.08440899848938,70266
23.08529305458069,70266
23.08618998527527,70266
23.087071657180786,70266
23.088379383087158,70266
23.08926248550415,70266
23.090147018432617,70266
23.091032028198242,70266
23.092339277267456,70266
23.09322190284729,70266
23.094105005264282,70266
23.095412731170654,70266
23.096307516098022,70266
23.097191333770752,70266
23.09807538986206,70266
23.099382162094116,70266
23.100266456604004,70266
23.101150274276733,70266
23.10203528404236,70266
23.10334300994873,70266
23.104225397109985,70266
23.10510563850403,70266
23.10642170906067,70266
23.10730814933777,70266
23.108190774917603,70266
23.109073162078857,70266
23.110377311706543,70266
23.11125922203064,70266
23.112143516540527,70266
23.11302947998047,70266
23.114333629608154,70266
23.11521625518799,70266
23.11610770225525,70266
23.117415189743042,70266
23.118300199508667,70266
23.119187355041504,70266
23.120073080062866,70266
23.121378898620605,70266
23.122260808944702,70266
23.123143911361694,70266
23.124027252197266,70266
23.125333547592163,70266
23.12622618675232,70266
23.12711000442505,70266
23.128414154052734,70266
23.12929916381836,70266
23.13018250465393,70266
23.131067037582397,70266
23.13236975669861,70266
23.133249759674072,70266
23.134132146835327,70266
23.13501501083374,70266
23.136330366134644,70266
23.137214183807373,70266
23.138097763061523,70266
23.13940453529358,70266
23.14029097557068,70266
23.141173839569092,70266
23.142057418823242,70266
23.14336323738098,70266
23.144283294677734,70266
23.14517092704773,70266
23.146068572998047,70266
23.14740014076233,70266
23.148285627365112,70266
23.149182558059692,70266
23.15009117126465,70266
23.151398420333862,70266
23.152284622192383,70266
23.153168201446533,70266
23.154050827026367,70266
23.15535616874695,70266
23.156250476837158,70266
23.157134294509888,70266
23.158019542694092,70266
23.1593234539032,70266
23.160204887390137,70266
23.161091327667236,70266
23.162400007247925,70266
23.16328525543213,70266
23.16417098045349,70266
23.165055751800537,70266
23.166389226913452,70266
23.167274713516235,70266
23.16815996170044,70266
23.169044494628906,70266
23.170351028442383,70266
23.171236276626587,70266
23.172119140625,70266
23.173423767089844,70266
23.174309730529785,70266
23.175193548202515,70266
23.176085710525513,70266
23.177393198013306,70266
23.178279876708984,70266
23.17916226387024,70266
23.180044174194336,70266
23.18135142326355,70266
23.182238578796387,70266
23.183124542236328,70266
23.184011220932007,70266
23.185315370559692,70266
23.186211347579956,70266
23.187098503112793,70266
23.188404083251953,70266
23.189289093017578,70266
23.190172910690308,70266
23.19105863571167,70266
23.192365646362305,70266
23.193248510360718,70266
23.19413471221924,70266
23.195021152496338,70266
23.19634175300598,70266
23.19722628593445,70266
23.19810914993286,70266
23.199415922164917,70266
23.200302124023438,70266
23.201185941696167,70266
23.202067852020264,70266
23.203372716903687,70266
23.20425581932068,70266
23.205142498016357,70266
23.206040620803833,70266
23.20734739303589,70266
23.208229780197144,70266
23.209115028381348,70266
23.21042251586914,70266
23.211309671401978,70266
23.212191820144653,70266
23.213077068328857,70266
23.21438503265381,70266
23.215268850326538,70266
23.21616530418396,70266
23.217051029205322,70266
23.218363761901855,70266
23.219248294830322,70266
23.220134973526,70266
23.22101926803589,70266
23.22232675552368,70266
23.22321105003357,70266
23.224096298217773,70266
23.225404262542725,70266
23.226301193237305,70266
23.227186918258667,70266
23.228069305419922,70266
23.2293803691864,70266
23.230264902114868,70266
23.23115348815918,70266
23.23204016685486,70266
23.233349561691284,70266
23.234233140945435,70266
23.235114812850952,70266
23.236011743545532,70266
23.237319946289062,70266
23.238202571868896,70266
23.2390878200531,70266
23.24039340019226,70266
23.241278648376465,70266
23.24216389656067,70266
23.243048906326294,70266
23.244354009628296,70266
23.245241165161133,70266
23.246134757995605,70266
23.247021436691284,70266
23.248330116271973,70266
23.24921417236328,70266
23.250098705291748,70266
23.25140905380249,70266
23.252296686172485,70266
23.253186464309692,70266
23.25407314300537,70266
23.255387544631958,70266
23.256282567977905,70266
23.257168292999268,70266
23.258053302764893,70266
23.25936222076416,70266
23.260246992111206,70266
23.261130332946777,70266
23.26201891899109,70266
23.26332688331604,70266
23.264211654663086,70266
23.265094995498657,70266
23.266413688659668,70266
23.267298936843872,70266
23.26818346977234,70266
23.269068002700806,70266
23.270375728607178,70266
23.271260738372803,70266
23.272144556045532,70266
23.27303147315979,70266
23.274340867996216,70266
23.27522611618042,70266
23.27611756324768,70266
23.277005910873413,70266
23.27831268310547,70266
23.279196977615356,70266
23.28008008003235,70266
23.281389236450195,70266
23.2822744846344,70266
23.283158779144287,70266
23.284045219421387,70266
23.285353899002075,70266
23.28624701499939,70266
23.287128686904907,70266
23.288013458251953,70266
23.289321184158325,70266
23.290204286575317,70266
23.291088819503784,70266
23.29239535331726,70266
23.293280124664307,70266
23.294167280197144,70266
23.295053243637085,70266
23.2963707447052,70266
23.297253847122192,70266
23.298139333724976,70266
23.29902482032776,70266
23.300334215164185,70266
23.301218032836914,70266
23.302101373672485,70266
23.30341076850891,70266
23.30429482460022,70266
23.305180072784424,70266
23.30607008934021,70266
23.30738067626953,70266
23.308266162872314,70266
23.309154272079468,70266
23.31004047393799,70266
23.311349391937256,70266
23.312254190444946,70266
23.31314253807068,70266
23.314030647277832,70266
23.315337419509888,70266
23.31623148918152,70266
23.31711506843567,70266
23.318423748016357,70266
23.31931209564209,70266
23.320197105407715,70266
23.321083068847656,70266
23.322388648986816,70266
23.323272705078125,70266
23.324156999588013,70266
23.325039625167847,70266
23.326355934143066,70266
23.32723879814148,70266
23.32811999320984,70266
23.329423189163208,70266
23.33030939102173,70266
23.331197261810303,70266
23.332082986831665,70266
23.333390474319458,70266
23.33427333831787,70266
23.335160970687866,70266
23.33605718612671,70266
23.33736491203308,70266
23.338247299194336,70266
23.33913278579712,70266
23.340014696121216,70266
23.341323137283325,70266
23.342207670211792,70266
23.343092918395996,70266
23.344422340393066,70266
23.345305681228638,70266
23.346203565597534,70266
23.347087860107422,70266
23.34839367866516,70266
23.349278688430786,70266
23.350163459777832,70266
23.351048707962036,70266
23.352354288101196,70266
23.35324001312256,70266
23.35412311553955,70266
23.355010509490967,70266
23.35633134841919,70266
23.357212781906128,70266
23.358094453811646,70266
23.359400749206543,70266
23.360285997390747,70266
23.361172199249268,70266
23.36205506324768,70266
23.363364219665527,70266
23.36424684524536,70266
23.365132808685303,70266
23.366031169891357,70266
23.36733889579773,70266
23.368223667144775,70266
23.369106769561768,70266
23.370415449142456,70266
23.371301889419556,70266
23.37218689918518,70266
23.373071670532227,70266
23.374377012252808,70266
23.375261783599854,70266
23.37615704536438,70266
23.377042055130005,70266
23.378349781036377,70266
23.37923574447632,70266
23.380118370056152,70266
23.3810031414032,70266
23.38230848312378,70266
23.383198022842407,70266
23.384084224700928,70266
23.38539433479309,70266
23.38629126548767,70266
23.38717770576477,70266
23.388062715530396,70266
23.38937282562256,70266
23.390258312225342,70266
23.39114546775818,70266
23.39203143119812,70266
23.39333939552307,70266
23.394224643707275,70266
23.395105838775635,70266
23.39642310142517,70266
23.39730978012085,70266
23.39819598197937,70266
23.399081468582153,70266
23.400390148162842,70266
23.40127730369568,70266
23.402162551879883,70266
23.40304970741272,70266
23.404357433319092,70266
23.40524435043335,70266
23.406136751174927,70266
23.40702176094055,70266
23.40832829475403,70266
23.409213304519653,70266
23.410099029541016,70266
23.411407947540283,70266
23.41229557991028,70266
23.41318130493164,70266
23.414067268371582,70266
23.415377855300903,70266
23.416274070739746,70266
23.41715979576111,70266
23.41804552078247,70266
23.41935133934021,70266
23.420237064361572,70266
23.421119213104248,70266
23.422006368637085,70266
23.42331314086914,70266
23.424196243286133,70266
23.425080060958862,70266
23.42639994621277,70266
23.427286863327026,70266
23.42817211151123,70266
23.429056644439697,70266
23.43036413192749,70266
23.43125033378601,70266
23.432131052017212,70266
23.433016061782837,70266
23.434324979782104,70266
23.435207843780518,70266
23.436100006103516,70266
23.43740487098694,70266
23.438291788101196,70266
23.43917965888977,70266
23.440062522888184,70266
23.441365957260132,70266
23.442248582839966,70266
23.443132162094116,70266
23.444014072418213,70266
23.445321798324585,70266
23.446218252182007,70266
23.447101831436157,70266
23.448407888412476,70266
23.449294567108154,70266
23.450177907943726,70266
23.45106315612793,70266
23.452369213104248,70266
23.453253984451294,70266
23.454140424728394,70266
23.455027103424072,70266
23.456345081329346,70266
23.45722794532776,70266
23.45811128616333,70266
23.45941972732544,70266
23.460304737091064,70266
23.46118998527527,70266
23.462075233459473,70266
23.463382959365845,70266
23.464268445968628,70266
23.46515393257141,70266
23.466052770614624,70266
23.467361211776733,70266
23.468244314193726,70266
23.46912455558777,70266
23.470011711120605,70266
23.471316814422607,70266
23.47219967842102,70266
23.47308588027954,70266
23.47439408302307,70266
23.475279092788696,70266
23.47617793083191,70266
23.477060556411743,70266
23.478370666503906,70266
23.479254245758057,70266
23.48013949394226,70266
23.48102331161499,70266
23.482332944869995,70266
23.483215808868408,70266
23.48410177230835,70266
23.485410690307617,70266
23.4863064289093,70266
23.487192392349243,70266
23.48807716369629,70266
23.48938298225403,70266
23.49026608467102,70266
23.491151332855225,70266
23.492034673690796,70266
23.493340969085693,70266
23.494227170944214,70266
23.49511218070984,70266
23.496007680892944,70266
23.49731421470642,70266
23.498199224472046,70266
23.499085426330566,70266
23.500393867492676,70266
23.5012788772583,70266
23.50216555595398,70266
23.503050088882446,70266
23.504359006881714,70266
23.505244255065918,70266
23.506139755249023,70266
23.507028818130493,70266
23.50833511352539,70266
23.509216785430908,70266
23.510101079940796,70266
23.511412858963013,70266
23.512301445007324,70266
23.513186931610107,70266
23.5140700340271,70266
23.515377283096313,70266
23.51626992225647,70266
23.5171537399292,70266
23.518038034439087,70266
23.519347429275513,70266
23.520230531692505,70266
23.52111554145813,70266
23.522424459457397,70266
23.523310661315918,70266
23.524197101593018,70266
23.52508234977722,70266
23.52639889717102,70266
23.527286291122437,70266
23.528169870376587,70266
23.529052019119263,70266
23.53036093711853,70266
23.531243324279785,70266
23.532127141952515,70266
23.53301167488098,70266
23.534319400787354,70266
23.5352041721344,70266
23.53609800338745,70266
23.53740406036377,70266
23.538289070129395,70266
23.539173364639282,70266
23.54005789756775,70266
23.54136633872986,70266
23.54224967956543,70266
23.543132066726685,70266
23.544044256210327,70266
23.54535460472107,70266
23.54624843597412,70266
23.547130823135376,70266
23.548014402389526,70266
23.549319744110107,70266
23.55020523071289,70266
23.551092624664307,70266
23.55239701271057,70266
23.553282260894775,70266
23.554166078567505,70266
23.555050134658813,70266
23.556366205215454,70266
23.557249784469604,70266
23.558133840560913,70266
23.559020042419434,70266
23.560324907302856,70266
23.561207056045532,70266
23.562087774276733,70266
23.563393115997314,70266
23.56427764892578,70266
23.565160274505615,70266
23.56605291366577,70266
23.567356824874878,70266
23.568241357803345,70266
23.56912112236023,70266
23.570005655288696,70266
23.57131576538086,70266
23.57220458984375,70266
23.57309055328369,70266
23.574395179748535,70266
23.575279474258423,70266
23.57619571685791,70266
23.577081203460693,70266
23.578389644622803,70266
23.579272270202637,70266
23.580156326293945,70266
23.58103919029236,70266
23.582339763641357,70266
23.583222150802612,70266
23.584233283996582,70266
23.585083723068237,70266
23.58641481399536,70266
23.58732533454895,70266
23.58822727203369,70266
23.589110851287842,70266
23.59042191505432,70266
23.59132480621338,70266
23.592227458953857,70266
23.59311318397522,70266
23.594424724578857,70266
23.595330953598022,70266
23.596233129501343,70266
23.597118854522705,70266
23.5980064868927,70266
23.599319458007812,70266
23.600205183029175,70266
23.601089477539062,70266
23.602397918701172,70266
23.60328507423401,70266
23.604170560836792,70266
23.60505223274231,70266
23.606371879577637,70266
23.607255220413208,70266
23.608140230178833,70266
23.60902500152588,70266
23.610331773757935,70266
23.611217498779297,70266
23.612102270126343,70266
23.613409519195557,70266
23.61429715156555,70266
23.615182399749756,70266
23.61607813835144,70266
23.617382049560547,70266
23.618266105651855,70266
23.619149684906006,70266
23.620036840438843,70266
23.621346473693848,70266
23.62222933769226,70266
23.623111248016357,70266
23.624419450759888,70266
23.625304460525513,70266
23.626202821731567,70266
23.627090215682983,70266
23.62839984893799,70266
23.6292884349823,70266
23.630173921585083,70266
23.63105821609497,70266
23.632368564605713,70266
23.633251667022705,70266
23.634135484695435,70266
23.635021686553955,70266
23.63634157180786,70266
23.637226819992065,70266
23.638109922409058,70266
23.639418363571167,70266
23.64030432701111,70266
23.64118719100952,70266
23.642071962356567,70266
23.64337682723999,70266
23.64426279067993,70266
23.64514660835266,70266
23.646042823791504,70266
23.64734983444214,70266
23.648235082626343,70266
23.64911723136902,70266
23.650004863739014,70266
23.651317596435547,70266
23.652204513549805,70266
23.653088092803955,70266
23.65439510345459,70266
23.65528178215027,70266
23.656179189682007,70266
23.657060146331787,70266
23.65837025642395,70266
23.6592538356781,70266
23.660140991210938,70266
23.661030292510986,70266
23.662339448928833,70266
23.66322422027588,70266
23.664105892181396,70266
23.665414810180664,70266
23.666313886642456,70266
23.66720175743103,70266
23.668089389801025,70266
23.669397830963135,70266
23.670283794403076,70266
23.671167373657227,70266
23.672051429748535,70266
23.67335796356201,70266
23.674243450164795,70266
23.675127506256104,70266
23.67602300643921,70266
23.677335023880005,70266
23.67821717262268,70266
23.679100036621094,70266
23.680405616760254,70266
23.6812903881073,70266
23.682175874710083,70266
23.68305778503418,70266
23.68436622619629,70266
23.685248374938965,70266
23.68614101409912,70266
23.687025547027588,70266
23.6883327960968,70266
23.68921685218811,70266
23.69010090827942,70266
23.691405534744263,70266
23.69229006767273,70266
23.69317364692688,70266
23.69405770301819,70266
23.695363998413086,70266
23.69625759124756,70266
23.697141647338867,70266
23.698025226593018,70266
23.699331521987915,70266
23.70021367073059,70266
23.70109510421753,70266
23.702401161193848,70266
23.70328712463379,70266
23.704171895980835,70266
23.705055952072144,70266
23.70637536048889,70266
23.707261323928833,70266
23.708145141601562,70266
23.709028005599976,70266
23.710335731506348,70266
23.711220264434814,70266
23.712101697921753,70266
23.713406324386597,70266
23.714290857315063,70266
23.715176105499268,70266
23.716068029403687,70266
23.7173752784729,70266
23.71825861930847,70266
23.719144344329834,70266
23.72003149986267,70266
23.72133493423462,70266
23.722218990325928,70266
23.723101139068604,70266
23.72440814971924,70266
23.725292921066284,70266
23.72618818283081,70266
23.727073669433594,70266
23.728379726409912,70266
23.729264497756958,70266
23.73015022277832,70266
23.731034994125366,70266
23.732341051101685,70266
23.733225107192993,70266
23.734108686447144,70266
23.735416173934937,70266
23.73631238937378,70266
23.73719549179077,70266
23.738078355789185,70266
23.739387035369873,70266
23.74027109146118,70266
23.74115514755249,70266
23.742043495178223,70266
23.743347644805908,70266
23.744253396987915,70266
23.745139360427856,70266
23.746036529541016,70266
23.747345209121704,70266
23.748228549957275,70266
23.749110460281372,70266
23.750414848327637,70266
23.751300573349,70266
23.752185583114624,70266
23.75306987762451,70266
23.754376649856567,70266
23.75525951385498,70266
23.756155252456665,70266
23.75704073905945,70266
23.75835132598877,70266
23.759233236312866,70266
23.760114431381226,70266
23.761420965194702,70266
23.76231050491333,70266
23.763195037841797,70266
23.76407814025879,70266
23.765381574630737,70266
23.76627492904663,70266
23.767160177230835,70266
23.768045902252197,70266
23.769352674484253,70266
23.770233869552612,70266
23.771117448806763,70266
23.772003412246704,70266
23.773311138153076,70266
23.774194478988647,70266
23.775078296661377,70266
23.77639412879944,70266
23.777278900146484,70266
23.77816152572632,70266
23.779046058654785,70266
23.78035020828247,70266
23.78123188018799,70266
23.782114505767822,70266
23.783417463302612,70266
23.784302234649658,70266
23.785186529159546,70266
23.78607702255249,70266
23.787384748458862,70266
23.78826904296875,70266
23.789154529571533,70266
23.79003930091858,70266
23.791348457336426,70266
23.792230367660522,70266
23.793111085891724,70266
23.794418573379517,70266
23.795304775238037,70266
23.796200037002563,70266
23.797085285186768,70266
23.79839038848877,70266
23.799272298812866,70266
23.80015754699707,70266
23.80104160308838,70266
23.802347898483276,70266
23.80323028564453,70266
23.80411434173584,70266
23.805419445037842,70266
23.806317567825317,70266
23.807201862335205,70266
23.808089017868042,70266
23.80939245223999,70266
23.81027865409851,70266
23.811163663864136,70266
23.812048196792603,70266
23.813352823257446,70266
23.8142352104187,70266
23.81511664390564,70266
23.816014528274536,70266
23.817318439483643,70266
23.818199157714844,70266
23.819079875946045,70266
23.820382118225098,70266
23.821264028549194,70266
23.8221492767334,70266
23.823033571243286,70266
23.824334859848022,70266
23.82521677017212,70266
23.82610845565796,70266
23.82741355895996,70266
23.82830023765564,70266
23.829182863235474,70266
23.83006525039673,70266
23.83137273788452,70266
23.832252740859985,70266
23.833136796951294,70266
23.834020137786865,70266
23.835328340530396,70266
23.83621907234192,70266
23.837103605270386,70266
23.838409900665283,70266
23.839295387268066,70266
23.84018039703369,70266
23.841062784194946,70266
23.84237313270569,70266
23.843257188796997,70266
23.844141244888306,70266
23.845025777816772,70266
23.846341371536255,70266
23.84722352027893,70266
23.848108291625977,70266
23.84941530227661,70266
23.85030221939087,70266
23.85118818283081,70266
23.852070808410645,70266
23.853379011154175,70266
23.854262351989746,70266
23.855145692825317,70266
23.856040954589844,70266
23.8573477268219,70266
23.858229398727417,70266
23.859113216400146,70266
23.860419034957886,70266
23.861306190490723,70266
23.86219024658203,70266
23.863075494766235,70266
23.86438298225403,70266
23.865262985229492,70266
23.86616039276123,70266
23.86704444885254,70266
23.8683500289917,70266
23.869232892990112,70266
23.870115995407104,70266
23.871423721313477,70266
23.872310161590576,70266
23.873194694519043,70266
23.874079942703247,70266
23.875388622283936,70266
23.876282453536987,70266
23.877166509628296,70266
23.878049850463867,70266
23.87935447692871,70266
23.8802387714386,70266
23.88112473487854,70266
23.88201069831848,70266
23.883318185806274,70266
23.884202241897583,70266
23.885084629058838,70266
23.88640332221985,70266
23.887291431427002,70266
23.888174772262573,70266
23.88905906677246,70266
23.8903648853302,70266
23.891249656677246,70266
23.892133474349976,70266
23.89302086830139,70266
23.894326210021973,70266
23.895211219787598,70266
23.896104097366333,70266
23.89741325378418,70266
23.89829921722412,70266
23.89918541908264,70266
23.900067806243896,70266
23.901373863220215,70266
23.902255058288574,70266
23.903137922286987,70266
23.904025316238403,70266
23.905330657958984,70266
23.90622639656067,70266
23.90711283683777,70266
23.90842080116272,70266
23.909310340881348,70266
23.910196781158447,70266
23.91108250617981,70266
23.912389755249023,70266
23.91327667236328,70266
23.914163827896118,70266
23.91504979133606,70266
23.916369199752808,70266
23.917250633239746,70266
23.918136835098267,70266
23.919023036956787,70266
23.920330047607422,70266
23.92121458053589,70266
23.922098398208618,70266
23.92340874671936,70266
23.924293756484985,70266
23.925178289413452,70266
23.926071882247925,70266
23.927382230758667,70266
23.928268671035767,70266
23.929156064987183,70266
23.930042505264282,70266
23.93135142326355,70266
23.932239055633545,70266
23.933125257492065,70266
23.934009552001953,70266
23.935314893722534,70266
23.936212062835693,70266
23.93709635734558,70266
23.93840527534485,70266
23.939289808273315,70266
23.940173149108887,70266
23.94105839729309,70266
23.942365169525146,70266
23.943247318267822,70266
23.94415020942688,70266
23.94503688812256,70266
23.946358919143677,70266
23.947242736816406,70266
23.948128938674927,70266
23.949015140533447,70266
23.950324058532715,70266
23.951209545135498,70266
23.95209503173828,70266
23.95340085029602,70266
23.95428776741028,70266
23.955172777175903,70266
23.95606541633606,70266
23.957372426986694,70266
23.95825719833374,70266
23.95914316177368,70266
23.960028171539307,70266
23.96133542060852,70266
23.962218046188354,70266
23.963104486465454,70266
23.96440815925598,70266
23.96529269218445,70266
23.966188192367554,70266
23.967071056365967,70266
23.968376636505127,70266
23.969257831573486,70266
23.97014355659485,70266
23.971028327941895,70266
23.972336292266846,70266
23.973223209381104,70266
23.974106550216675,70266
23.97541642189026,70266
23.976314783096313,70266
23.97719931602478,70266
23.978082418441772,70266
23.979389667510986,70266
23.980270385742188,70266
23.98115563392639,70266
23.98204231262207,70266
23.98334550857544,70266
23.984227180480957,70266
23.985108613967896,70266
23.986006021499634,70266
23.987311124801636,70266
23.988194704055786,70266
23.98907780647278,70266
23.990384340286255,70266
23.991289615631104,70266
23.992176055908203,70266
23.99308156967163,70266
23.994406700134277,70266
23.995296478271484,70266
23.99619221687317,70266
23.997074604034424,70266
23.99838423728943,70266
23.999266147613525,70266
24.00015091896057,70266
24.00103521347046,70266
24.002345085144043,70266
24.00322723388672,70266
24.004109621047974,70266
24.005414724349976,70266
24.00631070137024,70266
24.007195711135864,70266
24.008079528808594,70266
24.0093834400177,70266
24.010268926620483,70266
24.01115608215332,70266
24.01203966140747,70266
24.01334547996521,70266
24.014228105545044,70266
24.015111207962036,70266
24.01600742340088,70266
24.01731276512146,70266
24.018195629119873,70266
24.019078969955444,70266
24.02038598060608,70266
24.021267652511597,70266
24.022151231765747,70266
24.023040056228638,70266
24.024346828460693,70266
24.02522873878479,70266
24.026118278503418,70266
24.027003526687622,70266
24.028314113616943,70266
24.02919578552246,70266
24.030078887939453,70266
24.03138542175293,70266
24.032269716262817,70266
24.033154249191284,70266
24.034036874771118,70266
24.035346031188965,70266
24.036235332489014,70266
24.0371150970459,70266
24.038421869277954,70266
24.039309978485107,70266
24.040194511413574,70266
24.04107642173767,70266
24.042379140853882,70266
24.043261766433716,70266
24.044148206710815,70266
24.04503321647644,70266
24.04635262489319,70266
24.0472354888916,70266
24.048118114471436,70266
24.049005270004272,70266
24.050312280654907,70266
24.051197052001953,70266
24.05208134651184,70266
24.05338978767395,70266
24.054274320602417,70266
24.05516004562378,70266
24.056055784225464,70266
24.057363271713257,70266
24.05824851989746,70266
24.05913472175598,70266
24.06002140045166,70266
24.06132936477661,70266
24.06221318244934,70266
24.063101768493652,70266
24.064406871795654,70266
24.065293788909912,70266
24.06618571281433,70266
24.06706714630127,70266
24.068371772766113,70266
24.069255113601685,70266
24.070139408111572,70266
24.071024656295776,70266
24.072329998016357,70266
24.073210954666138,70266
24.074093103408813,70266
24.075400352478027,70266
24.076295614242554,70266
24.077178955078125,70266
24.0780611038208,70266
24.079366445541382,70266
24.080248594284058,70266
24.08113145828247,70266
24.082014322280884,70266
24.083319187164307,70266
24.08420467376709,70266
24.0850887298584,70266
24.0864040851593,70266
24.087287664413452,70266
24.08817148208618,70266
24.089054346084595,70266
24.090360164642334,70266
24.091244220733643,70266
24.092126846313477,70266
24.093011140823364,70266
24.09431791305542,70266
24.0951988697052,70266
24.096091508865356,70266
24.097399473190308,70266
24.09828472137451,70266
24.099172353744507,70266
24.10005784034729,70266
24.101364135742188,70266
24.102248907089233,70266
24.103132486343384,70266
24.10401678085327,70266
24.105323791503906,70266
24.106218338012695,70266
24.107101917266846,70266
24.108407974243164,70266
24.109293460845947,70266
24.110175371170044,70266
24.111056566238403,70266
24.11236548423767,70266
24.113248825073242,70266
24.114132404327393,70266
24.11501669883728,70266
24.116333723068237,70266
24.11721920967102,70266
24.118102312088013,70266
24.11940836906433,70266
24.120293140411377,70266
24.121176719665527,70266
24.12205982208252,70266
24.12336802482605,70266
24.12424921989441,70266
24.125130891799927,70266
24.12602686882019,70266
24.12733793258667,70266
24.128219842910767,70266
24.1291024684906,70266
24.13041067123413,70266
24.13129949569702,70266
24.132182836532593,70266
24.133065462112427,70266
24.134373903274536,70266
24.135255336761475,70266
24.13615131378174,70266
24.137036085128784,70266
24.138343572616577,70266
24.139227867126465,70266
24.14010977745056,70266
24.141414165496826,70266
24.14229679107666,70266
24.143182039260864,70266
24.14408588409424,70266
24.145394802093506,70266
24.14629077911377,70266
24.147175788879395,70266
24.148058891296387,70266
24.14938259124756,70266
24.15027403831482,70266
24.151164531707764,70266
24.15204882621765,70266
24.15335440635681,70266
24.154237031936646,70266
24.155120611190796,70266
24.156018495559692,70266
24.15732479095459,70266
24.15820860862732,70266
24.15909242630005,70266
24.160398960113525,70266
24.161283493041992,70266
24.16216778755188,70266
24.163052558898926,70266
24.164361476898193,70266
24.165241956710815,70266
24.16613531112671,70266
24.167023181915283,70266
24.168328046798706,70266
24.169211626052856,70266
24.170094966888428,70266
24.17140007019043,70266
24.172285556793213,70266
24.17316770553589,70266
24.17404866218567,70266
24.175353527069092,70266
24.17624521255493,70266
24.17712903022766,70266
24.178014278411865,70266
24.179323434829712,70266
24.1802077293396,70266
24.181090116500854,70266
24.18239974975586,70266
24.1832857131958,70266
24.18416953086853,70266
24.185054540634155,70266
24.186375617980957,70266
24.187257051467896,70266
24.18814182281494,70266
24.189029693603516,70266
24.190335750579834,70266
24.191216945648193,70266
24.19210195541382,70266
24.19340753555298,70266
24.194292545318604,70266
24.195178985595703,70266
24.196070671081543,70266
24.19737720489502,70266
24.19826078414917,70266
24.199145078659058,70266
24.200029134750366,70266
24.201335906982422,70266
24.20221781730652,70266
24.20310139656067,70266
24.20440649986267,70266
24.205289840698242,70266
24.20618510246277,70266
24.207068920135498,70266
24.208373308181763,70266
24.209256410598755,70266
24.21014165878296,70266
24.211026191711426,70266
24.21233296394348,70266
24.213216304779053,70266
24.21409773826599,70266
24.215403079986572,70266
24.216298580169678,70266
24.21718120574951,70266
24.21806788444519,70266
24.219374418258667,70266
24.220256090164185,70266
24.221139430999756,70266
24.222026109695435,70266
24.223334312438965,70266
24.224218368530273,70266
24.225098609924316,70266
24.226414918899536,70266
24.227299690246582,70266
24.22818350791931,70266
24.22906517982483,70266
24.230372190475464,70266
24.23125410079956,70266
24.232141971588135,70266
24.233028650283813,70266
24.234336853027344,70266
24.235223531723022,70266
24.23611617088318,70266
24.23700451850891,70266
24.23831295967102,70266
24.23919677734375,70266
24.2400803565979,70266
24.24138617515564,70266
24.242267608642578,70266
24.243149995803833,70266
24.244038343429565,70266
24.245343923568726,70266
24.24623417854309,70266
24.24711585044861,70266
24.248422622680664,70266
24.249306440353394,70266
24.25019145011902,70266
24.251076698303223,70266
24.252383708953857,70266
24.25326704978943,70266
24.254152059555054,70266
24.255036115646362,70266
24.256354570388794,70266
24.25724148750305,70266
24.25812268257141,70266
24.259005546569824,70266
24.2603120803833,70266
24.261194229125977,70266
24.262075901031494,70266
24.263383150100708,70266
24.264268398284912,70266
24.265153408050537,70266
24.26604723930359,70266
24.267353534698486,70266
24.26823854446411,70266
24.26912212371826,70266
24.270009994506836,70266
24.271316289901733,70266
24.272202968597412,70266
24.27308702468872,70266
24.27439570426941,70266
24.275283336639404,70266
24.276178121566772,70266
24.27706265449524,70266
24.278368949890137,70266
24.279253721237183,70266
24.280136108398438,70266
24.28102135658264,70266
24.28232979774475,70266
24.28321123123169,70266
24.284093141555786,70266
24.28540015220642,70266
24.286295652389526,70266
24.287180423736572,70266
24.288063287734985,70266
24.289366722106934,70266
24.29025101661682,70266
24.291133403778076,70266
24.29201865196228,70266
24.293323516845703,70266
24.294206142425537,70266
24.29508948326111,70266
24.296403169631958,70266
24.297284364700317,70266
24.298166513442993,70266
24.299049139022827,70266
24.300357580184937,70266
24.301235675811768,70266
24.302117586135864,70266
24.303422212600708,70266
24.30431032180786,70266
24.30519390106201,70266
24.30608558654785,70266
24.307390689849854,70266
24.308274507522583,70266
24.309159517288208,70266
24.310044288635254,70266
24.31134605407715,70266
24.312254428863525,70266
24.31314468383789,70266
24.31402850151062,70266
24.315333366394043,70266
24.31622052192688,70266
24.317100286483765,70266
24.318405866622925,70266
24.319289684295654,70266
24.320173740386963,70266
24.321056365966797,70266
24.32236075401306,70266
24.32324194908142,70266
24.324125051498413,70266
24.325007438659668,70266
24.326326608657837,70266
24.327211618423462,70266
24.328094482421875,70266
24.32940101623535,70266
24.330288887023926,70266
24.33117437362671,70266
24.332057237625122,70266
24.33336043357849,70266
24.334243059158325,70266
24.33512544631958,70266
24.336020708084106,70266
24.3373281955719,70266
24.338208436965942,70266
24.339091539382935,70266
24.340397357940674,70266
24.34128212928772,70266
24.342164993286133,70266
24.343045711517334,70266
24.344377040863037,70266
24.345260620117188,70266
24.346155166625977,70266
24.347041368484497,70266
24.348346710205078,70266
24.34923005104065,70266
24.350112199783325,70266
24.35141921043396,70266
24.352304935455322,70266
24.35318875312805,70266
24.35407257080078,70266
24.35537886619568,70266
24.356271028518677,70266
24.35715627670288,70266
24.358042240142822,70266
24.359347581863403,70266
24.360228061676025,70266
24.361107349395752,70266
24.36241602897644,70266
24.36329936981201,70266
24.364182472229004,70266
24.36506462097168,70266
24.36638379096985,70266
24.36726450920105,70266
24.368146657943726,70266
24.369029760360718,70266
24.370335578918457,70266
24.371219158172607,70266
24.37210178375244,70266
24.373405933380127,70266
24.374289989471436,70266
24.375171899795532,70266
24.37606406211853,70266
24.377371549606323,70266
24.37825107574463,70266
24.37913465499878,70266
24.380021333694458,70266
24.38132667541504,70266
24.382208585739136,70266
24.383090019226074,70266
24.384395360946655,70266
24.385281324386597,70266
24.386175870895386,70266
24.38706064224243,70266
24.388362646102905,70266
24.389245748519897,70266
24.390129327774048,70266
24.3910129070282,70266
24.392317295074463,70266
24.393199920654297,70266
24.39408230781555,70266
24.39538860321045,70266
24.396281957626343,70266
24.39716601371765,70266
24.398050546646118,70266
24.399359226226807,70266
24.400243759155273,70266
24.40112328529358,70266
24.402006149291992,70266
24.403313398361206,70266
24.404196739196777,70266
24.405077934265137,70266
24.406394958496094,70266
24.40729784965515,70266
24.4081871509552,70266
24.409069299697876,70266
24.41039752960205,70266
24.411283016204834,70266
24.4121675491333,70266
24.41305160522461,70266
24.414356470108032,70266
24.415239572525024,70266
24.41612935066223,70266
24.417012691497803,70266
24.418318033218384,70266
24.419201612472534,70266
24.420085668563843,70266
24.421388864517212,70266
24.422271251678467,70266
24.423154592514038,70266
24.42403769493103,70266
24.425342559814453,70266
24.426234483718872,70266
24.427117109298706,70266
24.428422212600708,70266
24.429311990737915,70266
24.43019700050354,70266
24.431080102920532,70266
24.432382822036743,70266
24.433265924453735,70266
24.434151887893677,70266
24.435036659240723,70266
24.436352729797363,70266
24.437238454818726,70266
24.4381206035614,70266
24.43900442123413,70266
24.440308809280396,70266
24.441193342208862,70266
24.44207453727722,70266
24.443380117416382,70266
24.44426202774048,70266
24.445144176483154,70266
24.44603991508484,70266
24.447345972061157,70266
24.448229551315308,70266
24.449108839035034,70266
24.450413703918457,70266
24.45129942893982,70266
24.45218253135681,70266
24.4530611038208,70266
24.45436716079712,70266
24.45525026321411,70266
24.45614528656006,70266
24.457030534744263,70266
24.458332061767578,70266
24.459213495254517,70266
24.46009373664856,70266
24.461398124694824,70266
24.462283849716187,70266
24.463165283203125,70266
24.464048385620117,70266
24.465352296829224,70266
24.46624183654785,70266
24.46712613105774,70266
24.46800971031189,70266
24.469313144683838,70266
24.470195531845093,70266
24.471078634262085,70266
24.472384691238403,70266
24.473267316818237,70266
24.474148988723755,70266
24.47503137588501,70266
24.476342916488647,70266
24.47722339630127,70266
24.478104829788208,70266
24.47940945625305,70266
24.480294466018677,70266
24.481178283691406,70266
24.482062816619873,70266
24.48336410522461,70266
24.484246492385864,70266
24.485129594802856,70266
24.48602557182312,70266
24.487332820892334,70266
24.488216161727905,70266
24.489099502563477,70266
24.490407466888428,70266
24.49129366874695,70266
24.492178678512573,70266
24.493059396743774,70266
24.494372367858887,70266
24.495256423950195,70266
24.496147871017456,70266
24.497031688690186,70266
24.49833631515503,70266
24.499217748641968,70266
24.500101804733276,70266
24.50140357017517,70266
24.502286911010742,70266
24.50317096710205,70266
24.50405478477478,70266
24.505362033843994,70266
24.50625252723694,70266
24.50713348388672,70266
24.508017778396606,70266
24.509323596954346,70266
24.51020646095276,70266
24.51108694076538,70266
24.512392044067383,70266
24.513275861740112,70266
24.514161109924316,70266
24.51504611968994,70266
24.51636266708374,70266
24.517245531082153,70266
24.518128633499146,70266
24.51901149749756,70266
24.520312547683716,70266
24.521196126937866,70266
24.52208161354065,70266
24.52338194847107,70266
24.524261474609375,70266
24.52514338493347,70266
24.526038885116577,70266
24.527342796325684,70266
24.528222799301147,70266
24.529103994369507,70266
24.530409336090088,70266
24.531291961669922,70266
24.532174587249756,70266
24.5330548286438,70266
24.534358978271484,70266
24.535243272781372,70266
24.536129474639893,70266
24.537014961242676,70266
24.53831958770752,70266
24.53920316696167,70266
24.540085315704346,70266
24.541390419006348,70266
24.542274951934814,70266
24.543160915374756,70266
24.54406714439392,70266
24.545371770858765,70266
24.546287775039673,70266
24.547173976898193,70266
24.54805564880371,70266
24.54936146736145,70266
24.55024218559265,70266
24.551124095916748,70266
24.552008867263794,70266
24.553311109542847,70266
24.55419135093689,70266
24.55510115623474,70266
24.556413412094116,70266
24.557297706604004,70266
24.558181762695312,70266
24.559065103530884,70266
24.560372829437256,70266
24.561256170272827,70266
24.56214141845703,70266
24.56305456161499,70266
24.56437873840332,70266
24.565258979797363,70266
24.566155195236206,70266
24.56703758239746,70266
24.568340301513672,70266
24.569220066070557,70266
24.570101737976074,70266
24.57140588760376,70266
24.572291135787964,70266
24.573172092437744,70266
24.574053525924683,70266
24.575355768203735,70266
24.576273918151855,70266
24.57715606689453,70266
24.57803964614868,70266
24.579349040985107,70266
24.58022928237915,70266
24.581108331680298,70266
24.582412481307983,70266
24.58329701423645,70266
24.584178924560547,70266
24.58505892753601,70266
24.586498498916626,70266
24.587389945983887,70266
24.58829140663147,70266
24.589174509048462,70266
24.59005856513977,70266
24.591382026672363,70266
24.59228539466858,70266
24.593172073364258,70266
24.594055652618408,70266
24.59537935256958,70266
24.59627079963684,70266
24.597155570983887,70266
24.598042249679565,70266
24.599347591400146,70266
24.600229501724243,70266
24.60111093521118,70266
24.602413654327393,70266
24.603296041488647,70266
24.60417652130127,70266
24.60505723953247,70266
24.60637593269348,70266
24.60725712776184,70266
24.6081383228302,70266
24.609020948410034,70266
24.610324382781982,70266
24.611207485198975,70266
24.612087726593018,70266
24.613390922546387,70266
24.61427354812622,70266
24.615156888961792,70266
24.616050958633423,70266
24.617355823516846,70266
24.61823558807373,70266
24.619115352630615,70266
24.620415687561035,70266
24.621299028396606,70266
24.622182369232178,70266
24.623061180114746,70266
24.624369382858276,70266
24.625250101089478,70266
24.626142740249634,70266
24.62702965736389,70266
24.628334522247314,70266
24.629215955734253,70266
24.630096435546875,70266
24.631399393081665,70266
24.632282972335815,70266
24.633163690567017,70266
24.63404655456543,70266
24.635352849960327,70266
24.636243104934692,70266
24.637123346328735,70266
24.638007402420044,70266
24.639312267303467,70266
24.640194177627563,70266
24.64107584953308,70266
24.64237880706787,70266
24.643258333206177,70266
24.64414072036743,70266
24.645024061203003,70266
24.646337509155273,70266
24.64721918106079,70266
24.648098945617676,70266
24.64940595626831,70266
24.65028977394104,70266
24.65117120742798,70266
24.652052402496338,70266
24.65335726737976,70266
24.65423822402954,70266
24.65511679649353,70266
24.656009674072266,70266
24.657315492630005,70266
24.65819811820984,70266
24.659082412719727,70266
24.660389184951782,70266
24.661272764205933,70266
24.662152767181396,70266
24.663034677505493,70266
24.66433882713318,70266
24.665223121643066,70266
24.666112661361694,70266
24.667418241500854,70266
24.6683030128479,70266
24.669185400009155,70266
24.670067310333252,70266
24.671372413635254,70266
24.672253131866455,70266
24.673136234283447,70266
24.674022912979126,70266
24.67532730102539,70266
24.67621684074402,70266
24.67710018157959,70266
24.67840814590454,70266
24.679292917251587,70266
24.68017816543579,70266
24.681060791015625,70266
24.68237018585205,70266
24.68325448036194,70266
24.68413543701172,70266
24.68501901626587,70266
24.686333179473877,70266
24.68721604347229,70266
24.688097953796387,70266
24.68940281867981,70266
24.690285682678223,70266
24.691171169281006,70266
24.692051887512207,70266
24.693357467651367,70266
24.694239616394043,70266
24.695122241973877,70266
24.696016550064087,70266
24.69731855392456,70266
24.698201179504395,70266
24.69908595085144,70266
24.700391054153442,70266
24.70127582550049,70266
24.702159881591797,70266
24.70304274559021,70266
24.70434808731079,70266
24.70523238182068,70266
24.706120252609253,70266
24.707422018051147,70266
24.708307027816772,70266
24.709190607070923,70266
24.71007204055786,70266
24.711378812789917,70266
24.71226143836975,70266
24.713146209716797,70266
24.714030742645264,70266
24.715333938598633,70266
24.716224431991577,70266
24.717105627059937,70266
24.718409538269043,70266
24.71929359436035,70266
24.72017741203308,70266
24.721059799194336,70266
24.722366094589233,70266
24.723249673843384,70266
24.72413158416748,70266
24.72501516342163,70266
24.72632598876953,70266
24.727206230163574,70266
24.728087186813354,70266
24.729392528533936,70266
24.73027515411377,70266
24.73115849494934,70266
24.732041120529175,70266
24.733343362808228,70266
24.734222412109375,70266
24.73510217666626,70266
24.736416578292847,70266
24.73729968070984,70266
24.73818325996399,70266
24.739065408706665,70266
24.74037003517151,70266
24.74125099182129,70266
24.74213457107544,70266
24.74301767349243,70266
24.744347095489502,70266
24.7452290058136,70266
24.746119022369385,70266
24.74742341041565,70266
24.748308420181274,70266
24.749189615249634,70266
24.750073671340942,70266
24.751379013061523,70266
24.752259254455566,70266
24.75314164161682,70266
24.754024744033813,70266
24.75533103942871,70266
24.756218671798706,70266
24.757097005844116,70266
24.758403301239014,70266
24.759287357330322,70266
24.760170698165894,70266
24.761053562164307,70266
24.76235866546631,70266
24.76324152946472,70266
24.764121055603027,70266
24.765003442764282,70266
24.76632070541382,70266
24.767200708389282,70266
24.768082857131958,70266
24.769388437271118,70266
24.77027130126953,70266
24.771153450012207,70266
24.772035837173462,70266
24.773340940475464,70266
24.774220943450928,70266
24.775103092193604,70266
24.776418447494507,70266
24.77730441093445,70266
24.77818751335144,70266
24.77906847000122,70266
24.780373573303223,70266
24.781254291534424,70266
24.782137393951416,70266
24.783021688461304,70266
24.784324169158936,70266
24.785208463668823,70266
24.786102771759033,70266
24.7874116897583,70266
24.788297414779663,70266
24.789180755615234,70266
24.790064811706543,70266
24.79137086868286,70266
24.792253255844116,70266
24.793134689331055,70266
24.79401969909668,70266
24.79532790184021,70266
24.796218872070312,70266
24.797102212905884,70266
24.798404455184937,70266
24.799290418624878,70266
24.80017399787903,70266
24.801055908203125,70266
24.80236268043518,70266
24.80324649810791,70266
24.804130792617798,70266
24.805013418197632,70266
24.806328773498535,70266
24.807213068008423,70266
24.808096647262573,70266
24.809403657913208,70266
24.81028938293457,70266
24.81117534637451,70266
24.81205725669861,70266
24.813363075256348,70266
24.814247608184814,70266
24.81513023376465,70266
24.816025495529175,70266
24.81733512878418,70266
24.81822180747986,70266
24.819109439849854,70266
24.820416927337646,70266
24.82130718231201,70266
24.82219362258911,70266
24.823078155517578,70266
24.824385404586792,70266
24.825270414352417,70266
24.826163291931152,70266
24.827046394348145,70266
24.828353881835938,70266
24.82923674583435,70266
24.830118894577026,70266
24.831003665924072,70266
24.83230996131897,70266
24.833194732666016,70266
24.83407998085022,70266
24.8353853225708,70266
24.836278915405273,70266
24.83716368675232,70266
24.83804941177368,70266
24.83935785293579,70266
24.840239763259888,70266
24.84112238883972,70266
24.84200692176819,70266
24.843311309814453,70266
24.844196796417236,70266
24.845078468322754,70266
24.846394062042236,70266
24.847277879714966,70266
24.84816265106201,70266
24.849047422409058,70266
24.850355625152588,70266
24.851240873336792,70266
24.852126598358154,70266
24.85301184654236,70266
24.854318857192993,70266
24.855202198028564,70266
24.856091737747192,70266
24.857399225234985,70266
24.858285427093506,70266
24.859171390533447,70266
24.860056161880493,70266
24.86136507987976,70266
24.862249612808228,70266
24.86313271522522,70266
24.864017009735107,70266
24.865322828292847,70266
24.866214752197266,70266
24.86709952354431,70266
24.86840295791626,70266
24.869285821914673,70266
24.870172262191772,70266
24.87105703353882,70266
24.872365951538086,70266
24.873252391815186,70266
24.874141454696655,70266
24.875028133392334,70266
24.876347541809082,70266
24.877231121063232,70266
24.878111839294434,70266
24.879420042037964,70266
24.880308866500854,70266
24.881192922592163,70266
24.882078647613525,70266
24.883386850357056,70266
24.884270191192627,70266
24.885154962539673,70266
24.88605308532715,70266
24.887364149093628,70266
24.888249397277832,70266
24.88913631439209,70266
24.89002251625061,70266
24.891347408294678,70266
24.89223289489746,70266
24.893136262893677,70266
24.894044637680054,70266
24.895354747772217,70266
24.89624571800232,70266
24.897131204605103,70266
24.89801788330078,70266
24.899327039718628,70266
24.900209665298462,70266
24.901093006134033,70266
24.902400732040405,70266
24.903289079666138,70266
24.904174089431763,70266
24.90505576133728,70266
24.906372785568237,70266
24.907255172729492,70266
24.908138751983643,70266
24.909024477005005,70266
24.910330772399902,70266
24.91121220588684,70266
24.912097454071045,70266
24.913405418395996,70266
24.914292335510254,70266
24.91517734527588,70266
24.91607117652893,70266
24.917377710342407,70266
24.918262481689453,70266
24.919148206710815,70266
24.92003297805786,70266
24.921340942382812,70266
24.922223567962646,70266
24.92310667037964,70266
24.924415349960327,70266
24.925300359725952,70266
24.926196575164795,70266
24.92708158493042,70266
24.92838740348816,70266
24.929269313812256,70266
24.93015170097351,70266
24.931037187576294,70266
24.93234658241272,70266
24.933231115341187,70266
24.934113264083862,70266
24.93542218208313,70266
24.936318159103394,70266
24.937201976776123,70266
24.93808889389038,70266
24.93940019607544,70266
24.940286874771118,70266
24.9411723613739,70266
24.942057609558105,70266
24.943365812301636,70266
24.944271087646484,70266
24.94515633583069,70266
24.94605040550232,70266
24.94736123085022,70266
24.948242664337158,70266
24.949125051498413,70266
24.9500093460083,70266
24.951313257217407,70266
24.95219922065735,70266
24.953083753585815,70266
24.95439052581787,70266
24.95527410507202,70266
24.956169366836548,70266
24.95705223083496,70266
24.95835852622986,70266
24.959240674972534,70266
24.960123300552368,70266
24.961008548736572,70266
24.962318658828735,70266
24.963202476501465,70266
24.964085817337036,70266
24.965394258499146,70266
24.966289043426514,70266
24.967175006866455,70266
24.96806001663208,70266
24.969367504119873,70266
24.970251083374023,70266
24.971133708953857,70266
24.97201657295227,70266
24.973323106765747,70266
24.974206686019897,70266
24.975092887878418,70266
24.9764142036438,70266
24.97729992866516,70266
24.97818660736084,70266
24.979070901870728,70266
24.980376482009888,70266
24.981258392333984,70266
24.98214340209961,70266
24.98302912712097,70266
24.984338521957397,70266
24.985225200653076,70266
24.986117601394653,70266
24.987003326416016,70266
24.98831272125244,70266
24.989195108413696,70266
24.990079641342163,70266
24.99141025543213,70266
24.99230122566223,70266
24.993213653564453,70266
24.99410104751587,70266
24.99540948867798,70266
24.996307849884033,70266
24.997197151184082,70266
24.99808359146118,70266
24.999391078948975,70266
25.00027894973755,70266
25.00116515159607,70266
25.002050638198853,70266
25.003358125686646,70266
25.004242181777954,70266
25.00512957572937,70266
25.006025791168213,70266
25.00733470916748,70266
25.008221864700317,70266
25.009105920791626,70266
25.01042079925537,70266
25.011309146881104,70266
25.012197256088257,70266
25.013084411621094,70266
25.014391899108887,70266
25.015278577804565,70266
25.016178131103516,70266
25.01706337928772,70266
25.01837182044983,70266
25.01925563812256,70266
25.020141124725342,70266
25.021028518676758,70266
25.02233624458313,70266
25.023221492767334,70266
25.02410650253296,70266
25.025413990020752,70266
25.02631163597107,70266
25.02719759941101,70266
25.02808380126953,70266
25.029390335083008,70266
25.030271530151367,70266
25.031155109405518,70266
25.032044172286987,70266
25.03335928916931,70266
25.03424382209778,70266
25.03512978553772,70266
25.03602385520935,70266
25.037333488464355,70266
25.038219213485718,70266
25.039104461669922,70266
25.04041290283203,70266
25.041303396224976,70266
25.042187213897705,70266
25.04307198524475,70266
25.044382333755493,70266
25.045267343521118,70266
25.046164751052856,70266
25.047048091888428,70266
25.048357248306274,70266
25.04923987388611,70266
25.0501229763031,70266
25.05100965499878,70266
25.052319288253784,70266
25.053202390670776,70266
25.054086923599243,70266
25.055394649505615,70266
25.056285858154297,70266
25.057172060012817,70266
25.058053731918335,70266
25.059364080429077,70266
25.06024718284607,70266
25.06113076210022,70266
25.062015533447266,70266
25.06332278251648,70266
25.064205408096313,70266
25.065088272094727,70266
25.066405534744263,70266
25.067289352416992,70266
25.068171739578247,70266
25.06905436515808,70266
25.070359706878662,70266
25.07124090194702,70266
25.07212233543396,70266
25.073008060455322,70266
25.074315309524536,70266
25.0752010345459,70266
25.076097011566162,70266
25.077404737472534,70266
25.078291654586792,70266
25.07917809486389,70266
25.080060720443726,70266
25.081368446350098,70266
25.08225178718567,70266
25.08313775062561,70266
25.084023237228394,70266
25.08533263206482,70266
25.08622717857361,70266
25.08711576461792,70266
25.08841872215271,70266
25.089304447174072,70266
25.090188026428223,70266
25.091071128845215,70266
25.0923752784729,70266
25.093257188796997,70266
25.094139099121094,70266
25.09502601623535,70266
25.096338748931885,70266
25.09724235534668,70266
25.098125457763672,70266
25.099011182785034,70266
25.100340127944946,70266
25.10123896598816,70266
25.102121829986572,70266
25.103006601333618,70266
25.10431218147278,70266
25.105197191238403,70266
25.106089115142822,70266
25.107396841049194,70266
25.108287811279297,70266
25.109172105789185,70266
25.110053062438965,70266
25.111358642578125,70266
25.112242221832275,70266
25.1131272315979,70266
25.11401081085205,70266
25.11531686782837,70266
25.116206645965576,70266
25.11708974838257,70266
25.118392944335938,70266
25.119277954101562,70266
25.120161533355713,70266
25.121047973632812,70266
25.12235689163208,70266
25.123237371444702,70266
25.12412118911743,70266
25.125003337860107,70266
25.126319408416748,70266
25.12720012664795,70266
25.12808060646057,70266
25.129385948181152,70266
25.130269765853882,70266
25.131154775619507,70266
25.132038593292236,70266
25.133341073989868,70266
25.134225368499756,70266
25.135106563568115,70266
25.136423110961914,70266
25.137308359146118,70266
25.13819169998169,70266
25.139076709747314,70266
25.140380382537842,70266
25.14126205444336,70266
25.14214539527893,70266
25.143029928207397,70266
25.144363164901733,70266
25.145246982574463,70266
25.146138429641724,70266
25.147022485733032,70266
25.148324489593506,70266
25.14920473098755,70266
25.150118112564087,70266
25.15100336074829,70266
25.152308702468872,70266
25.153194665908813,70266
25.15407967567444,70266
25.15538501739502,70266
25.156278371810913,70266
25.157163619995117,70266
25.158045291900635,70266
25.15935444831848,70266
25.16023588180542,70266
25.161115407943726,70266
25.16241955757141,70266
25.16330599784851,70266
25.16418766975403,70266
25.165070056915283,70266
25.166391134262085,70266
25.167274713516235,70266
25.168158531188965,70266
25.169039726257324,70266
25.170345544815063,70266
25.171226501464844,70266
25.17210865020752,70266
25.17341709136963,70266
25.174301862716675,70266
25.1751868724823,70266
25.176076650619507,70266
25.177383422851562,70266
25.178268432617188,70266
25.179152965545654,70266
25.180038928985596,70266
25.181342601776123,70266
25.182226181030273,70266
25.183109760284424,70266
25.184412240982056,70266
25.185296535491943,70266
25.186190605163574,70266
25.187077522277832,70266
25.188384771347046,70266
25.18926739692688,70266
25.190155029296875,70266
25.191039562225342,70266
25.192346334457397,70266
25.193228006362915,70266
25.194109439849854,70266
25.19541835784912,70266
25.19631600379944,70266
25.19719886779785,70266
25.198084354400635,70266
25.199392318725586,70266
25.200279235839844,70266
25.201162815093994,70266
25.202046871185303,70266
25.203355073928833,70266
25.204237461090088,70266
25.205119848251343,70266
25.206015825271606,70266
25.207322597503662,70266
25.208204984664917,70266
25.209086179733276,70266
25.210392236709595,70266
25.211273193359375,70266
25.212156772613525,70266
25.21304178237915,70266
25.214346885681152,70266
25.21522855758667,70266
25.216119050979614,70266
25.21700358390808,70266
25.218310356140137,70266
25.219191551208496,70266
25.220073223114014,70266
25.221378087997437,70266
25.222262620925903,70266
25.223146677017212,70266
25.224029541015625,70266
25.225335597991943,70266
25.226229190826416,70266
25.22711491584778,70266
25.228419303894043,70266
25.229302883148193,70266
25.230185985565186,70266
25.23107123374939,70266
25.232377290725708,70266
25.23326063156128,70266
25.23414421081543,70266
25.23503613471985,70266
25.23635220527649,70266
25.23723602294922,70266
25.238116025924683,70266
25.239420175552368,70266
25.240304946899414,70266
25.241187810897827,70266
25.242069959640503,70266
25.24337935447693,70266
25.244261980056763,70266
25.245144844055176,70266
25.246037483215332,70266
25.24734139442444,70266
25.24822473526001,70266
25.24910807609558,70266
25.250413417816162,70266
25.251300573349,70266
25.25218367576599,70266
25.253068208694458,70266
25.25437331199646,70266
25.255253553390503,70266
25.256150245666504,70266
25.25703239440918,70266
25.258339881896973,70266
25.259225130081177,70266
25.260104179382324,70266
25.261409521102905,70266
25.26229476928711,70266
25.263176202774048,70266
25.26406168937683,70266
25.265369176864624,70266
25.266259908676147,70266
25.267144441604614,70266
25.268027782440186,70266
25.269336700439453,70266
25.270219087600708,70266
25.27109980583191,70266
25.27240300178528,70266
25.273287296295166,70266
25.27417230606079,70266
25.275054693222046,70266
25.276373386383057,70266
25.27725648880005,70266
25.278141260147095,70266
25.279024600982666,70266
25.28032946586609,70266
25.281210899353027,70266
25.282092094421387,70266
25.28339982032776,70266
25.284284591674805,70266
25.285168886184692,70266
25.286062955856323,70266
25.287368059158325,70266
25.288251638412476,70266
25.289132356643677,70266
25.290013551712036,70266
25.29131817817688,70266
25.29219961166382,70266
25.29308319091797,70266
25.29438853263855,70266
25.295271396636963,70266
25.29616689682007,70266
25.297053813934326,70266
25.29835820198059,70266
25.299240827560425,70266
25.300121307373047,70266
25.301006078720093,70266
25.30231022834778,70266
25.303192377090454,70266
25.30407476425171,70266
25.305376052856445,70266
25.306267261505127,70266
25.307152271270752,70266
25.308035850524902,70266
25.30934190750122,70266
25.310224294662476,70266
25.311106204986572,70266
25.31243658065796,70266
25.313323974609375,70266
25.314204931259155,70266
25.31508708000183,70266
25.31640315055847,70266
25.317289113998413,70266
25.3181734085083,70266
25.319056034088135,70266
25.320358991622925,70266
25.321236848831177,70266
25.322116136550903,70266
25.323418855667114,70266
25.32430362701416,70266
25.325189352035522,70266
25.326085567474365,70266
25.327393770217896,70266
25.32827639579773,70266
25.329158782958984,70266
25.330044984817505,70266
25.331352949142456,70266
25.33223557472229,70266
25.33311653137207,70266
25.334003686904907,70266
25.33530879020691,70266
25.33620023727417,70266
25.33708381652832,70266
25.33838963508606,70266
25.33927321434021,70266
25.340157508850098,70266
25.341039180755615,70266
25.34234309196472,70266
25.343226432800293,70266
25.344130039215088,70266
25.345017433166504,70266
25.346335411071777,70266
25.347219705581665,70266
25.348102807998657,70266
25.34940814971924,70266
25.35029363632202,70266
25.351179361343384,70266
25.352062463760376,70266
25.35337233543396,70266
25.354256868362427,70266
25.35514259338379,70266
25.356037616729736,70266
25.35734462738037,70266
25.3582284450531,70266
25.359108209609985,70266
25.360417366027832,70266
25.36130380630493,70266
25.362188816070557,70266
25.36307406425476,70266
25.364383220672607,70266
25.365265369415283,70266
25.366161584854126,70266
25.367045879364014,70266
25.368351697921753,70266
25.369237422943115,70266
25.370121002197266,70266
25.371005058288574,70266
25.37231159210205,70266
25.373196125030518,70266
25.374083757400513,70266
25.375393629074097,70266
25.376289129257202,70266
25.37717604637146,70266
25.37805986404419,70266
25.379368543624878,70266
25.380253553390503,70266
25.381139278411865,70266
25.382020950317383,70266
25.38333010673523,70266
25.384214639663696,70266
25.385096311569214,70266
25.386412382125854,70266
25.38729977607727,70266
25.388183116912842,70266
25.389067888259888,70266
25.390374183654785,70266
25.3912570476532,70266
25.392143487930298,70266
25.393030643463135,70266
25.394340991973877,70266
25.39522385597229,70266
25.39611577987671,70266
25.397003173828125,70266
25.398308277130127,70266
25.399192333221436,70266
25.400075435638428,70266
25.401382207870483,70266
25.40226674079895,70266
25.40315079689026,70266
25.404033660888672,70266
25.40533971786499,70266
25.40623641014099,70266
25.407120943069458,70266
25.408005952835083,70266
25.409315824508667,70266
25.41020107269287,70266
25.411083459854126,70266
25.412395000457764,70266
25.41328191757202,70266
25.41416883468628,70266
25.415050745010376,70266
25.41636610031128,70266
25.41724729537964,70266
25.418129205703735,70266
25.419013261795044,70266
25.420321464538574,70266
25.421204328536987,70266
25.422086000442505,70266
25.42339015007019,70266
25.424272298812866,70266
25.425156354904175,70266
25.42605233192444,70266
25.427359342575073,70266
25.42824125289917,70266
25.429123163223267,70266
25.43000888824463,70266
25.43131375312805,70266
25.43219518661499,70266
25.433077812194824,70266
25.434387683868408,70266
25.4352707862854,70266
25.43616533279419,70266
25.437049865722656,70266
25.438358068466187,70266
25.43923854827881,70266
25.44012212753296,70266
25.441008806228638,70266
25.442314386367798,70266
25.443196773529053,70266
25.444079637527466,70266
25.445384979248047,70266
25.44627857208252,70266
25.447163343429565,70266
25.448046684265137,70266
25.449350118637085,70266
25.450232982635498,70266
25.451115369796753,70266
25.452420473098755,70266
25.4533052444458,70266
25.45418691635132,70266
25.455069541931152,70266
25.456390380859375,70266
25.457273244857788,70266
25.458154916763306,70266
25.459043979644775,70266
25.460353136062622,70266
25.46123695373535,70266
25.462121725082397,70266
25.46300458908081,70266
25.464312076568604,70266
25.465195655822754,70266
25.466090202331543,70266
25.46739888191223,70266
25.468286991119385,70266
25.46916890144348,70266
25.470050811767578,70266
25.471356630325317,70266
25.472237825393677,70266
25.473119497299194,70266
25.474006414413452,70266
25.475313425064087,70266
25.47620701789856,70266
25.477091550827026,70266
25.47840142250061,70266
25.479286432266235,70266
25.48016905784607,70266
25.481053113937378,70266
25.482359170913696,70266
25.483243703842163,70266
25.48412799835205,70266
25.485013961791992,70266
25.486332416534424,70266
25.487213611602783,70266
25.488095998764038,70266
25.489400386810303,70266
25.49028706550598,70266
25.491169929504395,70266
25.492053031921387,70266
25.493359565734863,70266
25.49424147605896,70266
25.49512219429016,70266
25.496018409729004,70266
25.497324228286743,70266
25.498206853866577,70266
25.49909234046936,70266
25.50039792060852,70266
25.501283407211304,70266
25.502166509628296,70266
25.503050804138184,70266
25.504358530044556,70266
25.505243062973022,70266
25.506136178970337,70266
25.507020473480225,70266
25.50832462310791,70266
25.509207725524902,70266
25.510090112686157,70266
25.51139497756958,70266
25.512280225753784,70266
25.513166666030884,70266
25.51405119895935,70266
25.51535654067993,70266
25.51625108718872,70266
25.51713466644287,70266
25.51801872253418,70266
25.519325256347656,70266
25.520208597183228,70266
25.521090507507324,70266
25.522396087646484,70266
25.523284912109375,70266
25.524169206619263,70266
25.525050163269043,70266
25.52636694908142,70266
25.52725124359131,70266
25.528138399124146,70266
25.52902317047119,70266
25.530333042144775,70266
25.531219959259033,70266
25.532107830047607,70266
25.53341817855835,70266
25.534308910369873,70266
25.53519630432129,70266
25.536090850830078,70266
25.53740119934082,70266
25.538285493850708,70266
25.539170742034912,70266
25.5400550365448,70266
25.54136371612549,70266
25.542247533798218,70266
25.543131351470947,70266
25.5440411567688,70266
25.545349597930908,70266
25.546244621276855,70266
25.5471293926239,70266
25.548012733459473,70266
25.54931926727295,70266
25.550203323364258,70266
25.551088571548462,70266
25.552395582199097,70266
25.553280353546143,70266
25.554164171218872,70266
25.555047035217285,70266
25.556365489959717,70266
25.557248830795288,70266
25.558130502700806,70266
25.559013605117798,70266
25.560319900512695,70266
25.56120538711548,70266
25.562089920043945,70266
25.563400506973267,70266
25.564285278320312,70266
25.56517219543457,70266
25.566065311431885,70266
25.56737184524536,70266
25.568254947662354,70266
25.569138765335083,70266
25.570026636123657,70266
25.571334838867188,70266
25.572219371795654,70266
25.57310652732849,70266
25.5744149684906,70266
25.575300931930542,70266
25.576220989227295,70266
25.577107191085815,70266
25.578412294387817,70266
25.579299926757812,70266
25.58018398284912,70266
25.581069231033325,70266
25.58237624168396,70266
25.58325958251953,70266
25.58414340019226,70266
25.58502745628357,70266
25.586454391479492,70266
25.587334632873535,70266
25.588237047195435,70266
25.589138507843018,70266
25.59002685546875,70266
25.591335773468018,70266
25.592233657836914,70266
25.593136310577393,70266
25.594021320343018,70266
25.595333337783813,70266
25.59624147415161,70266
25.59712505340576,70266
25.59801173210144,70266
25.599326610565186,70266
25.60021185874939,70266
25.601096868515015,70266
25.602405309677124,70266
25.603288888931274,70266
25.60417675971985,70266
25.605059146881104,70266
25.606378316879272,70266
25.60726261138916,70266
25.60814666748047,70266
25.60903000831604,70266
25.61033797264099,70266
25.61121940612793,70266
25.61210322380066,70266
25.6134090423584,70266
25.614294290542603,70266
25.61517858505249,70266
25.61607027053833,70266
25.617380142211914,70266
25.618261575698853,70266
25.619145393371582,70266
25.620033264160156,70266
25.621342420578003,70266
25.622222900390625,70266
25.62310552597046,70266
25.6244113445282,70266
25.62529468536377,70266
25.626190662384033,70266
25.62707757949829,70266
25.62838339805603,70266
25.629268407821655,70266
25.630151987075806,70266
25.63103675842285,70266
25.632344722747803,70266
25.63323187828064,70266
25.63411593437195,70266
25.635005712509155,70266
25.636324167251587,70266
25.637209177017212,70266
25.638093948364258,70266
25.639399766921997,70266
25.64028525352478,70266
25.64116859436035,70266
25.64205241203308,70266
25.643357515335083,70266
25.644240856170654,70266
25.64512348175049,70266
25.64602041244507,70266
25.647323846817017,70266
25.64820885658264,70266
25.64909291267395,70266
25.650402307510376,70266
25.651288747787476,70266
25.652170181274414,70266
25.65305256843567,70266
25.654359817504883,70266
25.65524387359619,70266
25.65613603591919,70266
25.65701913833618,70266
25.65832781791687,70266
25.65921425819397,70266
25.66009783744812,70266
25.661404609680176,70266
25.662288904190063,70266
25.663170099258423,70266
25.664053916931152,70266
25.66535973548889,70266
25.666255235671997,70266
25.667139530181885,70266
25.66802430152893,70266
25.66933035850525,70266
25.670215129852295,70266
25.67109727859497,70266
25.672405004501343,70266
25.67328929901123,70266
25.674171924591064,70266
25.67505407333374,70266
25.676370859146118,70266
25.677253007888794,70266
25.67813801765442,70266
25.679023504257202,70266
25.680332899093628,70266
25.68121600151062,70266
25.682097911834717,70266
25.68340563774109,70266
25.684290170669556,70266
25.68517756462097,70266
25.686070680618286,70266
25.687382221221924,70266
25.688265800476074,70266
25.689149379730225,70266
25.690034866333008,70266
25.69134545326233,70266
25.692226886749268,70266
25.693106412887573,70266
25.694411754608154,70266
25.695294857025146,70266
25.696189403533936,70266
25.69707179069519,70266
25.69837975502014,70266
25.699262857437134,70266
25.700149297714233,70266
25.70103359222412,70266
25.702341556549072,70266
25.703227996826172,70266
25.704108715057373,70266
25.705413818359375,70266
25.706307411193848,70266
25.707190990447998,70266
25.708073377609253,70266
25.709377765655518,70266
25.710257291793823,70266
25.711141347885132,70266
25.71202802658081,70266
25.71333360671997,70266
25.714216947555542,70266
25.71510100364685,70266
25.716418266296387,70266
25.71730136871338,70266
25.718186140060425,70266
25.71906852722168,70266
25.720375537872314,70266
25.721258401870728,70266
25.722142219543457,70266
25.723026037216187,70266
25.72433066368103,70266
25.725213289260864,70266
25.726104259490967,70266
25.727410793304443,70266
25.72829580307007,70266
25.729176998138428,70266
25.730058193206787,70266
25.731364727020264,70266
25.73224949836731,70266
25.733131408691406,70266
25.734018325805664,70266
25.735323667526245,70266
25.736215353012085,70266
25.73710036277771,70266
25.73840355873108,70266
25.73928689956665,70266
25.7401704788208,70266
25.741053104400635,70266
25.742355585098267,70266
25.743239164352417,70266
25.744142770767212,70266
25.74502730369568,70266
25.746346950531006,70266
25.747228622436523,70266
25.74811053276062,70266
25.749415636062622,70266
25.750298738479614,70266
25.75118088722229,70266
25.75206470489502,70266
25.753368377685547,70266
25.754250288009644,70266
25.75513482093811,70266
25.756031274795532,70266
25.757334232330322,70266
25.758216619491577,70266
25.759097576141357,70266
25.76039958000183,70266
25.76128125190735,70266
25.762165307998657,70266
25.76304793357849,70266
25.764352321624756,70266
25.765236616134644,70266
25.76612615585327,70266
25.76700782775879,70266
25.768311262130737,70266
25.769195318222046,70266
25.770078420639038,70266
25.7713840007782,70266
25.772264003753662,70266
25.77314567565918,70266
25.77402925491333,70266
25.77533769607544,70266
25.77622699737549,70266
25.777108907699585,70266
25.778414487838745,70266
25.779297590255737,70266
25.78018355369568,70266
25.781065940856934,70266
25.782371044158936,70266
25.78325390815735,70266
25.784136295318604,70266
25.785021543502808,70266
25.78633737564087,70266
25.787219762802124,70266
25.788102865219116,70266
25.789406299591064,70266
25.79028844833374,70266
25.791170835494995,70266
25.792052745819092,70266
25.793355226516724,70266
25.79423499107361,70266
25.795116424560547,70266
25.79600954055786,70266
25.797314643859863,70266
25.798199892044067,70266
25.799083471298218,70266
25.800390243530273,70266
25.801273107528687,70266
25.802159309387207,70266
25.803043603897095,70266
25.804348945617676,70266
25.80522918701172,70266
25.80611753463745,70266
25.807422637939453,70266
25.808305263519287,70266
25.80918860435486,70266
25.81007146835327,70266
25.81137704849243,70266
25.81225872039795,70266
25.813143014907837,70266
25.814029216766357,70266
25.815335512161255,70266
25.81622576713562,70266
25.81710720062256,70266
25.818411350250244,70266
25.819295406341553,70266
25.820176124572754,70266
25.821057081222534,70266
25.82236099243164,70266
25.823243379592896,70266
25.824126482009888,70266
25.82500982284546,70266
25.826324701309204,70266
25.82720708847046,70266
25.82809019088745,70266
25.82939577102661,70266
25.830279111862183,70266
25.83116579055786,70266
25.832049131393433,70266
25.83335590362549,70266
25.834237575531006,70266
25.83512234687805,70266
25.83601951599121,70266
25.837326288223267,70266
25.83820939064026,70266
25.83909249305725,70266
25.840396404266357,70266
25.84127974510193,70266
25.84216332435608,70266
25.843048334121704,70266
25.844351291656494,70266
25.845232248306274,70266
25.846121549606323,70266
25.847424745559692,70266
25.848308563232422,70266
25.849189043045044,70266
25.85007119178772,70266
25.85137629508972,70266
25.85225510597229,70266
25.8531391620636,70266
25.854024648666382,70266
25.85532546043396,70266
25.85621666908264,70266
25.857096195220947,70266
25.85840344429016,70266
25.85929012298584,70266
25.86017417907715,70266
25.861055850982666,70266
25.862359046936035,70266
25.863240957260132,70266
25.864123582839966,70266
25.865005493164062,70266
25.86632013320923,70266
25.867206573486328,70266
25.86808967590332,70266
25.8693950176239,70266
25.870278120040894,70266
25.871158123016357,70266
25.872042655944824,70266
25.87334442138672,70266
25.874225616455078,70266
25.875107288360596,70266
25.876424312591553,70266
25.877309799194336,70266
25.878193855285645,70266
25.879079580307007,70266
25.880385398864746,70266
25.881272792816162,70266
25.88215684890747,70266
25.88304114341736,70266
25.884345293045044,70266
25.88522744178772,70266
25.886117935180664,70266
25.887003898620605,70266
25.8883113861084,70266
25.889193773269653,70266
25.890097856521606,70266
25.891406774520874,70266
25.89229393005371,70266
25.893200397491455,70266
25.894100189208984,70266
25.895405530929565,70266
25.896301984786987,70266
25.897186040878296,70266
25.898069620132446,70266
25.899378061294556,70266
25.90026354789734,70266
25.90114974975586,70266
25.902036905288696,70266
25.903346061706543,70266
25.904228687286377,70266
25.905109882354736,70266
25.906007766723633,70266
25.907312631607056,70266
25.90819478034973,70266
25.90907645225525,70266
25.910382986068726,70266
25.911266088485718,70266
25.91214895248413,70266
25.91303300857544,70266
25.91434359550476,70266
25.915229320526123,70266
25.916120767593384,70266
25.91700792312622,70266
25.918315172195435,70266
25.919200658798218,70266
25.92008328437805,70266
25.921390295028687,70266
25.922271966934204,70266
25.923157215118408,70266
25.92404294013977,70266
25.92534875869751,70266
25.926241636276245,70266
25.927125692367554,70266
25.928011417388916,70266
25.929316759109497,70266
25.930202960968018,70266
25.931087017059326,70266
25.93239402770996,70266
25.933276176452637,70266
25.934160709381104,70266
25.935047388076782,70266
25.936361074447632,70266
25.93724250793457,70266
25.938122510910034,70266
25.939008474349976,70266
25.940317153930664,70266
25.941200733184814,70266
25.94208526611328,70266
25.943389177322388,70266
25.944292783737183,70266
25.945177793502808,70266
25.946069478988647,70266
25.947373867034912,70266
25.948256969451904,70266
25.949142694473267,70266
25.9500253200531,70266
25.951327562332153,70266
25.952208995819092,70266
25.95309281349182,70266
25.95439648628235,70266
25.955280780792236,70266
25.956176280975342,70266
25.9570574760437,70266
25.95836639404297,70266
25.959249258041382,70266
25.96013116836548,70266
25.961013317108154,70266
25.962318181991577,70266
25.963202238082886,70266
25.964083909988403,70266
25.965389013290405,70266
25.966283321380615,70266
25.96717643737793,70266
25.968059539794922,70266
25.96936798095703,70266
25.970248460769653,70266
25.97113275527954,70266
25.972016096115112,70266
25.973320722579956,70266
25.974204301834106,70266
25.975083827972412,70266
25.976399183273315,70266
25.977283239364624,70266
25.978164434432983,70266
25.979047775268555,70266
25.980355739593506,70266
25.98123860359192,70266
25.9821195602417,70266
25.983421802520752,70266
25.984303951263428,70266
25.985186100006104,70266
25.986077308654785,70266
25.987382888793945,70266
25.98826503753662,70266
25.989149570465088,70266
25.990033388137817,70266
25.9913387298584,70266
25.992222547531128,70266
25.99310541152954,70266
25.994411945343018,70266
25.995299339294434,70266
25.99619722366333,70266
25.997081995010376,70266
25.998388528823853,70266
25.999273777008057,70266
26.00015616416931,70266
26.001040935516357,70266
26.002349138259888,70266
26.003231287002563,70266
26.004116535186768,70266
26.005422830581665,70266
26.00631856918335,70266
26.007201194763184,70266
26.00808310508728,70266
26.009387493133545,70266
26.010270595550537,70266
26.01115393638611,70266
26.012035369873047,70266
26.01334023475647,70266
26.014222145080566,70266
26.015105962753296,70266
26.016424417495728,70266
26.017311811447144,70266
26.018194675445557,70266
26.01908016204834,70266
26.020387172698975,70266
26.02126932144165,70266
26.02215266227722,70266
26.02303719520569,70266
26.024343013763428,70266
26.02522563934326,70266
26.026116371154785,70266
26.027425527572632,70266
26.02831244468689,70266
26.029196977615356,70266
26.03007936477661,70266
26.03138279914856,70266
26.032264947891235,70266
26.03314757347107,70266
26.03403067588806,70266
26.03533911705017,70266
26.036226749420166,70266
26.03711223602295,70266
26.038418531417847,70266
26.039304971694946,70266
26.040186882019043,70266
26.04106855392456,70266
26.042372226715088,70266
26.043253660202026,70266
26.044137477874756,70266
26.045021772384644,70266
26.046337842941284,70266
26.047221422195435,70266
26.048102378845215,70266
26.04940438270569,70266
26.050288915634155,70266
26.051172971725464,70266
26.05205273628235,70266
26.053357124328613,70266
26.05423927307129,70266
26.05512285232544,70266
26.05601406097412,70266
26.05731964111328,70266
26.058201551437378,70266
26.05908513069153,70266
26.06038999557495,70266
26.06127142906189,70266
26.062158584594727,70266
26.06304430961609,70266
26.064347505569458,70266
26.065231800079346,70266
26.066123962402344,70266
26.067009210586548,70266
26.06831645965576,70266
26.069201707839966,70266
26.070086240768433,70266
26.071390867233276,70266
26.072275638580322,70266
26.073160409927368,70266
26.074041843414307,70266
26.075344562530518,70266
26.076234102249146,70266
26.077117204666138,70266
26.07800316810608,70266
26.07930827140808,70266
26.08019185066223,70266
26.081073999404907,70266
26.082380294799805,70266
26.08326268196106,70266
26.084142923355103,70266
26.08502697944641,70266
26.086339712142944,70266
26.08721947669983,70266
26.08811116218567,70266
26.08942151069641,70266
26.09030842781067,70266
26.091216802597046,70266
26.09211230278015,70266
26.09342050552368,70266
26.09430718421936,70266
26.095189094543457,70266
26.09607982635498,70266
26.09738278388977,70266
26.098264932632446,70266
26.099151372909546,70266
26.10003662109375,70266
26.10134196281433,70266
26.10222291946411,70266
26.103102684020996,70266
26.104408979415894,70266
26.105290412902832,70266
26.106186628341675,70266
26.107067823410034,70266
26.108373403549194,70266
26.109254598617554,70266
26.110137224197388,70266
26.111027240753174,70266
26.112331867218018,70266
26.11321258544922,70266
26.114094257354736,70266
26.11539888381958,70266
26.11629343032837,70266
26.117175102233887,70266
26.11805510520935,70266
26.1193585395813,70266
26.120240688323975,70266
26.121121406555176,70266
26.122005939483643,70266
26.123310804367065,70266
26.124192476272583,70266
26.125076293945312,70266
26.126391172409058,70266
26.12727403640747,70266
26.12815761566162,70266
26.129040718078613,70266
26.130347967147827,70266
26.131230115890503,70266
26.132113933563232,70266
26.133424282073975,70266
26.134310960769653,70266
26.13519310951233,70266
26.136089324951172,70266
26.13739538192749,70266
26.138277769088745,70266
26.139161586761475,70266
26.140045166015625,70266
26.141348838806152,70266
26.142232418060303,70266
26.143115997314453,70266
26.144027709960938,70266
26.145337343215942,70266
26.146227836608887,70266
26.147112131118774,70266
26.148418188095093,70266
26.14930295944214,70266
26.150212287902832,70266
26.151095151901245,70266
26.15239977836609,70266
26.153284788131714,70266
26.15416717529297,70266
26.155051231384277,70266
26.15636658668518,70266
26.15724754333496,70266
26.158130168914795,70266
26.159015893936157,70266
26.16031813621521,70266
26.161200046539307,70266
26.162081956863403,70266
26.163387060165405,70266
26.164271593093872,70266
26.165154218673706,70266
26.166048049926758,70266
26.16735076904297,70266
26.16823172569275,70266
26.169113159179688,70266
26.170416831970215,70266
26.17130160331726,70266
26.172183513641357,70266
26.173065185546875,70266
26.174370288848877,70266
26.175251960754395,70266
26.17614507675171,70266
26.177029132843018,70266
26.17833137512207,70266
26.179211854934692,70266
26.180095911026,70266
26.181401252746582,70266
26.182284355163574,70266
26.183166027069092,70266
26.184048175811768,70266
26.18535351753235,70266
26.186245679855347,70266
26.187129020690918,70266
26.188010454177856,70266
26.189317226409912,70266
26.19020104408264,70266
26.191083669662476,70266
26.19238781929016,70266
26.19326877593994,70266
26.194156408309937,70266
26.19503927230835,70266
26.196354866027832,70266
26.197234630584717,70266
26.198116540908813,70266
26.199419736862183,70266
26.2003014087677,70266
26.201183319091797,70266
26.20206642150879,70266
26.203371047973633,70266
26.20425057411194,70266
26.205131769180298,70266
26.20602512359619,70266
26.207329273223877,70266
26.208210706710815,70266
26.20909285545349,70266
26.210395574569702,70266
26.211276531219482,70266
26.212159156799316,70266
26.213040351867676,70266
26.214346885681152,70266
26.215229749679565,70266
26.21612024307251,70266
26.21700668334961,70266
26.218310832977295,70266
26.219191551208496,70266
26.220075368881226,70266
26.221377849578857,70266
26.222260236740112,70266
26.223143100738525,70266
26.22403883934021,70266
26.22534942626953,70266
26.226242065429688,70266
26.227147817611694,70266
26.22803282737732,70266
26.229357481002808,70266
26.230241775512695,70266
26.231128931045532,70266
26.232013702392578,70266
26.233317852020264,70266
26.234200716018677,70266
26.235085010528564,70266
26.236400842666626,70266
26.237285614013672,70266
26.23816752433777,70266
26.239048719406128,70266
26.240354537963867,70266
26.24123787879944,70266
26.24212121963501,70266
26.243004083633423,70266
26.244306802749634,70266
26.245187044143677,70266
26.246076822280884,70266
26.24737858772278,70266
26.248260498046875,70266
26.249144554138184,70266
26.25002670288086,70266
26.25132918357849,70266
26.252209424972534,70266
26.25309133529663,70266
26.254395723342896,70266
26.255276679992676,70266
26.25616955757141,70266
26.257055282592773,70266
26.25835919380188,70266
26.25924015045166,70266
26.260122060775757,70266
26.261003971099854,70266
26.26231026649475,70266
26.2631938457489,70266
26.264076471328735,70266
26.265380144119263,70266
26.266271591186523,70266
26.26715588569641,70266
26.268038749694824,70266
26.26934266090393,70266
26.270226001739502,70266
26.271105527877808,70266
26.27241086959839,70266
26.273295164108276,70266
26.274176597595215,70266
26.275057554244995,70266
26.276371717453003,70266
26.277254343032837,70266
26.278139352798462,70266
26.27902126312256,70266
26.28032636642456,70266
26.281209707260132,70266
26.282092094421387,70266
26.283400058746338,70266
26.28428626060486,70266
26.285170316696167,70266
26.286062240600586,70266
26.28736710548401,70266
26.288248538970947,70266
26.289130449295044,70266
26.29001545906067,70266
26.29132080078125,70266
26.292203426361084,70266
26.293086528778076,70266
26.294395923614502,70266
26.295278072357178,70266
26.29617190361023,70266
26.29705548286438,70266
26.298360109329224,70266
26.2992422580719,70266
26.300124645233154,70266
26.301010131835938,70266
26.30231261253357,70266
26.303196668624878,70266
26.30408024787903,70266
26.305384635925293,70266
26.306276082992554,70266
26.30715847015381,70266
26.30803871154785,70266
26.309344053268433,70266
26.310226917266846,70266
26.31110715866089,70266
26.312431573867798,70266
26.313318014144897,70266
26.314201831817627,70266
26.315085887908936,70266
26.316404104232788,70266
26.31728768348694,70266
26.31817102432251,70266
26.319053173065186,70266
26.320359230041504,70266
26.321239233016968,70266
26.322120904922485,70266
26.32300591468811,70266
26.324310541152954,70266
26.325196981430054,70266
26.326088666915894,70266
26.327394723892212,70266
26.328280448913574,70266
26.329164028167725,70266
26.33004903793335,70266
26.331358432769775,70266
26.332242488861084,70266
26.3331241607666,70266
26.33400821685791,70266
26.3353111743927,70266
26.336206674575806,70266
26.33709216117859,70266
26.338399648666382,70266
26.339281797409058,70266
26.34016466140747,70266
26.341047763824463,70266
26.342356204986572,70266
26.343238353729248,70266
26.344142198562622,70266
26.345024824142456,70266
26.346344232559204,70266
26.347227573394775,70266
26.34810757637024,70266
26.349411725997925,70266
26.350294828414917,70266
26.351178407669067,70266
26.352060317993164,70266
26.353367567062378,70266
26.354246854782104,70266
26.35512948036194,70266
26.356026887893677,70266
26.357330083847046,70266
26.358210802078247,70266
26.35909390449524,70266
26.36039900779724,70266
26.36128282546997,70266
26.36216640472412,70266
26.363052368164062,70266
26.364357471466064,70266
26.36524224281311,70266
26.366132736206055,70266
26.36701774597168,70266
26.368324995040894,70266
26.36920666694641,70266
26.370088577270508,70266
26.371391534805298,70266
26.372278451919556,70266
26.3731632232666,70266
26.374046564102173,70266
26.375349044799805,70266
26.37624192237854,70266
26.37712264060974,70266
26.378005743026733,70266
26.37931180000305,70266
26.380194664001465,70266
26.38107705116272,70266
26.382383346557617,70266
26.38326382637024,70266
26.384148597717285,70266
26.385033130645752,70266
26.386350631713867,70266
26.387235403060913,70266
26.388116598129272,70266
26.389423608779907,70266
26.390308618545532,70266
26.39119291305542,70266
26.39207673072815,70266
26.393383502960205,70266
26.394267082214355,70266
26.395150423049927,70266
26.396045923233032,70266
26.397351264953613,70266
26.39823627471924,70266
26.399120569229126,70266
26.400006771087646,70266
26.40131378173828,70266
26.402201175689697,70266
26.403088092803955,70266
26.404396295547485,70266
26.405279397964478,70266
26.40617871284485,70266
26.407062768936157,70266
26.40836763381958,70266
26.40924835205078,70266
26.41013193130493,70266
26.411015033721924,70266
26.41231918334961,70266
26.413201332092285,70266
26.414085626602173,70266
26.415393352508545,70266
26.41628861427307,70266
26.41716980934143,70266
26.418051958084106,70266
26.419358253479004,70266
26.420239448547363,70266
26.42111825942993,70266
26.422422170639038,70266
26.423307418823242,70266
26.424190044403076,70266
26.425071716308594,70266
26.426387548446655,70266
26.427270889282227,70266
26.428154468536377,70266
26.42904019355774,70266
26.430346965789795,70266
26.43122887611389,70266
26.43210792541504,70266
26.433414459228516,70266
26.434298038482666,70266
26.435181379318237,70266
26.436070919036865,70266
26.437377214431763,70266
26.438259840011597,70266
26.43914556503296,70266
26.440028429031372,70266
26.44133496284485,70266
26.442216873168945,70266
26.443100690841675,70266
26.444406270980835,70266
26.44528841972351,70266
26.446181774139404,70266
26.447062730789185,70266
26.448371410369873,70266
26.449252367019653,70266
26.450135231018066,70266
26.451019763946533,70266
26.452326774597168,70266
26.453208446502686,70266
26.454092264175415,70266
26.455395936965942,70266
26.45629119873047,70266
26.45717167854309,70266
26.458054542541504,70266
26.459360599517822,70266
26.460242748260498,70266
26.461125373840332,70266
26.462008476257324,70266
26.463314294815063,70266
26.464198112487793,70266
26.46507954597473,70266
26.46639323234558,70266
26.467273950576782,70266
26.46815776824951,70266
26.46903944015503,70266
26.4703471660614,70266
26.471233129501343,70266
26.47211527824402,70266
26.473421812057495,70266
26.474308729171753,70266
26.475192546844482,70266
26.47608709335327,70266
26.477389574050903,70266
26.478270769119263,70266
26.479154586791992,70266
26.480037212371826,70266
26.48134183883667,70266
26.48222327232361,70266
26.48310613632202,70266
26.484410047531128,70266
26.485295057296753,70266
26.48619031906128,70266
26.48707127571106,70266
26.48837399482727,70266
26.489253759384155,70266
26.490137577056885,70266
26.49102258682251,70266
26.492326259613037,70266
26.493205070495605,70266
26.494089603424072,70266
26.495393753051758,70266
26.496286392211914,70266
26.497173309326172,70266
26.498056411743164,70266
26.499361753463745,70266
26.500243425369263,70266
26.501124620437622,70266
26.502006769180298,70266
26.503311157226562,70266
26.50419282913208,70266
26.50507688522339,70266
26.506391286849976,70266
26.507275581359863,70266
26.508159637451172,70266
26.50904393196106,70266
26.510351181030273,70266
26.511229991912842,70266
26.512113094329834,70266
26.513420820236206,70266
26.514302730560303,70266
26.51518487930298,70266
26.516077041625977,70266
26.517382621765137,70266
26.518265962600708,70266
26.519147396087646,70266
26.52003026008606,70266
26.5213360786438,70266
26.52221941947937,70266
26.52310085296631,70266
26.52440619468689,70266
26.525290966033936,70266
26.526183128356934,70266
26.52706551551819,70266
26.528369426727295,70266
26.529252290725708,70266
26.530136108398438,70266
26.531019687652588,70266
26.532325506210327,70266
26.533207416534424,70266
26.534090757369995,70266
26.53539729118347,70266
26.536290168762207,70266
26.537173986434937,70266
26.538057327270508,70266
26.539363861083984,70266
26.540245294570923,70266
26.54112672805786,70266
26.54201054573059,70266
26.543315172195435,70266
26.544225215911865,70266
26.545107126235962,70266
26.54600763320923,70266
26.547313928604126,70266
26.54819679260254,70266
26.5490779876709,70266
26.550384998321533,70266
26.551268577575684,70266
26.552150011062622,70266
26.55303168296814,70266
26.55433416366577,70266
26.555214166641235,70266
26.55610728263855,70266
26.55741286277771,70266
26.558298110961914,70266
26.5591778755188,70266
26.560056686401367,70266
26.561360120773315,70266
26.56224226951599,70266
26.56312346458435,70266
26.564009189605713,70266
26.565314292907715,70266
26.566208362579346,70266
26.5670907497406,70266
26.56839680671692,70266
26.569282293319702,70266
26.57016372680664,70266
26.571048259735107,70266
26.572353839874268,70266
26.573236227035522,70266
26.574119329452515,70266
26.575424194335938,70266
26.576337814331055,70266
26.577223539352417,70266
26.578107595443726,70266
26.579411029815674,70266
26.580294847488403,70266
26.58117914199829,70266
26.582061767578125,70266
26.583365201950073,70266
26.584249019622803,70266
26.585131645202637,70266
26.586043119430542,70266
26.587355613708496,70266
26.588216304779053,70266
26.589226961135864,70266
26.590112447738647,70266
26.59101390838623,70266
26.592325448989868,70266
26.59320855140686,70266
26.59411072731018,70266
26.59501552581787,70266
26.59633445739746,70266
26.597218990325928,70266
26.59812045097351,70266
26.59900689125061,70266
26.600329637527466,70266
26.60121178627014,70266
26.60209608078003,70266
26.60342288017273,70266
26.604307651519775,70266
26.60521149635315,70266
26.606101989746094,70266
26.60741090774536,70266
26.608315229415894,70266
26.609214544296265,70266
26.610098838806152,70266
26.61140513420105,70266
26.61228847503662,70266
26.613171815872192,70266
26.614055156707764,70266
26.615362405776978,70266
26.61625599861145,70266
26.617140531539917,70266
26.618027448654175,70266
26.619333028793335,70266
26.620213985443115,70266
26.62109637260437,70266
26.622402667999268,70266
26.62329411506653,70266
26.624176263809204,70266
26.625059843063354,70266
26.626373052597046,70266
26.627252101898193,70266
26.62813138961792,70266
26.629013061523438,70266
26.630316019058228,70266
26.631198406219482,70266
26.632081270217896,70266
26.633386850357056,70266
26.634268760681152,70266
26.635152339935303,70266
26.636049270629883,70266
26.637351989746094,70266
26.638233184814453,70266
26.63911509513855,70266
26.640419960021973,70266
26.641303777694702,70266
26.64218521118164,70266
26.643068313598633,70266
26.644376516342163,70266
26.645261526107788,70266
26.646154403686523,70266
26.647037506103516,70266
26.648343563079834,70266
26.64922833442688,70266
26.650108098983765,70266
26.651410341262817,70266
26.652294397354126,70266
26.6531765460968,70266
26.65405797958374,70266
26.65536379814148,70266
26.656256675720215,70266
26.657140731811523,70266
26.658022165298462,70266
26.659326553344727,70266
26.660207271575928,70266
26.661089181900024,70266
26.662392377853394,70266
26.663272380828857,70266
26.66415548324585,70266
26.665040493011475,70266
26.66636371612549,70266
26.667245864868164,70266
26.66812825202942,70266
26.669010400772095,70266
26.670314073562622,70266
26.67119550704956,70266
26.67207670211792,70266
26.67338275909424,70266
26.674264192581177,70266
26.67514705657959,70266
26.67603850364685,70266
26.677342414855957,70266
26.678221702575684,70266
26.679105281829834,70266
26.680410623550415,70266
26.681293487548828,70266
26.68217706680298,70266
26.683059453964233,70266
26.684362173080444,70266
26.685243606567383,70266
26.686134099960327,70266
26.68701672554016,70266
26.6883225440979,70266
26.689205646514893,70266
26.690088272094727,70266
26.691391944885254,70266
26.69227361679077,70266
26.693157196044922,70266
26.694039821624756,70266
26.695343017578125,70266
26.696234941482544,70266
26.697115182876587,70266
26.69842004776001,70266
26.69931411743164,70266
26.70019769668579,70266
26.7010817527771,70266
26.70238709449768,70266
26.703269481658936,70266
26.70415425300598,70266
26.705036640167236,70266
26.706353664398193,70266
26.70723533630371,70266
26.708115577697754,70266
26.70941925048828,70266
26.71030330657959,70266
26.71118712425232,70266
26.712066173553467,70266
26.71337080001831,70266
26.714253187179565,70266
26.71513557434082,70266
26.71602773666382,70266
26.717332363128662,70266
26.718213319778442,70266
26.719092845916748,70266
26.720396280288696,70266
26.721277236938477,70266
26.722161054611206,70266
26.72304344177246,70266
26.724345207214355,70266
26.725227117538452,70266
26.726115465164185,70266
26.72741985321045,70266
26.72830295562744,70266
26.72918725013733,70266
26.730067014694214,70266
26.7313711643219,70266
26.732250928878784,70266
26.733130931854248,70266
26.734015941619873,70266
26.735323905944824,70266
26.736217260360718,70266
26.737098455429077,70266
26.738401889801025,70266
26.739290475845337,70266
26.7401762008667,70266
26.74106001853943,70266
26.74236273765564,70266
26.743244171142578,70266
26.744150161743164,70266
26.745034217834473,70266
26.746347427368164,70266
26.747230291366577,70266
26.74811100959778,70266
26.749415159225464,70266
26.750299215316772,70266
26.751182556152344,70266
26.752063751220703,70266
26.7533700466156,70266
26.754251718521118,70266
26.755136251449585,70266
26.75603199005127,70266
26.757340908050537,70266
26.758224487304688,70266
26.75910758972168,70266
26.76041078567505,70266
26.761295795440674,70266
26.76218056678772,70266
26.76306414604187,70266
26.764368772506714,70266
26.765251398086548,70266
26.766147136688232,70266
26.76703119277954,70266
26.768337726593018,70266
26.769221305847168,70266
26.770102500915527,70266
26.771408557891846,70266
26.77229404449463,70266
26.77317714691162,70266
26.774059057235718,70266
26.775365591049194,70266
26.77625560760498,70266
26.77713918685913,70266
26.77802586555481,70266
26.77933144569397,70266
26.780216217041016,70266
26.781099796295166,70266
26.78240442276001,70266
26.783288955688477,70266
26.78417134284973,70266
26.785050630569458,70266
26.78636860847473,70266
26.78725028038025,70266
26.788132905960083,70266
26.78901767730713,70266
26.79032301902771,70266
26.791206121444702,70266
26.792089223861694,70266
26.793391227722168,70266
26.794273138046265,70266
26.795156717300415,70266
26.79604935646057,70266
26.79735803604126,70266
26.798240423202515,70266
26.79912257194519,70266
26.80000638961792,70266
26.801310539245605,70266
26.802191972732544,70266
26.803075551986694,70266
26.804378032684326,70266
26.805259466171265,70266
26.806153535842896,70266
26.80703830718994,70266
26.80834174156189,70266
26.809224367141724,70266
26.810105085372925,70266
26.811410427093506,70266
26.812297821044922,70266
26.813180685043335,70266
26.814061880111694,70266
26.8153657913208,70266
26.81625723838806,70266
26.817139148712158,70266
26.818023681640625,70266
26.81933093070984,70266
26.82021450996399,70266
26.82109808921814,70266
26.82240629196167,70266
26.82329034805298,70266
26.824177026748657,70266
26.825061798095703,70266
26.826377153396606,70266
26.827258825302124,70266
26.828141927719116,70266
26.829025983810425,70266
26.830329179763794,70266
26.83121156692505,70266
26.832092761993408,70266
26.833397150039673,70266
26.834280014038086,70266
26.835161685943604,70266
26.83605647087097,70266
26.837361812591553,70266
26.838244438171387,70266
26.839127779006958,70266
26.84001088142395,70266
26.841317892074585,70266
26.84220027923584,70266
26.84308624267578,70266
26.844393014907837,70266
26.84528088569641,70266
26.846174001693726,70266
26.847059726715088,70266
26.848369121551514,70266
26.849251747131348,70266
26.850135564804077,70266
26.85102081298828,70266
26.8523268699646,70266
26.85321068763733,70266
26.85409450531006,70266
26.8554048538208,70266
26.85629963874817,70266
26.857185125350952,70266
26.858068466186523,70266
26.859374523162842,70266
26.86025619506836,70266
26.86113953590393,70266
26.862024307250977,70266
26.863330602645874,70266
26.86421012878418,70266
26.865092277526855,70266
26.866413831710815,70266
26.867302894592285,70266
26.86818838119507,70266
26.86907172203064,70266
26.87037706375122,70266
26.87125849723816,70266
26.872140645980835,70266
26.8730251789093,70266
26.874332427978516,70266
26.875215768814087,70266
26.876105308532715,70266
26.8774094581604,70266
26.87829279899597,70266
26.879178762435913,70266
26.880084991455078,70266
26.88139009475708,70266
26.882293939590454,70266
26.883179187774658,70266
26.884060859680176,70266
26.88537049293518,70266
26.88626480102539,70266
26.887152194976807,70266
26.88803505897522,70266
26.889339208602905,70266
26.89022183418274,70266
26.89110255241394,70266
26.89240789413452,70266
26.893290758132935,70266
26.894174337387085,70266
26.895066022872925,70266
26.89638042449951,70266
26.897266387939453,70266
26.89815330505371,70266
26.89903998374939,70266
26.900344848632812,70266
26.901227951049805,70266
26.90211033821106,70266
26.9034161567688,70266
26.904300689697266,70266
26.905181646347046,70266
26.90607476234436,70266
26.907379627227783,70266
26.908262252807617,70266
26.909146070480347,70266
26.910030603408813,70266
26.911335945129395,70266
26.912219047546387,70266
26.91309952735901,70266
26.91440224647522,70266
26.915284156799316,70266
26.916177988052368,70266
26.91705894470215,70266
26.918367385864258,70266
26.919250965118408,70266
26.920135736465454,70266
26.92101764678955,70266
26.9223210811615,70266
26.92320466041565,70266
26.924087047576904,70266
26.925390243530273,70266
26.926282167434692,70266
26.927165508270264,70266
26.92804980278015,70266
26.929357051849365,70266
26.93023681640625,70266
26.931121349334717,70266
26.93200421333313,70266
26.933307886123657,70266
26.93418788909912,70266
26.93506908416748,70266
26.936387300491333,70266
26.93726873397827,70266
26.938151121139526,70266
26.93903684616089,70266
26.940343141555786,70266
26.941222667694092,70266
26.942105054855347,70266
26.94340968132019,70266
26.94431757926941,70266
26.9452166557312,70266
26.946110010147095,70266
26.947420597076416,70266
26.948306560516357,70266
26.949190616607666,70266
26.950072526931763,70266
26.951378107070923,70266
26.952259063720703,70266
26.953144073486328,70266
26.95402693748474,70266
26.955332279205322,70266
26.956222534179688,70266
26.95710301399231,70266
26.95840620994568,70266
26.959291219711304,70266
26.960174798965454,70266
26.961060285568237,70266
26.962366819381714,70266
26.963248252868652,70266
26.9641330242157,70266
26.96501588821411,70266
26.966331005096436,70266
26.967214345932007,70266
26.968099117279053,70266
26.96940302848816,70266
26.970285415649414,70266
26.971166372299194,70266
26.972050428390503,70266
26.973356008529663,70266
26.97424030303955,70266
26.975125074386597,70266
26.976022958755493,70266
26.977330446243286,70266
26.978215217590332,70266
26.979098558425903,70266
26.980403900146484,70266
26.981287479400635,70266
26.98217248916626,70266
26.9830539226532,70266
26.984360933303833,70266
26.98524785041809,70266
26.986141681671143,70266
26.98702573776245,70266
26.988329887390137,70266
26.98921036720276,70266
26.99009346961975,70266
26.991398572921753,70266
26.992284059524536,70266
26.993167877197266,70266
26.99405074119568,70266
26.995361804962158,70266
26.99625325202942,70266
26.99713969230652,70266
26.998027324676514,70266
26.999331951141357,70266
27.000214099884033,70266
27.00109577178955,70266
27.00239896774292,70266
27.003285884857178,70266
27.004170179367065,70266
27.0050528049469,70266
27.00636863708496,70266
27.00724720954895,70266
27.008130311965942,70266
27.009015560150146,70266
27.010323524475098,70266
27.011207818984985,70266
27.012092113494873,70266
27.01339840888977,70266
27.014283895492554,70266
27.015166759490967,70266
27.016059398651123,70266
27.01736855506897,70266
27.018253803253174,70266
27.01913595199585,70266
27.02002239227295,70266
27.02132821083069,70266
27.022210836410522,70266
27.02309513092041,70266
27.02440047264099,70266
27.02528738975525,70266
27.026183366775513,70266
27.027066469192505,70266
27.02837347984314,70266
27.02925729751587,70266
27.030144214630127,70266
27.03102946281433,70266
27.032339811325073,70266
27.033223867416382,70266
27.034107446670532,70266
27.03541874885559,70266
27.036314725875854,70266
27.03719925880432,70266
27.038084268569946,70266
27.039393424987793,70266
27.04027819633484,70266
27.04116177558899,70266
27.042046308517456,70266
27.04335045814514,70266
27.0442316532135,70266
27.04511332511902,70266
27.04600977897644,70266
27.047313451766968,70266
27.048198461532593,70266
27.049079179763794,70266
27.050386905670166,70266
27.051270246505737,70266
27.052154064178467,70266
27.053037881851196,70266
27.054341316223145,70266
27.055224418640137,70266
27.05611515045166,70266
27.057419538497925,70266
27.058305263519287,70266
27.059187412261963,70266
27.060070514678955,70266
27.06137490272522,70266
27.062256336212158,70266
27.063141345977783,70266
27.064026832580566,70266
27.065334796905518,70266
27.06622624397278,70266
27.06710720062256,70266
27.06841492652893,70266
27.06929850578308,70266
27.070199012756348,70266
27.071082830429077,70266
27.072410583496094,70266
27.073310136795044,70266
27.07419466972351,70266
27.075077056884766,70266
27.076393127441406,70266
27.077276468276978,70266
27.078157663345337,70266
27.07904076576233,70266
27.080347537994385,70266
27.08122944831848,70266
27.082110166549683,70266
27.08341360092163,70266
27.08429718017578,70266
27.085180521011353,70266
27.08607244491577,70266
27.087377548217773,70266
27.088260650634766,70266
27.089144945144653,70266
27.09002685546875,70266
27.0913302898407,70266
27.09221124649048,70266
27.093093633651733,70266
27.094396114349365,70266
27.095277309417725,70266
27.096170902252197,70266
27.097053289413452,70266
27.098360300064087,70266
27.099244356155396,70266
27.100128173828125,70266
27.101009845733643,70266
27.10231614112854,70266
27.103200674057007,70266
27.104081869125366,70266
27.105387449264526,70266
27.10628032684326,70266
27.10716485977173,70266
27.1080482006073,70266
27.109355926513672,70266
27.110236406326294,70266
27.11111855506897,70266
27.11242365837097,70266
27.11331033706665,70266
27.1141939163208,70266
27.11508011817932,70266
27.116396188735962,70266
27.11728024482727,70266
27.118163585662842,70266
27.11904740333557,70266
27.120354413986206,70266
27.121239185333252,70266
27.12212085723877,70266
27.123008251190186,70266
27.124316692352295,70266
27.125198125839233,70266
27.12609314918518,70266
27.127397537231445,70266
27.12828278541565,70266
27.12916660308838,70266
27.13004970550537,70266
27.131354331970215,70266
27.13223648071289,70266
27.133117198944092,70266
27.134421586990356,70266
27.1353120803833,70266
27.136202812194824,70266
27.137084484100342,70266
27.138387203216553,70266
27.139267921447754,70266
27.140151739120483,70266
27.14103388786316,70266
27.142345428466797,70266
27.14322590827942,70266
27.14412760734558,70266
27.14501428604126,70266
27.146327018737793,70266
27.147209405899048,70266
27.14809250831604,70266
27.149397134780884,70266
27.15030860900879,70266
27.151192903518677,70266
27.152077674865723,70266
27.153378009796143,70266
27.154258012771606,70266
27.15514039993286,70266
27.156036138534546,70266
27.15734338760376,70266
27.158225297927856,70266
27.159107446670532,70266
27.160412311553955,70266
27.161295413970947,70266
27.162177801132202,70266
27.163058519363403,70266
27.164364337921143,70266
27.165247440338135,70266
27.166150331497192,70266
27.167036294937134,70266
27.168338775634766,70266
27.169219732284546,70266
27.170101642608643,70266
27.171405792236328,70266
27.172287940979004,70266
27.17317223548889,70266
27.174055099487305,70266
27.175361394882202,70266
27.176254510879517,70266
27.177136659622192,70266
27.178018808364868,70266
27.179320573806763,70266
27.18020224571228,70266
27.181082487106323,70266
27.182384490966797,70266
27.183265447616577,70266
27.18414616584778,70266
27.185028076171875,70266
27.18634271621704,70266
27.18722414970398,70266
27.18810725212097,70266
27.18941044807434,70266
27.19029474258423,70266
27.191176652908325,70266
27.19205904006958,70266
27.193360328674316,70266
27.19424033164978,70266
27.195123434066772,70266
27.19601535797119,70266
27.197318077087402,70266
27.198199033737183,70266
27.19908046722412,70266
27.200382947921753,70266
27.201263666152954,70266
27.202147006988525,70266
27.20303177833557,70266
27.204338788986206,70266
27.205220460891724,70266
27.20611047744751,70266
27.20741844177246,70266
27.208301782608032,70266
27.209185123443604,70266
27.21006727218628,70266
27.21136999130249,70266
27.212251663208008,70266
27.213135719299316,70266
27.21401882171631,70266
27.21532154083252,70266
27.21621036529541,70266
27.217090606689453,70266
27.21839165687561,70266
27.219274282455444,70266
27.220155000686646,70266
27.221036672592163,70266
27.222341299057007,70266
27.223223447799683,70266
27.224101781845093,70266
27.225404739379883,70266
27.226297616958618,70266
27.227178812026978,70266
27.228060007095337,70266
27.229361057281494,70266
27.23024344444275,70266
27.23112177848816,70266
27.232006072998047,70266
27.23331308364868,70266
27.234193563461304,70266
27.235076904296875,70266
27.23639225959778,70266
27.23727512359619,70266
27.238160133361816,70266
27.23904299736023,70266
27.240350008010864,70266
27.241230964660645,70266
27.24211287498474,70266
27.24342179298401,70266
27.244309186935425,70266
27.24519157409668,70266
27.246083974838257,70266
27.247392892837524,70266
27.248276472091675,70266
27.24915862083435,70266
27.2500422000885,70266
27.25135111808777,70266
27.252231121063232,70266
27.253111362457275,70266
27.25441884994507,70266
27.255301237106323,70266
27.25619649887085,70266
27.257079601287842,70266
27.258382558822632,70266
27.25926375389099,70266
27.260144472122192,70266
27.261026859283447,70266
27.26232624053955,70266
27.263206958770752,70266
27.264089584350586,70266
27.265395164489746,70266
27.26628541946411,70266
27.26716446876526,70266
27.268044233322144,70266
27.269347667694092,70266
27.270229816436768,70266
27.27111053466797,70266
27.272416830062866,70266
27.273302793502808,70266
27.274184465408325,70266
27.275066614151,70266
27.27638006210327,70266
27.27726125717163,70266
27.27814292907715,70266
27.279025554656982,70266
27.280331134796143,70266
27.281209230422974,70266
27.282089710235596,70266
27.283393383026123,70266
27.2842755317688,70266
27.285158395767212,70266
27.286052465438843,70266
27.287357807159424,70266
27.288235902786255,70266
27.289114713668823,70266
27.2904155254364,70266
27.291297435760498,70266
27.292181491851807,70266
27.29306125640869,70266
27.29436206817627,70266
27.295242071151733,70266
27.296130895614624,70266
27.29701519012451,70266
27.298319339752197,70266
27.29920268058777,70266
27.300086498260498,70266
27.301393747329712,70266
27.30227756500244,70266
27.303160429000854,70266
27.304044723510742,70266
27.30535054206848,70266
27.306239366531372,70266
27.307122230529785,70266
27.308005809783936,70266
27.30931043624878,70266
27.310195922851562,70266
27.311076879501343,70266
27.31240177154541,70266
27.313291788101196,70266
27.314175844192505,70266
27.315059661865234,70266
27.31637477874756,70266
27.31725549697876,70266
27.318138360977173,70266
27.319023609161377,70266
27.320326328277588,70266
27.321207761764526,70266
27.32209038734436,70266
27.323395252227783,70266
27.324278831481934,70266
27.32516121864319,70266
27.326054334640503,70266
27.32735848426819,70266
27.328240394592285,70266
27.32912039756775,70266
27.330424308776855,70266
27.331307649612427,70266
27.332189321517944,70266
27.3330717086792,70266
27.33437705039978,70266
27.33526062965393,70266
27.336156129837036,70266
27.337037801742554,70266
27.338345289230347,70266
27.339226722717285,70266
27.340108394622803,70266
27.341416120529175,70266
27.34229874610901,70266
27.343180179595947,70266
27.34408187866211,70266
27.345389127731323,70266
27.346282243728638,70266
27.347163915634155,70266
27.348043203353882,70266
27.349347829818726,70266
27.3502299785614,70266
27.35111141204834,70266
27.352417707443237,70266
27.353299617767334,70266
27.354184865951538,70266
27.355068922042847,70266
27.356383562088013,70266
27.35726284980774,70266
27.358145713806152,70266
27.359026193618774,70266
27.360332250595093,70266
27.36121416091919,70266
27.362092971801758,70266
27.36339783668518,70266
27.36428165435791,70266
27.36516571044922,70266
27.36606478691101,70266
27.367372274398804,70266
27.368256092071533,70266
27.369139194488525,70266
27.370022296905518,70266
27.3713321685791,70266
27.37221622467041,70266
27.37309956550598,70266
27.374404430389404,70266
27.375290632247925,70266
27.37618398666382,70266
27.377068281173706,70266
27.37837052345276,70266
27.3792564868927,70266
27.380141973495483,70266
27.381023168563843,70266
27.38232707977295,70266
27.38320827484131,70266
27.38409113883972,70266
27.38539433479309,70266
27.386284112930298,70266
27.387167930603027,70266
27.388052463531494,70266
27.38935947418213,70266
27.390238761901855,70266
27.39112162590027,70266
27.39200496673584,70266
27.393311023712158,70266
27.394190549850464,70266
27.395073413848877,70266
27.39639115333557,70266
27.397273778915405,70266
27.398155450820923,70266
27.399035692214966,70266
27.400338649749756,70266
27.40122151374817,70266
27.402104377746582,70266
27.403409719467163,70266
27.404293298721313,70266
27.40517497062683,70266
27.406068563461304,70266
27.407374382019043,70266
27.408257961273193,70266
27.409143209457397,70266
27.410028219223022,70266
27.411336183547974,70266
27.4122211933136,70266
27.413105249404907,70266
27.414413690567017,70266
27.41529870033264,70266
27.41619300842285,70266
27.41707444190979,70266
27.41838026046753,70266
27.4192636013031,70266
27.420151233673096,70266
27.42103385925293,70266
27.422340154647827,70266
27.4232234954834,70266
27.424105167388916,70266
27.425411701202393,70266
27.42630434036255,70266
27.427189826965332,70266
27.428072929382324,70266
27.429377794265747,70266
27.430260181427002,70266
27.43115234375,70266
27.432036876678467,70266
27.433343410491943,70266
27.43422770500183,70266
27.435110569000244,70266
27.43600368499756,70266
27.4373140335083,70266
27.43819570541382,70266
27.43907928466797,70266
27.44038438796997,70266
27.44126534461975,70266
27.442147493362427,70266
27.443028211593628,70266
27.44433307647705,70266
27.445217609405518,70266
27.44610905647278,70266
27.447413682937622,70266
27.448293685913086,70266
27.449175119400024,70266
27.4500572681427,70266
27.451361656188965,70266
27.452242612838745,70266
27.45312476158142,70266
27.454007863998413,70266
27.455313205718994,70266
27.45620632171631,70266
27.457090139389038,70266
27.45839524269104,70266
27.459280490875244,70266
27.46016526222229,70266
27.46104907989502,70266
27.462357759475708,70266
27.463244199752808,70266
27.46412754058838,70266
27.46501398086548,70266
27.466330528259277,70266
27.467214822769165,70266
27.468098878860474,70266
27.469407081604004,70266
27.47029185295105,70266
27.471176385879517,70266
27.472059965133667,70266
27.47336769104004,70266
27.474251985549927,70266
27.47513508796692,70266
27.476030349731445,70266
27.477335214614868,70266
27.478217601776123,70266
27.47909951210022,70266
27.48040461540222,70266
27.481289625167847,70266
27.482171773910522,70266
27.48305344581604,70266
27.48435926437378,70266
27.485242128372192,70266
27.486132621765137,70266
27.48701524734497,70266
27.488322019577026,70266
27.489202737808228,70266
27.490084171295166,70266
27.491389274597168,70266
27.49227261543274,70266
27.49315619468689,70266
27.494038343429565,70266
27.495341777801514,70266
27.49623417854309,70266
27.49711561203003,70266
27.49842381477356,70266
27.499311685562134,70266
27.500200033187866,70266
27.501084327697754,70266
27.50239586830139,70266
27.503278493881226,70266
27.504162549972534,70266
27.505046606063843,70266
27.50636577606201,70266
27.5072500705719,70266
27.508132457733154,70266
27.509015560150146,70266
27.510320901870728,70266
27.511203289031982,70266
27.51208472251892,70266
27.513389825820923,70266
27.514272928237915,70266
27.515157222747803,70266
27.516048908233643,70266
27.517354488372803,70266
27.518235206604004,70266
27.519118070602417,70266
27.520005702972412,70266
27.52131175994873,70266
27.522194147109985,70266
27.523078203201294,70266
27.524385929107666,70266
27.525267839431763,70266
27.526164293289185,70266
27.52704906463623,70266
27.528358459472656,70266
27.529242038726807,70266
27.53012442588806,70266
27.531007051467896,70266
27.532315969467163,70266
27.533198833465576,70266
27.534085273742676,70266
27.535396575927734,70266
27.536291122436523,70266
27.537174940109253,70266
27.53805637359619,70266
27.539368152618408,70266
27.54025173187256,70266
27.54113459587097,70266
27.5420184135437,70266
27.54332447052002,70266
27.544234037399292,70266
27.54511785507202,70266
27.546017169952393,70266
27.547322511672974,70266
27.548208951950073,70266
27.549093008041382,70266
27.550402641296387,70266
27.55128836631775,70266
27.552173376083374,70266
27.553053855895996,70266
27.554358959197998,70266
27.555246353149414,70266
27.55613899230957,70266
27.557024002075195,70266
27.55833101272583,70266
27.55921483039856,70266
27.560099601745605,70266
27.56140375137329,70266
27.5622878074646,70266
27.56317138671875,70266
27.56405234336853,70266
27.565360069274902,70266
27.566251277923584,70266
27.567137956619263,70266
27.568024158477783,70266
27.569328784942627,70266
27.570211172103882,70266
27.571089506149292,70266
27.572396755218506,70266
27.57328224182129,70266
27.57416605949402,70266
27.57504940032959,70266
27.57638931274414,70266
27.577274799346924,70266
27.57815933227539,70266
27.57904314994812,70266
27.58035111427307,70266
27.581233501434326,70266
27.582115650177002,70266
27.583420753479004,70266
27.584304809570312,70266
27.58518934249878,70266
27.58608317375183,70266
27.587390184402466,70266
27.588273763656616,70266
27.589683294296265,70266
27.59014368057251,70266
27.591050386428833,70266
27.592357873916626,70266
27.593241453170776,70266
27.594141244888306,70266
27.59502673149109,70266
27.596346616744995,70266
27.597246646881104,70266
27.598145723342896,70266
27.599031925201416,70266
27.600343942642212,70266
27.6012282371521,70266
27.602113246917725,70266
27.60342240333557,70266
27.60430932044983,70266
27.605193853378296,70266
27.606088399887085,70266
27.6073956489563,70266
27.608279943466187,70266
27.609161615371704,70266
27.610045194625854,70266
27.611350536346436,70266
27.612232208251953,70266
27.61311364173889,70266
27.614417552947998,70266
27.61530065536499,70266
27.616196155548096,70266
27.617079734802246,70266
27.618385314941406,70266
27.619269132614136,70266
27.62015390396118,70266
27.62103796005249,70266
27.622347354888916,70266
27.623231410980225,70266
27.6241135597229,70266
27.625418186187744,70266
27.62631130218506,70266
27.627193450927734,70266
27.62807536125183,70266
27.629381895065308,70266
27.630264043807983,70266
27.631147861480713,70266
27.632034301757812,70266
27.63334083557129,70266
27.63422179222107,70266
27.635104656219482,70266
27.63642168045044,70266
27.637308359146118,70266
27.6381893157959,70266
27.63907241821289,70266
27.640377521514893,70266
27.64126205444336,70266
27.642144680023193,70266
27.643028497695923,70266
27.644333362579346,70266
27.645214557647705,70266
27.64610481262207,70266
27.647412300109863,70266
27.648295879364014,70266
27.64917802810669,70266
27.650059938430786,70266
27.65136170387268,70266
27.65224552154541,70266
27.65312910079956,70266
27.65401291847229,70266
27.655319213867188,70266
27.656211137771606,70266
27.65709400177002,70266
27.658400058746338,70266
27.65928554534912,70266
27.66016960144043,70266
27.661052227020264,70266
27.662357568740845,70266
27.663241386413574,70266
27.664122819900513,70266
27.665006637573242,70266
27.666328191757202,70266
27.66721248626709,70266
27.668095350265503,70266
27.66940402984619,70266
27.670287370681763,70266
27.671167850494385,70266
27.672051191329956,70266
27.67335796356201,70266
27.6742422580719,70266
27.675122499465942,70266
27.676019191741943,70266
27.677321434020996,70266
27.678204774856567,70266
27.67908787727356,70266
27.680391311645508,70266
27.681275367736816,70266
27.68215823173523,70266
27.683039903640747,70266
27.684342861175537,70266
27.685225009918213,70266
27.686115026474,70266
27.687418937683105,70266
27.688302040100098,70266
27.689184427261353,70266
27.69006872177124,70266
27.69136953353882,70266
27.692249059677124,70266
27.693132400512695,70266
27.694015502929688,70266
27.695318460464478,70266
27.696210145950317,70266
27.69709348678589,70266
27.698399543762207,70266
27.699283838272095,70266
27.700164794921875,70266
27.701046466827393,70266
27.70235323905945,70266
27.7032368183136,70266
27.70411705970764,70266
27.705425262451172,70266
27.70632314682007,70266
27.70720863342285,70266
27.70809054374695,70266
27.7093985080719,70266
27.710280656814575,70266
27.711163997650146,70266
27.712045192718506,70266
27.713350534439087,70266
27.714235544204712,70266
27.715115308761597,70266
27.71600890159607,70266
27.717312574386597,70266
27.718194007873535,70266
27.719074726104736,70266
27.720377206802368,70266
27.721259593963623,70266
27.72214412689209,70266
27.723026990890503,70266
27.724327325820923,70266
27.725208520889282,70266
27.72610092163086,70266
27.72740602493286,70266
27.728288412094116,70266
27.729169368743896,70266
27.730055809020996,70266
27.731358766555786,70266
27.732239961624146,70266
27.733120441436768,70266
27.734004497528076,70266
27.735305786132812,70266
27.73620057106018,70266
27.737082958221436,70266
27.738386869430542,70266
27.739269971847534,70266
27.740153312683105,70266
27.74103546142578,70266
27.742337703704834,70266
27.743218898773193,70266
27.744121551513672,70266
27.7450053691864,70266
27.74632477760315,70266
27.74720788002014,70266
27.748087167739868,70266
27.749393939971924,70266
27.750277519226074,70266
27.75115942955017,70266
27.7520432472229,70266
27.75334882736206,70266
27.754232168197632,70266
27.755115747451782,70266
27.75601100921631,70266
27.75731658935547,70266
27.75820255279541,70266
27.759084939956665,70266
27.760392665863037,70266
27.761272430419922,70266
27.76215410232544,70266
27.7630398273468,70266
27.764341354370117,70266
27.765221118927002,70266
27.766113758087158,70266
27.767419576644897,70266
27.768303871154785,70266
27.7691867351532,70266
27.770069360733032,70266
27.77137327194214,70266
27.77225351333618,70266
27.77313494682312,70266
27.77401828765869,70266
27.775320053100586,70266
27.776212453842163,70266
27.77709460258484,70266
27.77839994430542,70266
27.779284715652466,70266
27.78016710281372,70266
27.7810480594635,70266
27.78235149383545,70266
27.783233404159546,70266
27.784115314483643,70266
27.785420179367065,70266
27.78631353378296,70266
27.78719687461853,70266
27.788079738616943,70266
27.789387464523315,70266
27.790270566940308,70266
27.79115128517151,70266
27.79203462600708,70266
27.793336391448975,70266
27.79421639442444,70266
27.795097827911377,70266
27.796411514282227,70266
27.79729437828064,70266
27.79817795753479,70266
27.799061059951782,70266
27.800366163253784,70266
27.801249504089355,70266
27.80213189125061,70266
27.80301547050476,70266
27.80431842803955,70266
27.805197715759277,70266
27.806087493896484,70266
27.807394981384277,70266
27.808279991149902,70266
27.809161901474,70266
27.810043573379517,70266
27.811347246170044,70266
27.81222891807556,70266
27.813108444213867,70266
27.81441307067871,70266
27.815297842025757,70266
27.816191911697388,70266
27.8170747756958,70266
27.818378686904907,70266
27.81926131248474,70266
27.820143699645996,70266
27.821027755737305,70266
27.822330474853516,70266
27.823209285736084,70266
27.824093103408813,70266
27.825398445129395,70266
27.826291799545288,70266
27.827173233032227,70266
27.828056573867798,70266
27.82936191558838,70266
27.83024263381958,70266
27.831125259399414,70266
27.83200693130493,70266
27.833312511444092,70266
27.834195375442505,70266
27.835078954696655,70266
27.836392641067505,70266
27.83727478981018,70266
27.838158130645752,70266
27.83904218673706,70266
27.84034776687622,70266
27.841232299804688,70266
27.842113494873047,70266
27.843419313430786,70266
27.84430193901062,70266
27.845184326171875,70266
27.84607458114624,70266
27.84737777709961,70266
27.84826135635376,70266
27.849143028259277,70266
27.8500235080719,70266
27.851329803466797,70266
27.85221219062805,70266
27.853092670440674,70266
27.854397535324097,70266
27.855281829833984,70266
27.856176137924194,70266
27.8570556640625,70266
27.85835862159729,70266
27.85923981666565,70266
27.86012053489685,70266
27.86100673675537,70266
27.862310886383057,70266
27.86319375038147,70266
27.864079236984253,70266
27.865381956100464,70266
27.866271495819092,70266
27.867152452468872,70266
27.86803698539734,70266
27.869340181350708,70266
27.870221614837646,70266
27.87110209465027,70266
27.872406005859375,70266
27.873289108276367,70266
27.874170541763306,70266
27.875056505203247,70266
27.87637186050415,70266
27.877253770828247,70266
27.878134727478027,70266
27.8790180683136,70266
27.88032078742981,70266
27.881203174591064,70266
27.882083654403687,70266
27.883384704589844,70266
27.88426399230957,70266
27.885145664215088,70266
27.886037349700928,70266
27.887344360351562,70266
27.888225078582764,70266
27.889103412628174,70266
27.890408039093018,70266
27.89129662513733,70266
27.89217972755432,70266
27.893061876296997,70266
27.894365549087524,70266
27.895249128341675,70266
27.896140336990356,70266
27.89702343940735,70266
27.89832639694214,70266
27.89920926094055,70266
27.900094509124756,70266
27.901403665542603,70266
27.90228509902954,70266
27.90316939353943,70266
27.904053449630737,70266
27.905360460281372,70266
27.906251430511475,70266
27.90713143348694,70266
27.90801453590393,70266
27.909317016601562,70266
27.91020131111145,70266
27.91108012199402,70266
27.912384748458862,70266
27.913265466690063,70266
27.914148092269897,70266
27.915029048919678,70266
27.916343927383423,70266
27.917225122451782,70266
27.91810655593872,70266
27.919410705566406,70266
27.9202938079834,70266
27.92117428779602,70266
27.922057151794434,70266
27.92336392402649,70266
27.92424464225769,70266
27.92512845993042,70266
27.926024198532104,70266
27.927329540252686,70266
27.92821478843689,70266
27.929097652435303,70266
27.930400133132935,70266
27.931285858154297,70266
27.93216824531555,70266
27.933048963546753,70266
27.934351444244385,70266
27.935232162475586,70266
27.93612003326416,70266
27.937004804611206,70266
27.938313007354736,70266
27.939196586608887,70266
27.94008159637451,70266
27.941386938095093,70266
27.942273139953613,70266
27.943156719207764,70266
27.94406485557556,70266
27.945377349853516,70266
27.946274042129517,70266
27.947158098220825,70266
27.94804072380066,70266
27.94934606552124,70266
27.950226306915283,70266
27.951108694076538,70266
27.95241141319275,70266
27.95329475402832,70266
27.9541757106781,70266
27.955057859420776,70266
27.956374168395996,70266
27.957253456115723,70266
27.958137035369873,70266
27.959017276763916,70266
27.960322856903076,70266
27.961204528808594,70266
27.962087392807007,70266
27.96339249610901,70266
27.964275598526,70266
27.965157747268677,70266
27.96605134010315,70266
27.96735405921936,70266
27.968237161636353,70266
27.96911907196045,70266
27.97000288963318,70266
27.971328735351562,70266
27.972209453582764,70266
27.97311282157898,70266
27.974018096923828,70266
27.975323915481567,70266
27.976216554641724,70266
27.9770987033844,70266
27.978402137756348,70266
27.97928500175476,70266
27.980169773101807,70266
27.981053352355957,70266
27.982359886169434,70266
27.983243465423584,70266
27.984123706817627,70266
27.985008716583252,70266
27.98632574081421,70266
27.987207651138306,70266
27.988091230392456,70266
27.98939561843872,70266
27.99027991294861,70266
27.99116563796997,70266
27.992050170898438,70266
27.99335765838623,70266
27.99423909187317,70266
27.995119333267212,70266
27.996015787124634,70266
27.99731993675232,70266
27.99820327758789,70266
27.999086141586304,70266
28.00039291381836,70266
28.001276969909668,70266
28.002159118652344,70266
28.003041982650757,70266
28.00434637069702,70266
28.005231618881226,70266
28.006121397018433,70266
28.007004737854004,70266
28.008307933807373,70266
28.009190320968628,70266
28.010071992874146,70266
28.011377096176147,70266
28.012256622314453,70266
28.01313829421997,70266
28.0140221118927,70266
28.015324354171753,70266
28.016217947006226,70266
28.017099380493164,70266
28.01840615272522,70266
28.01929211616516,70266
28.020175218582153,70266
28.021056413650513,70266
28.02236294746399,70266
28.023245096206665,70266
28.02412462234497,70266
28.02500581741333,70266
28.026322603225708,70266
28.0272057056427,70266
28.028087854385376,70266
28.029391288757324,70266
28.030274868011475,70266
28.031158208847046,70266
28.03204107284546,70266
28.033344745635986,70266
28.03422522544861,70266
28.03510546684265,70266
28.036420345306396,70266
28.03730344772339,70266
28.038184881210327,70266
28.03906488418579,70266
28.04036808013916,70266
28.041248321533203,70266
28.04212760925293,70266
28.04301166534424,70266
28.044316053390503,70266
28.0451979637146,70266
28.046090126037598,70266
28.047395944595337,70266
28.048278093338013,70266
28.049161195755005,70266
28.050041913986206,70266
28.051347732543945,70266
28.05223059654236,70266
28.05311155319214,70266
28.05441689491272,70266
28.055299997329712,70266
28.056195497512817,70266
28.057076692581177,70266
28.058379888534546,70266
28.0592622756958,70266
28.06014370918274,70266
28.061028003692627,70266
28.06233239173889,70266
28.06321406364441,70266
28.064095497131348,70266
28.06539821624756,70266
28.06629490852356,70266
28.067176342010498,70266
28.0680570602417,70266
28.069358587265015,70266
28.070253133773804,70266
28.07114052772522,70266
28.072022676467896,70266
28.07334876060486,70266
28.07425022125244,70266
28.075135231018066,70266
28.0760281085968,70266
28.077330827713013,70266
28.078212022781372,70266
28.07909321784973,70266
28.08039665222168,70266
28.08127760887146,70266
28.0821590423584,70266
28.083040714263916,70266
28.08434534072876,70266
28.085225105285645,70266
28.086113214492798,70266
28.087414979934692,70266
28.088300704956055,70266
28.08918333053589,70266
28.090065479278564,70266
28.091369152069092,70266
28.09224843978882,70266
28.093129873275757,70266
28.094013452529907,70266
28.09531807899475,70266
28.096211433410645,70266
28.097091674804688,70266
28.098395824432373,70266
28.099278688430786,70266
28.100160121917725,70266
28.101041316986084,70266
28.102346897125244,70266
28.10322880744934,70266
28.104109525680542,70266
28.105412483215332,70266
28.106305599212646,70266
28.10718846321106,70266
28.108072757720947,70266
28.10937762260437,70266
28.110261917114258,70266
28.111144542694092,70266
28.112027883529663,70266
28.113332748413086,70266
28.11421227455139,70266
28.115093231201172,70266
28.116408586502075,70266
28.117292642593384,70266
28.118175506591797,70266
28.119057655334473,70266
28.120362997055054,70266
28.121244430541992,70266
28.122127056121826,70266
28.123011112213135,70266
28.1243155002594,70266
28.12519884109497,70266
28.126092195510864,70266
28.12739634513855,70266
28.12828040122986,70266
28.129164218902588,70266
28.13004779815674,70266
28.131353616714478,70266
28.132238149642944,70266
28.13312005996704,70266
28.13400387763977,70266
28.135308980941772,70266
28.13620352745056,70266
28.137087106704712,70266
28.13839364051819,70266
28.139275312423706,70266
28.140156030654907,70266
28.141040086746216,70266
28.142343521118164,70266
28.14322257041931,70266
28.144124031066895,70266
28.14500880241394,70266
28.146326541900635,70266
28.147210836410522,70266
28.148091316223145,70266
28.14939308166504,70266
28.150300979614258,70266
28.151182174682617,70266
28.152064323425293,70266
28.15337085723877,70266
28.154252529144287,70266
28.155133962631226,70266
28.156028509140015,70266
28.157332181930542,70266
28.158214330673218,70266
28.159098625183105,70266
28.160402536392212,70266
28.161288261413574,70266
28.162172079086304,70266
28.163060188293457,70266
28.164362907409668,70266
28.165245294570923,70266
28.166134357452393,70266
28.16701865196228,70266
28.168328762054443,70266
28.169215440750122,70266
28.170095920562744,70266
28.17139959335327,70266
28.172281503677368,70266
28.173164129257202,70266
28.174047231674194,70266
28.1753511428833,70266
28.176239728927612,70266
28.177135467529297,70266
28.17802333831787,70266
28.179328680038452,70266
28.18023157119751,70266
28.181135177612305,70266
28.182019233703613,70266
28.183323621749878,70266
28.184207439422607,70266
28.185089349746704,70266
28.18640947341919,70266
28.18729257583618,70266
28.188175916671753,70266
28.189059495925903,70266
28.19036364555359,70266
28.191249132156372,70266
28.192131280899048,70266
28.1930148601532,70266
28.194318056106567,70266
28.1952006816864,70266
28.19608998298645,70266
28.19739294052124,70266
28.198271989822388,70266
28.199154376983643,70266
28.20003628730774,70266
28.201339721679688,70266
28.202221870422363,70266
28.20310115814209,70266
28.204404592514038,70266
28.205286741256714,70266
28.206180572509766,70266
28.207062244415283,70266
28.20836591720581,70266
28.209246158599854,70266
28.210131406784058,70266
28.211017370224,70266
28.212324619293213,70266
28.213204622268677,70266
28.214088678359985,70266
28.215388298034668,70266
28.216280460357666,70266
28.217161417007446,70266
28.21804690361023,70266
28.219349145889282,70266
28.22023057937622,70266
28.221110582351685,70266
28.22241497039795,70266
28.22329878807068,70266
28.224180698394775,70266
28.225062131881714,70266
28.226378679275513,70266
28.22726035118103,70266
28.228142738342285,70266
28.229028701782227,70266
28.230334520339966,70266
28.2312171459198,70266
28.232096672058105,70266
28.23340106010437,70266
28.23428225517273,70266
28.235166311264038,70266
28.236061096191406,70266
28.237367391586304,70266
28.238248348236084,70266
28.239129781723022,70266
28.240010976791382,70266
28.241316080093384,70266
28.24219536781311,70266
28.24307632446289,70266
28.24437928199768,70266
28.2452609539032,70266
28.246155500411987,70266
28.24703884124756,70266
28.248342990875244,70266
28.249226093292236,70266
28.250107765197754,70266
28.25141191482544,70266
28.25229501724243,70266
28.25317645072937,70266
28.254056692123413,70266
28.255359649658203,70266
28.25624990463257,70266
28.25713014602661,70266
28.258010864257812,70266
28.259316205978394,70266
28.260197162628174,70266
28.26107692718506,70266
28.26237916946411,70266
28.263261079788208,70266
28.264142274856567,70266
28.26502251625061,70266
28.266336679458618,70266
28.26721715927124,70266
28.2680983543396,70266
28.269403219223022,70266
28.270286083221436,70266
28.271164655685425,70266
28.272046327590942,70266
28.273349046707153,70266
28.27423095703125,70266
28.275113821029663,70266
28.276009559631348,70266
28.277316331863403,70266
28.278200149536133,70266
28.279083490371704,70266
28.280389308929443,70266
28.281277179718018,70266
28.28216052055359,70266
28.283039331436157,70266
28.284344911575317,70266
28.285223245620728,70266
28.286112308502197,70266
28.287415981292725,70266
28.288297414779663,70266
28.28917956352234,70266
28.290058374404907,70266
28.291362762451172,70266
28.292243003845215,70266
28.293123245239258,70266
28.29400634765625,70266
28.29530906677246,70266
28.29620337486267,70266
28.29708456993103,70266
28.29838514328003,70266
28.299269437789917,70266
28.300150871276855,70266
28.301032066345215,70266
28.302337169647217,70266
28.303216695785522,70266
28.304099559783936,70266
28.305403470993042,70266
28.306299209594727,70266
28.307183504104614,70266
28.308063507080078,70266
28.30936551094055,70266
28.31024718284607,70266
28.31112790107727,70266
28.312011003494263,70266
28.31334662437439,70266
28.31423020362854,70266
28.315110445022583,70266
28.316004753112793,70266
28.317305088043213,70266
28.31818699836731,70266
28.31906747817993,70266
28.32036852836609,70266
28.321247816085815,70266
28.322129011154175,70266
28.323010206222534,70266
28.324312448501587,70266
28.325194358825684,70266
28.32608413696289,70266
28.32738757133484,70266
28.328269958496094,70266
28.32915186882019,70266
28.330036640167236,70266
28.331340074539185,70266
28.332220792770386,70266
28.333101749420166,70266
28.33440661430359,70266
28.33529281616211,70266
28.336188077926636,70266
28.337069511413574,70266
28.33837580680847,70266
28.33925771713257,70266
28.340142250061035,70266
28.34102749824524,70266
28.342332363128662,70266
28.343214511871338,70266
28.344119548797607,70266
28.345008373260498,70266
28.346324920654297,70266
28.347207069396973,70266
28.34808921813965,70266
28.3493971824646,70266
28.350280284881592,70266
28.3511643409729,70266
28.35204792022705,70266
28.353354692459106,70266
28.354236125946045,70266
28.3551185131073,70266
28.35601544380188,70266
28.35732364654541,70266
28.358205318450928,70266
28.35908794403076,70266
28.360392332077026,70266
28.36127781867981,70266
28.362156867980957,70266
28.363040685653687,70266
28.364343404769897,70266
28.36522364616394,70266
28.366111993789673,70266
28.367414474487305,70266
28.368297815322876,70266
28.369179725646973,70266
28.37006115913391,70266
28.371365547180176,70266
28.372249364852905,70266
28.373129844665527,70266
28.374010801315308,70266
28.375315189361572,70266
28.37620759010315,70266
28.377091884613037,70266
28.37839961051941,70266
28.37928581237793,70266
28.380168199539185,70266
28.38105297088623,70266
28.382357358932495,70266
28.383238792419434,70266
28.38412046432495,70266
28.385003328323364,70266
28.386317253112793,70266
28.387199878692627,70266
28.38808250427246,70266
28.38938808441162,70266
28.390267848968506,70266
28.391149282455444,70266
28.392030477523804,70266
28.39333415031433,70266
28.394213438034058,70266
28.39509606361389,70266
28.396411180496216,70266
28.397294998168945,70266
28.39817523956299,70266
28.399059057235718,70266
28.400362253189087,70266
28.401243209838867,70266
28.40212607383728,70266
28.403010606765747,70266
28.404312133789062,70266
28.405192613601685,70266
28.406083583831787,70266
28.40738821029663,70266
28.40826916694641,70266
28.409149169921875,70266
28.41003179550171,70266
28.4113347530365,70266
28.412217140197754,70266
28.41310143470764,70266
28.41440486907959,70266
28.41528820991516,70266
28.416181564331055,70266
28.417064666748047,70266
28.418370246887207,70266
28.419253826141357,70266
28.42013692855835,70266
28.4210205078125,70266
28.42232918739319,70266
28.42321276664734,70266
28.424094438552856,70266
28.425400257110596,70266
28.42629647254944,70266
28.42717742919922,70266
28.42805790901184,70266
28.42936134338379,70266
28.430242776870728,70266
28.43112301826477,70266
28.432005882263184,70266
28.433308362960815,70266
28.434189558029175,70266
28.43507194519043,70266
28.436387538909912,70266
28.43726658821106,70266
28.438151359558105,70266
28.43903660774231,70266
28.440345525741577,70266
28.441229104995728,70266
28.442110300064087,70266
28.44341516494751,70266
28.444297075271606,70266
28.445181846618652,70266
28.44607663154602,70266
28.447378873825073,70266
28.448261737823486,70266
28.449143171310425,70266
28.45002555847168,70266
28.45132565498352,70266
28.452208995819092,70266
28.453091144561768,70266
28.454395294189453,70266
28.45527958869934,70266
28.456176280975342,70266
28.457058668136597,70266
28.45836353302002,70266
28.459246158599854,70266
28.460127353668213,70266
28.4610116481781,70266
28.462316751480103,70266
28.46320128440857,70266
28.464084148406982,70266
28.465389251708984,70266
28.466283559799194,70266
28.467167139053345,70266
28.468048572540283,70266
28.46935486793518,70266
28.470236778259277,70266
28.47111749649048,70266
28.472423553466797,70266
28.473308086395264,70266
28.47419238090515,70266
28.475077629089355,70266
28.476391315460205,70266
28.47727608680725,70266
28.478161334991455,70266
28.479045391082764,70266
28.480347394943237,70266
28.48123002052307,70266
28.482110261917114,70266
28.48341417312622,70266
28.484297275543213,70266
28.48518180847168,70266
28.486072540283203,70266
28.48738193511963,70266
28.48826766014099,70266
28.48915195465088,70266
28.49003577232361,70266
28.49134111404419,70266
28.492226362228394,70266
28.493107795715332,70266
28.494413137435913,70266
28.4952974319458,70266
28.496190786361694,70266
28.497073888778687,70266
28.498379945755005,70266
28.49926447868347,70266
28.500149726867676,70266
28.50103497505188,70266
28.50234031677246,70266
28.503222227096558,70266
28.504104137420654,70266
28.505411624908447,70266
28.506303787231445,70266
28.507187128067017,70266
28.508068561553955,70266
28.509374856948853,70266
28.510258674621582,70266
28.51114320755005,70266
28.51202917098999,70266
28.51333522796631,70266
28.514217376708984,70266
28.51510000228882,70266
28.516419649124146,70266
28.517303943634033,70266
28.518189191818237,70266
28.51907253265381,70266
28.520378589630127,70266
28.521263599395752,70266
28.522147178649902,70266
28.523032188415527,70266
28.524341583251953,70266
28.52522325515747,70266
28.52611470222473,70266
28.527421951293945,70266
28.528306484222412,70266
28.52918815612793,70266
28.53007197380066,70266
28.531378507614136,70266
28.532261848449707,70266
28.53314757347107,70266
28.53403067588806,70266
28.53533911705017,70266
28.536235332489014,70266
28.53711748123169,70266
28.538004636764526,70266
28.539313316345215,70266
28.540199279785156,70266
28.541085243225098,70266
28.542391777038574,70266
28.543274402618408,70266
28.54418635368347,70266
28.545071363449097,70266
28.54639172554016,70266
28.54728078842163,70266
28.548165559768677,70266
28.549046277999878,70266
28.550352573394775,70266
28.55123543739319,70266
28.552117586135864,70266
28.553422689437866,70266
28.554309844970703,70266
28.555194854736328,70266
28.556090593338013,70266
28.557398080825806,70266
28.558282136917114,70266
28.559163808822632,70266
28.560044765472412,70266
28.56135106086731,70266
28.562235355377197,70266
28.563119173049927,70266
28.56400465965271,70266
28.56531524658203,70266
28.56621026992798,70266
28.56709384918213,70266
28.56840229034424,70266
28.56928777694702,70266
28.57017207145691,70266
28.571057081222534,70266
28.572365522384644,70266
28.573248863220215,70266
28.57413411140442,70266
28.575018644332886,70266
28.576366186141968,70266
28.577253341674805,70266
28.578141450881958,70266
28.57902717590332,70266
28.58033013343811,70266
28.58121109008789,70266
28.582094192504883,70266
28.583402633666992,70266
28.584287643432617,70266
28.58517098426819,70266
28.58606266975403,70266
28.587368488311768,70266
28.588249921798706,70266
28.58913278579712,70266
28.590417861938477,70266
28.591419219970703,70266
28.592325448989868,70266
28.59320878982544,70266
28.594093799591064,70266
28.59541964530945,70266
28.59633159637451,70266
28.597217798233032,70266
28.598102569580078,70266
28.599010229110718,70266
28.600319385528564,70266
28.601206064224243,70266
28.602088451385498,70266
28.603397607803345,70266
28.604281663894653,70266
28.60516905784607,70266
28.606064319610596,70266
28.607367515563965,70266
28.60825252532959,70266
28.609137773513794,70266
28.610024452209473,70266
28.611337661743164,70266
28.612221002578735,70266
28.61310386657715,70266
28.61441135406494,70266
28.615294933319092,70266
28.616188764572144,70266
28.617072582244873,70266
28.618379592895508,70266
28.619264125823975,70266
28.620147705078125,70266
28.62102961540222,70266
28.622333765029907,70266
28.623214960098267,70266
28.624095916748047,70266
28.625398874282837,70266
28.62629723548889,70266
28.6271812915802,70266
28.62806224822998,70266
28.62937307357788,70266
28.630255222320557,70266
28.63114023208618,70266
28.632028341293335,70266
28.633334159851074,70266
28.634232759475708,70266
28.63511633872986,70266
28.636011838912964,70266
28.63733983039856,70266
28.638246774673462,70266
28.6391339302063,70266
28.64001989364624,70266
28.641342639923096,70266
28.64224100112915,70266
28.643123865127563,70266
28.644006490707397,70266
28.64531373977661,70266
28.64621376991272,70266
28.6470947265625,70266
28.64840054512024,70266
28.649282455444336,70266
28.65016460418701,70266
28.651045083999634,70266
28.652348279953003,70266
28.653228521347046,70266
28.65411067008972,70266
28.655412673950195,70266
28.65630841255188,70266
28.657190561294556,70266
28.658071517944336,70266
28.65937614440918,70266
28.660255670547485,70266
28.661138772964478,70266
28.662022352218628,70266
28.663326740264893,70266
28.664207696914673,70266
28.665088415145874,70266
28.666404485702515,70266
28.667288064956665,70266
28.668172121047974,70266
28.669054985046387,70266
28.670358657836914,70266
28.67124605178833,70266
28.672127723693848,70266
28.67301082611084,70266
28.674314975738525,70266
28.675196886062622,70266
28.676091194152832,70266
28.677398443222046,70266
28.678284406661987,70266
28.679171562194824,70266
28.680055141448975,70266
28.68135929107666,70266
28.682242155075073,70266
28.683125734329224,70266
28.684008359909058,70266
28.68531322479248,70266
28.686206579208374,70266
28.687089681625366,70266
28.688393115997314,70266
28.689274787902832,70266
28.690157413482666,70266
28.691041707992554,70266
28.692349910736084,70266
28.693233251571655,70266
28.694113731384277,70266
28.695419311523438,70266
28.69631266593933,70266
28.697196006774902,70266
28.698081254959106,70266
28.69938373565674,70266
28.70026683807373,70266
28.701148509979248,70266
28.70203137397766,70266
28.70333695411682,70266
28.704219341278076,70266
28.705100774765015,70266
28.706417322158813,70266
28.70730185508728,70266
28.70818853378296,70266
28.70906901359558,70266
28.710376262664795,70266
28.711259365081787,70266
28.712145805358887,70266
28.713032245635986,70266
28.714341640472412,70266
28.715224504470825,70266
28.71611475944519,70266
28.717421531677246,70266
28.71830677986145,70266
28.719191551208496,70266
28.720073223114014,70266
28.721376180648804,70266
28.722258806228638,70266
28.723141193389893,70266
28.724024534225464,70266
28.72533082962036,70266
28.72622323036194,70266
28.727107286453247,70266
28.728410959243774,70266
28.72929620742798,70266
28.730180263519287,70266
28.73106622695923,70266
28.73237180709839,70266
28.7332546710968,70266
28.73413848876953,70266
28.735023498535156,70266
28.73634099960327,70266
28.737224340438843,70266
28.738106727600098,70266
28.739413499832153,70266
28.74030113220215,70266
28.741185665130615,70266
28.74207043647766,70266
28.743374824523926,70266
28.744281768798828,70266
28.745165586471558,70266
28.746057987213135,70266
28.74736452102661,70266
28.74824595451355,70266
28.74912738800049,70266
28.750012397766113,70266
28.75131583213806,70266
28.752198457717896,70266
28.753082513809204,70266
28.754385471343994,70266
28.755268096923828,70266
28.75616216659546,70266
28.757046222686768,70266
28.758352279663086,70266
28.759236097335815,70266
28.760117053985596,70266
28.761003732681274,70266
28.762309074401855,70266
28.76319122314453,70266
28.764073610305786,70266
28.765381336212158,70266
28.766270637512207,70266
28.76715326309204,70266
28.76803684234619,70266
28.76934289932251,70266
28.77022647857666,70266
28.771109342575073,70266
28.772414922714233,70266
28.773300647735596,70266
28.774186611175537,70266
28.775070667266846,70266
28.776384592056274,70266
28.777268171310425,70266
28.778151988983154,70266
28.77903723716736,70266
28.78034472465515,70266
28.781226634979248,70266
28.782108545303345,70266
28.783414125442505,70266
28.784298419952393,70266
28.785179138183594,70266
28.786070346832275,70266
28.787382125854492,70266
28.788265228271484,70266
28.789149284362793,70266
28.790034294128418,70266
28.791336059570312,70266
28.792218446731567,70266
28.79309916496277,70266
28.794399738311768,70266
28.795285940170288,70266
28.79618549346924,70266
28.79706835746765,70266
28.798373699188232,70266
28.799257040023804,70266
28.80013918876648,70266
28.801024913787842,70266
28.802332162857056,70266
28.80321717262268,70266
28.804100036621094,70266
28.805406093597412,70266
28.80630135536194,70266
28.807183504104614,70266
28.808067560195923,70266
28.809370517730713,70266
28.81025242805481,70266
28.81113362312317,70266
28.812015295028687,70266
28.81332039833069,70266
28.814202547073364,70266
28.81508779525757,70266
28.816405296325684,70266
28.817289352416992,70266
28.81817054748535,70266
28.81905245780945,70266
28.820359230041504,70266
28.82123875617981,70266
28.82211995124817,70266
28.8230037689209,70266
28.824312686920166,70266
28.825195789337158,70266
28.826088190078735,70266
28.827393770217896,70266
28.82827663421631,70266
28.82918119430542,70266
28.83006191253662,70266
28.831390857696533,70266
28.832276582717896,70266
28.833160161972046,70266
28.834043264389038,70266
28.83534836769104,70266
28.836240768432617,70266
28.837122917175293,70266
28.83800721168518,70266
28.839311361312866,70266
28.84019446372986,70266
28.84107756614685,70266
28.84238314628601,70266
28.843266010284424,70266
28.84414792060852,70266
28.845031023025513,70266
28.846349239349365,70266
28.847232818603516,70266
28.848113775253296,70266
28.84942054748535,70266
28.850302696228027,70266
28.851184129714966,70266
28.852065324783325,70266
28.853368997573853,70266
28.85425043106079,70266
28.85513401031494,70266
28.856029272079468,70266
28.857335567474365,70266
28.858221769332886,70266
28.85910439491272,70266
28.8604097366333,70266
28.861294269561768,70266
28.862176179885864,70266
28.863059520721436,70266
28.864365100860596,70266
28.865246772766113,70266
28.866140842437744,70266
28.86702561378479,70266
28.868332386016846,70266
28.8692147731781,70266
28.870097637176514,70266
28.87140440940857,70266
28.8722882270813,70266
28.873172998428345,70266
28.87405514717102,70266
28.875362396240234,70266
28.876254558563232,70266
28.877140522003174,70266
28.878027200698853,70266
28.879330158233643,70266
28.880213499069214,70266
28.88109540939331,70266
28.88240098953247,70266
28.883288621902466,70266
28.88417100906372,70266
28.88505268096924,70266
28.886369466781616,70266
28.88725233078003,70266
28.88813614845276,70266
28.889018535614014,70266
28.89032292366028,70266
28.891205072402954,70266
28.892086505889893,70266
28.893390417099,70266
28.89427399635315,70266
28.89515781402588,70266
28.896051168441772,70266
28.897358179092407,70266
28.898242235183716,70266
28.89912223815918,70266
28.900006532669067,70266
28.901313066482544,70266
28.902197122573853,70266
28.903082132339478,70266
28.904388427734375,70266
28.905269384384155,70266
28.906164407730103,70266
28.907047033309937,70266
28.90835165977478,70266
28.909234285354614,70266
28.910115957260132,70266
28.911422729492188,70266
28.91230344772339,70266
28.913184881210327,70266
28.91406536102295,70266
28.915372371673584,70266
28.91626286506653,70266
28.91714382171631,70266
28.918026208877563,70266
28.91933012008667,70266
28.920211791992188,70266
28.921093225479126,70266
28.922399759292603,70266
28.923294067382812,70266
28.924174547195435,70266
28.92505693435669,70266
28.926370859146118,70266
28.92725396156311,70266
28.92813539505005,70266
28.92901611328125,70266
28.930320978164673,70266
28.931203603744507,70266
28.93208909034729,70266
28.933390140533447,70266
28.934273719787598,70266
28.935154676437378,70266
28.93604803085327,70266
28.937353372573853,70266
28.93823552131653,70266
28.93911361694336,70266
28.9404194355011,70266
28.94130539894104,70266
28.942187070846558,70266
28.943066835403442,70266
28.944397926330566,70266
28.945282220840454,70266
28.946176767349243,70266
28.94705867767334,70266
28.94836449623108,70266
28.949246644973755,70266
28.9501314163208,70266
28.95101308822632,70266
28.952317237854004,70266
28.953200578689575,70266
28.9540855884552,70266
28.955392599105835,70266
28.956286191940308,70266
28.957168340682983,70266
28.958049297332764,70266
28.959357738494873,70266
28.96024489402771,70266
28.961129426956177,70266
28.96201252937317,70266
28.963319301605225,70266
28.964202880859375,70266
28.965086698532104,70266
28.9664044380188,70266
28.967288732528687,70266
28.96817111968994,70266
28.969056844711304,70266
28.970361948013306,70266
28.971259832382202,70266
28.972142696380615,70266
28.973047494888306,70266
28.974369764328003,70266
28.975252151489258,70266
28.97614574432373,70266
28.9770290851593,70266
28.97833752632141,70266
28.97922158241272,70266
28.98010492324829,70266
28.98140811920166,70266
28.982290029525757,70266
28.983171224594116,70266
28.98405432701111,70266
28.985360383987427,70266
28.986250400543213,70266
28.987133502960205,70266
28.988018035888672,70266
28.989325761795044,70266
28.99020552635193,70266
28.99108910560608,70266
28.99239444732666,70266
28.99327540397644,70266
28.994155883789062,70266
28.99503755569458,70266
28.996351718902588,70266
28.997230291366577,70266
28.998108863830566,70266
28.99941396713257,70266
29.00029683113098,70266
29.0011785030365,70266
29.00205898284912,70266
29.003365516662598,70266
29.004246711730957,70266
29.005127668380737,70266
29.006022453308105,70266
29.007327556610107,70266
29.00821042060852,70266
29.009093046188354,70266
29.010398864746094,70266
29.01128387451172,70266
29.012166023254395,70266
29.013050317764282,70266
29.014355659484863,70266
29.01523780822754,70266
29.01612877845764,70266
29.017011404037476,70266
29.01831603050232,70266
29.019198417663574,70266
29.020079374313354,70266
29.021380186080933,70266
29.02226209640503,70266
29.023143529891968,70266
29.024027109146118,70266
29.0253324508667,70266
29.02622628211975,70266
29.027109384536743,70266
29.02841353416443,70266
29.029296398162842,70266
29.030178546905518,70266
29.031060218811035,70266
29.03236436843872,70266
29.0332453250885,70266
29.03412890434265,70266
29.035013675689697,70266
29.036329746246338,70266
29.037210702896118,70266
29.03809404373169,70266
29.03939700126648,70266
29.040279150009155,70266
29.041160106658936,70266
29.04204249382019,70266
29.04335117340088,70266
29.044232845306396,70266
29.045113563537598,70266
29.0460102558136,70266
29.04731559753418,70266
29.048198223114014,70266
29.049078941345215,70266
29.050387144088745,70266
29.051273584365845,70266
29.05216073989868,70266
29.05304718017578,70266
29.054357767105103,70266
29.05524253845215,70266
29.056134700775146,70266
29.05701994895935,70266
29.058326721191406,70266
29.059207439422607,70266
29.06009316444397,70266
29.06139612197876,70266
29.06227993965149,70266
29.063162803649902,70266
29.06404757499695,70266
29.06535577774048,70266
29.066248416900635,70266
29.06713032722473,70266
29.0680148601532,70266
29.069319248199463,70266
29.070199966430664,70266
29.07108211517334,70266
29.072386980056763,70266
29.07326865196228,70266
29.07415246963501,70266
29.075032472610474,70266
29.076350450515747,70266
29.07723069190979,70266
29.078108549118042,70266
29.079412937164307,70266
29.08029842376709,70266
29.0811824798584,70266
29.08206295967102,70266
29.08336901664734,70266
29.084251403808594,70266
29.085134506225586,70266
29.086028337478638,70266
29.08733367919922,70266
29.08821678161621,70266
29.089099884033203,70266
29.090402364730835,70266
29.09128713607788,70266
29.092167854309082,70266
29.093050956726074,70266
29.09435486793518,70266
29.095237255096436,70266
29.096128463745117,70266
29.097012281417847,70266
29.098316431045532,70266
29.09919786453247,70266
29.10008192062378,70266
29.101386070251465,70266
29.10226583480835,70266
29.103147268295288,70266
29.104032039642334,70266
29.105338096618652,70266
29.10622763633728,70266
29.107108116149902,70266
29.108410596847534,70266
29.109293222427368,70266
29.11017417907715,70266
29.11105465888977,70266
29.11236023902893,70266
29.113242387771606,70266
29.114123106002808,70266
29.115004301071167,70266
29.116321325302124,70266
29.117204427719116,70266
29.118088245391846,70266
29.11939239501953,70266
29.120274543762207,70266
29.12115788459778,70266
29.122041940689087,70266
29.123347759246826,70266
29.124231576919556,70266
29.125113248825073,70266
29.126009225845337,70266
29.127313137054443,70266
29.12819528579712,70266
29.129078149795532,70266
29.13038206100464,70266
29.131266355514526,70266
29.13214921951294,70266
29.133034706115723,70266
29.134337902069092,70266
29.135220289230347,70266
29.136113166809082,70266
29.13741660118103,70266
29.138301849365234,70266
29.139183282852173,70266
29.14006781578064,70266
29.14137053489685,70266
29.142253637313843,70266
29.14313530921936,70266
29.144042491912842,70266
29.145347595214844,70266
29.146242141723633,70266
29.14712381362915,70266
29.14800763130188,70266
29.149312734603882,70266
29.15022110939026,70266
29.151101112365723,70266
29.152406454086304,70266
29.15329074859619,70266
29.154173374176025,70266
29.155054569244385,70266
29.156370401382446,70266
29.157251596450806,70266
29.15813684463501,70266
29.15901756286621,70266
29.16032123565674,70266
29.161205053329468,70266
29.16208839416504,70266
29.16339349746704,70266
29.164276838302612,70266
29.165160655975342,70266
29.166056632995605,70266
29.167362451553345,70266
29.168263912200928,70266
29.169150352478027,70266
29.170034646987915,70266
29.171363830566406,70266
29.172263383865356,70266
29.173150539398193,70266
29.17403221130371,70266
29.175336837768555,70266
29.176229000091553,70266
29.17711305618286,70266
29.178016901016235,70266
29.179327726364136,70266
29.180228233337402,70266
29.181126832962036,70266
29.182015419006348,70266
29.1833279132843,70266
29.184213161468506,70266
29.18509840965271,70266
29.186416625976562,70266
29.187301635742188,70266
29.188185214996338,70266
29.189066410064697,70266
29.190369367599487,70266
29.19124960899353,70266
29.192132234573364,70266
29.193015813827515,70266
29.19432234764099,70266
29.195205211639404,70266
29.19609808921814,70266
29.197407245635986,70266
29.198291778564453,70266
29.19917631149292,70266
29.200061082839966,70266
29.20136523246765,70266
29.202247381210327,70266
29.20313286781311,70266
29.204019784927368,70266
29.205325841903687,70266
29.206218957901,70266
29.20709800720215,70266
29.20840096473694,70266
29.209285259246826,70266
29.210169792175293,70266
29.211055278778076,70266
29.212364196777344,70266
29.213245630264282,70266
29.214125871658325,70266
29.215010166168213,70266
29.216325998306274,70266
29.217207670211792,70266
29.21809220314026,70266
29.219401597976685,70266
29.22028660774231,70266
29.2211697101593,70266
29.222052812576294,70266
29.22335982322693,70266
29.224241733551025,70266
29.225123405456543,70266
29.226019859313965,70266
29.227327346801758,70266
29.228210926055908,70266
29.229095935821533,70266
29.230403423309326,70266
29.231290340423584,70266
29.232171773910522,70266
29.23305606842041,70266
29.234363079071045,70266
29.23524284362793,70266
29.23613142967224,70266
29.23701548576355,70266
29.23831796646118,70266
29.239200592041016,70266
29.24008536338806,70266
29.24139142036438,70266
29.24227476119995,70266
29.243159294128418,70266
29.244043827056885,70266
29.245352506637573,70266
29.24624490737915,70266
29.247127056121826,70266
29.248008966445923,70266
29.24931502342224,70266
29.250195503234863,70266
29.2510769367218,70266
29.252382040023804,70266
29.253266096115112,70266
29.254148721694946,70266
29.255032539367676,70266
29.256350994110107,70266
29.257233381271362,70266
29.25811529159546,70266
29.259422063827515,70266
29.26030707359314,70266
29.261192321777344,70266
29.26207709312439,70266
29.26338291168213,70266
29.264264345169067,70266
29.26514983177185,70266
29.266043186187744,70266
29.267347812652588,70266
29.268230199813843,70266
29.269112586975098,70266
29.27041745185852,70266
29.271299123764038,70266
29.272181749343872,70266
29.273065090179443,70266
29.274372339248657,70266
29.275254726409912,70266
29.27614688873291,70266
29.277031660079956,70266
29.278338193893433,70266
29.27922010421753,70266
29.280102491378784,70266
29.28141140937805,70266
29.28229546546936,70266
29.283177852630615,70266
29.28406000137329,70266
29.285366535186768,70266
29.286262035369873,70266
29.287144422531128,70266
29.288027048110962,70266
29.289332628250122,70266
29.290214776992798,70266
29.291099071502686,70266
29.292402505874634,70266
29.293285608291626,70266
29.294169902801514,70266
29.295052766799927,70266
29.29636836051941,70266
29.2972514629364,70266
29.29813241958618,70266
29.299017667770386,70266
29.3003249168396,70266
29.301207542419434,70266
29.302093982696533,70266
29.303401947021484,70266
29.304285526275635,70266
29.305169582366943,70266
29.306063890457153,70266
29.30736994743347,70266
29.30825138092041,70266
29.309133768081665,70266
29.31001615524292,70266
29.311323642730713,70266
29.312206745147705,70266
29.313113689422607,70266
29.31441855430603,70266
29.315305471420288,70266
29.316200017929077,70266
29.317081451416016,70266
29.3183856010437,70266
29.319268703460693,70266
29.32015299797058,70266
29.32103681564331,70266
29.322343349456787,70266
29.32322406768799,70266
29.32410430908203,70266
29.32540798187256,70266
29.326302766799927,70266
29.327187538146973,70266
29.328068733215332,70266
29.3293776512146,70266
29.330257654190063,70266
29.331141233444214,70266
29.33202600479126,70266
29.333330392837524,70266
29.334213733673096,70266
29.335095167160034,70266
29.336410760879517,70266
29.337295055389404,70266
29.33817458152771,70266
29.33905816078186,70266
29.34036159515381,70266
29.341243982315063,70266
29.34212899208069,70266
29.343011379241943,70266
29.34433913230896,70266
29.345220804214478,70266
29.346109867095947,70266
29.347412109375,70266
29.348294496536255,70266
29.349176168441772,70266
29.35005807876587,70266
29.35136389732361,70266
29.35224413871765,70266
29.35312533378601,70266
29.35400652885437,70266
29.35530996322632,70266
29.3562068939209,70266
29.35708737373352,70266
29.3583927154541,70266
29.35927700996399,70266
29.360158920288086,70266
29.361040353775024,70266
29.362345218658447,70266
29.363226175308228,70266
29.36410665512085,70266
29.365411281585693,70266
29.36630630493164,70266
29.367188215255737,70266
29.36807155609131,70266
29.36937689781189,70266
29.37025809288025,70266
29.37114143371582,70266
29.37202477455139,70266
29.373329877853394,70266
29.374209880828857,70266
29.375090837478638,70266
29.376405954360962,70266
29.377289056777954,70266
29.378173828125,70266
29.379053831100464,70266
29.380355834960938,70266
29.381237745285034,70266
29.38211965560913,70266
29.383421897888184,70266
29.384304761886597,70266
29.385189533233643,70266
29.386082410812378,70266
29.387391090393066,70266
29.388275384902954,70266
29.389161825180054,70266
29.39004683494568,70266
29.39135432243347,70266
29.392236948013306,70266
29.39311718940735,70266
29.394423723220825,70266
29.395309925079346,70266
29.39620566368103,70266
29.397088766098022,70266
29.398396253585815,70266
29.399280309677124,70266
29.400161504745483,70266
29.401044130325317,70266
29.402348279953003,70266
29.403228044509888,70266
29.404109954833984,70266
29.40541434288025,70266
29.4063081741333,70266
29.407191276550293,70266
29.408074378967285,70266
29.409376859664917,70266
29.410260915756226,70266
29.411144971847534,70266
29.412029504776,70266
29.4133358001709,70266
29.414218187332153,70266
29.415100574493408,70266
29.416416883468628,70266
29.417302131652832,70266
29.4181866645813,70266
29.41906976699829,70266
29.420374870300293,70266
29.421255826950073,70266
29.422138452529907,70266
29.423019409179688,70266
29.424323558807373,70266
29.4252028465271,70266
29.426096439361572,70266
29.42740297317505,70266
29.428284168243408,70266
29.429165363311768,70266
29.430049896240234,70266
29.431355714797974,70266
29.43223738670349,70266
29.43311595916748,70266
29.43441939353943,70266
29.43530297279358,70266
29.436197757720947,70266
29.437078952789307,70266
29.438384294509888,70266
29.439269304275513,70266
29.440151929855347,70266
29.44103479385376,70266
29.44234013557434,70266
29.443223237991333,70266
29.44410467147827,70266
29.44540810585022,70266
29.446305751800537,70266
29.447187423706055,70266
29.44806933403015,70266
29.44937229156494,70266
29.450252771377563,70266
29.45113468170166,70266
29.452017784118652,70266
29.453324556350708,70266
29.454206943511963,70266
29.4550883769989,70266
29.456406116485596,70266
29.457288026809692,70266
29.45817255973816,70266
29.45905351638794,70266
29.46035933494568,70266
29.46124005317688,70266
29.46211838722229,70266
29.463417530059814,70266
29.464298963546753,70266
29.465180158615112,70266
29.466070652008057,70266
29.467374801635742,70266
29.468254327774048,70266
29.469133615493774,70266
29.47001576423645,70266
29.471320629119873,70266
29.472201108932495,70266
29.473084211349487,70266
29.474390268325806,70266
29.47527265548706,70266
29.476165533065796,70266
29.477049350738525,70266
29.47835612297058,70266
29.479239225387573,70266
29.48012089729309,70266
29.481423377990723,70266
29.48231053352356,70266
29.483196020126343,70266
29.48407745361328,70266
29.485380172729492,70266
29.486270666122437,70266
29.487154483795166,70266
29.488038778305054,70266
29.489344835281372,70266
29.49022674560547,70266
29.491105556488037,70266
29.492409229278564,70266
29.49329376220703,70266
29.494178295135498,70266
29.49505925178528,70266
29.496375799179077,70266
29.497257232666016,70266
29.49814009666443,70266
29.49902367591858,70266
29.500327110290527,70266
29.501208782196045,70266
29.502090454101562,70266
29.503394603729248,70266
29.504276275634766,70266
29.505160331726074,70266
29.506051063537598,70266
29.507354736328125,70266
29.508237838745117,70266
29.50911545753479,70266
29.51042079925537,70266
29.51130437850952,70266
29.51218605041504,70266
29.513067722320557,70266
29.514373302459717,70266
29.515254020690918,70266
29.51614546775818,70266
29.51702857017517,70266
29.518330574035645,70266
29.51921057701111,70266
29.52009081840515,70266
29.52139401435852,70266
29.52227783203125,70266
29.523160696029663,70266
29.52404284477234,70266
29.525347232818604,70266
29.526235818862915,70266
29.527119874954224,70266
29.528003931045532,70266
29.52930974960327,70266
29.530193090438843,70266
29.53107523918152,70266
29.53238344192505,70266
29.533265590667725,70266
29.534148693084717,70266
29.53503108024597,70266
29.53634548187256,70266
29.537229537963867,70266
29.53810977935791,70266
29.53941559791565,70266
29.5402991771698,70266
29.541180849075317,70266
29.54206395149231,70266
29.54336667060852,70266
29.544273853302002,70266
29.545158624649048,70266
29.54605531692505,70266
29.547364711761475,70266
29.54824662208557,70266
29.549126148223877,70266
29.55001163482666,70266
29.55131769180298,70266
29.552200078964233,70266
29.5530846118927,70266
29.554389715194702,70266
29.55527687072754,70266
29.556171417236328,70266
29.557052612304688,70266
29.55835771560669,70266
29.559237957000732,70266
29.560117721557617,70266
29.5614230632782,70266
29.56230592727661,70266
29.5631902217865,70266
29.564072370529175,70266
29.565372228622437,70266
29.566261053085327,70266
29.5671443939209,70266
29.568027019500732,70266
29.569334745407104,70266
29.570216417312622,70266
29.571099281311035,70266
29.57240629196167,70266
29.573288917541504,70266
29.57417130470276,70266
29.575053215026855,70266
29.57639479637146,70266
29.57727861404419,70266
29.578160524368286,70266
29.579042673110962,70266
29.580345153808594,70266
29.581228971481323,70266
29.582109689712524,70266
29.583412408828735,70266
29.58429265022278,70266
29.5851731300354,70266
29.586063146591187,70266
29.587368488311768,70266
29.5882511138916,70266
29.589133262634277,70266
29.5900137424469,70266
29.59109091758728,70266
29.592291593551636,70266
29.593176126480103,70266
29.594079971313477,70266
29.595388889312744,70266
29.596283197402954,70266
29.59718656539917,70266
29.59808659553528,70266
29.59939193725586,70266
29.600276947021484,70266
29.60118317604065,70266
29.602067708969116,70266
29.603374242782593,70266
29.604254961013794,70266
29.605137586593628,70266
29.606032848358154,70266
29.60733938217163,70266
29.60822033882141,70266
29.60910201072693,70266
29.61040496826172,70266
29.611289024353027,70266
29.612170457839966,70266
29.613054037094116,70266
29.614357471466064,70266
29.615240335464478,70266
29.616130828857422,70266
29.61701536178589,70266
29.618319988250732,70266
29.619200944900513,70266
29.620083332061768,70266
29.621389389038086,70266
29.622272729873657,70266
29.62315797805786,70266
29.624042510986328,70266
29.62534809112549,70266
29.626240730285645,70266
29.627123832702637,70266
29.628010749816895,70266
29.629313468933105,70266
29.63019609451294,70266
29.63107705116272,70266
29.6323823928833,70266
29.633264780044556,70266
29.63414692878723,70266
29.635030269622803,70266
29.636343479156494,70266
29.63722538948059,70266
29.638105392456055,70266
29.639408349990845,70266
29.640291213989258,70266
29.641172409057617,70266
29.64205574989319,70266
29.643357038497925,70266
29.644238471984863,70266
29.645119190216064,70266
29.64601445198059,70266
29.647318124771118,70266
29.648200511932373,70266
29.649082899093628,70266
29.650388717651367,70266
29.65126895904541,70266
29.652152061462402,70266
29.65303635597229,70266
29.65434503555298,70266
29.655232667922974,70266
29.656123876571655,70266
29.65700912475586,70266
29.65831422805786,70266
29.659196138381958,70266
29.660077810287476,70266
29.661384344100952,70266
29.66226553916931,70266
29.6631441116333,70266
29.66402530670166,70266
29.66532826423645,70266
29.6662175655365,70266
29.667099237442017,70266
29.66840362548828,70266
29.669283628463745,70266
29.670165061950684,70266
29.671047687530518,70266
29.672351121902466,70266
29.673232555389404,70266
29.674112558364868,70266
29.67541527748108,70266
29.676307201385498,70266
29.677189826965332,70266
29.678073406219482,70266
29.679380416870117,70266
29.680262088775635,70266
29.681146383285522,70266
29.682027578353882,70266
29.683335304260254,70266
29.684217929840088,70266
29.685100078582764,70266
29.68641972541809,70266
29.687304973602295,70266
29.688188791275024,70266
29.68907332420349,70266
29.69037914276123,70266
29.691261768341064,70266
29.692145347595215,70266
29.693028211593628,70266
29.6943302154541,70266
29.695218801498413,70266
29.696109533309937,70266
29.69741463661194,70266
29.698298454284668,70266
29.699182987213135,70266
29.700063705444336,70266
29.70136857032776,70266
29.702248573303223,70266
29.703128814697266,70266
29.70401096343994,70266
29.705317735671997,70266
29.706214666366577,70266
29.707098245620728,70266
29.708404302597046,70266
29.709287643432617,70266
29.710173845291138,70266
29.71105670928955,70266
29.71236300468445,70266
29.713242769241333,70266
29.71412229537964,70266
29.715007305145264,70266
29.71633005142212,70266
29.71721339225769,70266
29.718096494674683,70266
29.71940040588379,70266
29.720284461975098,70266
29.721166133880615,70266
29.722049951553345,70266
29.723357439041138,70266
29.72423815727234,70266
29.725116968154907,70266
29.726009607315063,70266
29.72731375694275,70266
29.7281973361969,70266
29.729079961776733,70266
29.73038625717163,70266
29.731269121170044,70266
29.732152223587036,70266
29.73303508758545,70266
29.73434019088745,70266
29.735222578048706,70266
29.736112356185913,70266
29.73741602897644,70266
29.73829960823059,70266
29.73918128013611,70266
29.740062475204468,70266
29.741365671157837,70266
29.742246389389038,70266
29.743128538131714,70266
29.7440345287323,70266
29.745343923568726,70266
29.746235132217407,70266
29.747119426727295,70266
29.748420476913452,70266
29.749304056167603,70266
29.75018548965454,70266
29.751065731048584,70266
29.75237274169922,70266
29.75325345993042,70266
29.75413751602173,70266
29.755022525787354,70266
29.75633955001831,70266
29.757222652435303,70266
29.758100748062134,70266
29.759403705596924,70266
29.760286569595337,70266
29.761170625686646,70266
29.76205325126648,70266
29.763355493545532,70266
29.76423406600952,70266
29.765115976333618,70266
29.766010761260986,70266
29.767314195632935,70266
29.76819682121277,70266
29.769078731536865,70266
29.770384073257446,70266
29.771268844604492,70266
29.772151231765747,70266
29.77303671836853,70266
29.774343013763428,70266
29.775226354599,70266
29.776115894317627,70266
29.777418613433838,70266
29.7783043384552,70266
29.779187440872192,70266
29.780070781707764,70266
29.781374216079712,70266
29.782254695892334,70266
29.783135890960693,70266
29.784017324447632,70266
29.785322427749634,70266
29.786213874816895,70266
29.78709650039673,70266
29.788400650024414,70266
29.789283514022827,70266
29.790167808532715,70266
29.791052103042603,70266
29.792359352111816,70266
29.793241262435913,70266
29.79412531852722,70266
29.795007467269897,70266
29.796324491500854,70266
29.797207355499268,70266
29.798089265823364,70266
29.79939341545105,70266
29.80027747154236,70266
29.80116057395935,70266
29.8020441532135,70266
29.803349256515503,70266
29.80422878265381,70266
29.805109977722168,70266
29.80642342567444,70266
29.80730628967285,70266
29.808189153671265,70266
29.8090717792511,70266
29.810375213623047,70266
29.811256408691406,70266
29.812141180038452,70266
29.81302571296692,70266
29.814332008361816,70266
29.815212726593018,70266
29.81610655784607,70266
29.81741428375244,70266
29.818297147750854,70266
29.819177389144897,70266
29.82006072998047,70266
29.821366548538208,70266
29.822248935699463,70266
29.823131322860718,70266
29.824015617370605,70266
29.825319051742554,70266
29.82621121406555,70266
29.82709312438965,70266
29.82839846611023,70266
29.82928228378296,70266
29.83016562461853,70266
29.831048488616943,70266
29.83235192298889,70266
29.833231449127197,70266
29.834113121032715,70266
29.835418939590454,70266
29.83631134033203,70266
29.837191820144653,70266
29.838073015213013,70266
29.839380264282227,70266
29.84026265144348,70266
29.841145038604736,70266
29.842026233673096,70266
29.843334674835205,70266
29.844218730926514,70266
29.845099210739136,70266
29.846412181854248,70266
29.84729528427124,70266
29.848176956176758,70266
29.849058151245117,70266
29.850364923477173,70266
29.85124635696411,70266
29.852129459381104,70266
29.853012800216675,70266
29.854317665100098,70266
29.855201482772827,70266
29.85609769821167,70266
29.857402801513672,70266
29.858286380767822,70266
29.859171628952026,70266
29.86005449295044,70266
29.861357927322388,70266
29.862236499786377,70266
29.86311626434326,70266
29.864420175552368,70266
29.865303993225098,70266
29.866199016571045,70266
29.8670814037323,70266
29.868383646011353,70266
29.869266986846924,70266
29.870151042938232,70266
29.87103581428528,70266
29.872342109680176,70266
29.873223066329956,70266
29.874102354049683,70266
29.875407457351685,70266
29.876301288604736,70266
29.877183437347412,70266
29.8780677318573,70266
29.87937307357788,70266
29.88025450706482,70266
29.881136655807495,70266
29.882017850875854,70266
29.883325576782227,70266
29.884207725524902,70266
29.885087251663208,70266
29.886403799057007,70266
29.887285709381104,70266
29.888169527053833,70266
29.889052629470825,70266
29.890358686447144,70266
29.891239881515503,70266
29.89212203025818,70266
29.893004655838013,70266
29.894312381744385,70266
29.895195484161377,70266
29.896087646484375,70266
29.897393703460693,70266
29.898277282714844,70266
29.899161100387573,70266
29.900046586990356,70266
29.901354551315308,70266
29.902238368988037,70266
29.903117895126343,70266
29.904420614242554,70266
29.9053053855896,70266
29.90619921684265,70266
29.90708088874817,70266
29.9083833694458,70266
29.90926504135132,70266
29.910149335861206,70266
29.911032676696777,70266
29.912336111068726,70266
29.913215398788452,70266
29.914098262786865,70266
29.915403842926025,70266
29.91629934310913,70266
29.91718029975891,70266
29.918062686920166,70266
29.919368505477905,70266
29.92024874687195,70266
29.92113208770752,70266
29.922017097473145,70266
29.92332410812378,70266
29.924206256866455,70266
29.925087213516235,70266
29.9264018535614,70266
29.92728567123413,70266
29.928166151046753,70266
29.92904567718506,70266
29.930350303649902,70266
29.931232452392578,70266
29.932114601135254,70266
29.93342351913452,70266
29.934306621551514,70266
29.935192108154297,70266
29.93608593940735,70266
29.937394618988037,70266
29.938276767730713,70266
29.939162015914917,70266
29.94004487991333,70266
29.941349267959595,70266
29.942232131958008,70266
29.943113803863525,70266
29.944023609161377,70266
29.94532799720764,70266
29.946216821670532,70266
29.94710063934326,70266
29.948402166366577,70266
29.949284553527832,70266
29.950168132781982,70266
29.951050996780396,70266
29.952353477478027,70266
29.953234672546387,70266
29.954118013381958,70266
29.955004930496216,70266
29.95631980895996,70266
29.957204580307007,70266
29.958086013793945,70266
29.95939016342163,70266
29.960286378860474,70266
29.961172342300415,70266
29.962055683135986,70266
29.963380575180054,70266
29.96427583694458,70266
29.965158700942993,70266
29.966052532196045,70266
29.96735906600952,70266
29.968238353729248,70266
29.96911907196045,70266
29.970419883728027,70266
29.971303701400757,70266
29.972184896469116,70266
29.973066329956055,70266
29.974369525909424,70266
29.975249767303467,70266
29.97613835334778,70266
29.97702431678772,70266
29.978325843811035,70266
29.97920870780945,70266
29.980087995529175,70266
29.98139214515686,70266
29.982275009155273,70266
29.983158111572266,70266
29.984039068222046,70266
29.98534345626831,70266
29.9862322807312,70266
29.987114429473877,70266
29.988419771194458,70266
29.98930048942566,70266
29.990180492401123,70266
29.99106192588806,70266
29.992366790771484,70266
29.99324870109558,70266
29.994128465652466,70266
29.99501132965088,70266
29.996326208114624,70266
29.99721074104309,70266
29.99809169769287,70266
29.99939751625061,70266
30.000279903411865,70266
30.001163005828857,70266
30.002045392990112,70266
30.00334930419922,70266
30.004232168197632,70266
30.005112171173096,70266
30.00600576400757,70266
30.007309913635254,70266
30.008190870285034,70266
30.009073495864868,70266
30.0103759765625,70266
30.011258125305176,70266
30.01214075088501,70266
30.013022422790527,70266
30.014325857162476,70266
30.015209674835205,70266
30.016099452972412,70266
30.01740336418152,70266
30.01828622817993,70266
30.019168615341187,70266
30.020050048828125,70266
30.02135682106018,70266
30.022238731384277,70266
30.02311944961548,70266
30.024004697799683,70266
30.025310039520264,70266
30.026204347610474,70266
30.027087688446045,70266
30.028388738632202,70266
30.02926993370056,70266
30.030150413513184,70266
30.03103280067444,70266
30.03233575820923,70266
30.033217668533325,70266
30.034101009368896,70266
30.035401344299316,70266
30.03629422187805,70266
30.037174224853516,70266
30.038053512573242,70266
30.039356470108032,70266
30.040237188339233,70266
30.04111886024475,70266
30.042003870010376,70266
30.043307065963745,70266
30.044189929962158,70266
30.045074224472046,70266
30.046395540237427,70266
30.047283411026,70266
30.048168659210205,70266
30.049052238464355,70266
30.05035662651062,70266
30.051239252090454,70266
30.052119731903076,70266
30.05300545692444,70266
30.05430793762207,70266
30.055189847946167,70266
30.05608057975769,70266
30.05738663673401,70266
30.058267831802368,70266
30.05915331840515,70266
30.06003737449646,70266
30.061342477798462,70266
30.06222438812256,70266
30.06310510635376,70266
30.064409017562866,70266
30.06529211997986,70266
30.06618642807007,70266
30.067069053649902,70266
30.068373203277588,70266
30.069251775741577,70266
30.070133924484253,70266
30.07101583480835,70266
30.07231903076172,70266
30.0731999874115,70266
30.07408094406128,70266
30.075382471084595,70266
30.076274871826172,70266
30.07715630531311,70266
30.078038454055786,70266
30.079339504241943,70266
30.080219984054565,70266
30.08110284805298,70266
30.08240532875061,70266
30.083288192749023,70266
30.08417010307312,70266
30.08505082130432,70266
30.086368322372437,70266
30.087249755859375,70266
30.088130950927734,70266
30.089013814926147,70266
30.090317487716675,70266
30.091199159622192,70266
30.092081308364868,70266
30.09338641166687,70266
30.094265460968018,70266
30.09514594078064,70266
30.0960373878479,70266
30.09734296798706,70266
30.098223447799683,70266
30.099104642868042,70266
30.100406885147095,70266
30.101287841796875,70266
30.102168083190918,70266
30.10304880142212,70266
30.104352474212646,70266
30.105234622955322,70266
30.106122732162476,70266
30.107424020767212,70266
30.108307123184204,70266
30.10918951034546,70266
30.110069036483765,70266
30.11137342453003,70266
30.112255811691284,70266
30.1131374835968,70266
30.1140193939209,70266
30.115323781967163,70266
30.116215467453003,70266
30.11709690093994,70266
30.118403434753418,70266
30.119285583496094,70266
30.12016773223877,70266
30.121050119400024,70266
30.122356176376343,70266
30.123237133026123,70266
30.124117136001587,70266
30.125421285629272,70266
30.12631630897522,70266
30.127195596694946,70266
30.128075122833252,70266
30.1293785572052,70266
30.13025951385498,70266
30.131141424179077,70266
30.132025003433228,70266
30.133328199386597,70266
30.134208917617798,70266
30.135090351104736,70266
30.13640522956848,70266
30.13728666305542,70266
30.138166904449463,70266
30.139047384262085,70266
30.140350103378296,70266
30.141231775283813,70266
30.142112493515015,70266
30.143414735794067,70266
30.144323348999023,70266
30.145204782485962,70266
30.14609980583191,70266
30.147402048110962,70266
30.148282766342163,70266
30.14916443824768,70266
30.15007495880127,70266
30.15138554573059,70266
30.15226674079895,70266
30.153152227401733,70266
30.154035329818726,70266
30.15534234046936,70266
30.1562340259552,70266
30.1571147441864,70266
30.158417463302612,70266
30.159301280975342,70266
30.160183429718018,70266
30.161064624786377,70266
30.162368059158325,70266
30.163248538970947,70266
30.164129972457886,70266
30.16501235961914,70266
30.16632914543152,70266
30.16720962524414,70266
30.168091535568237,70266
30.169398546218872,70266
30.170281648635864,70266
30.171162843704224,70266
30.172046661376953,70266
30.173351287841797,70266
30.174232721328735,70266
30.17511534690857,70266
30.176010370254517,70266
30.177316188812256,70266
30.178199768066406,70266
30.179080724716187,70266
30.180383443832397,70266
30.181267023086548,70266
30.182153463363647,70266
30.18303632736206,70266
30.184340715408325,70266
30.185224294662476,70266
30.186115264892578,70266
30.18742322921753,70266
30.188307523727417,70266
30.189188718795776,70266
30.190069437026978,70266
30.1913743019104,70266
30.192254304885864,70266
30.193138122558594,70266
30.194021701812744,70266
30.195330381393433,70266
30.196220636367798,70266
30.19710111618042,70266
30.19840717315674,70266
30.199289083480835,70266
30.200170516967773,70266
30.201053619384766,70266
30.20235776901245,70266
30.20323944091797,70266
30.204118967056274,70266
30.20542311668396,70266
30.206321001052856,70266
30.207207679748535,70266
30.208089351654053,70266
30.20939302444458,70266
30.21027398109436,70266
30.2111554145813,70266
30.212037324905396,70266
30.213342428207397,70266
30.214224815368652,70266
30.215104341506958,70266
30.21641778945923,70266
30.217299699783325,70266
30.21818208694458,70266
30.219064712524414,70266
30.220368146896362,70266
30.221251487731934,70266
30.22213363647461,70266
30.22301459312439,70266
30.2243173122406,70266
30.225199460983276,70266
30.226094722747803,70266
30.227399349212646,70266
30.22828769683838,70266
30.229169607162476,70266
30.23005199432373,70266
30.231358528137207,70266
30.232239246368408,70266
30.23311948776245,70266
30.23400330543518,70266
30.23530912399292,70266
30.236202478408813,70266
30.237085342407227,70266
30.238388538360596,70266
30.239272594451904,70266
30.240155458450317,70266
30.24103546142578,70266
30.24234104156494,70266
30.243223428726196,70266
30.244102001190186,70266
30.245407581329346,70266
30.24630355834961,70266
30.247186422348022,70266
30.248068809509277,70266
30.249374389648438,70266
30.25025486946106,70266
30.251137256622314,70266
30.252022743225098,70266
30.25332546234131,70266
30.254209995269775,70266
30.255093097686768,70266
30.256412506103516,70266
30.25730013847351,70266
30.258182525634766,70266
30.259063959121704,70266
30.260367155075073,70266
30.261249542236328,70266
30.262133836746216,70266
30.263014316558838,70266
30.264318466186523,70266
30.26520013809204,70266
30.266092777252197,70266
30.267399549484253,70266
30.268280744552612,70266
30.269160747528076,70266
30.270047426223755,70266
30.271353244781494,70266
30.272234201431274,70266
30.27311372756958,70266
30.274418115615845,70266
30.275301456451416,70266
30.27619481086731,70266
30.277077674865723,70266
30.278382539749146,70266
30.279263496398926,70266
30.280147314071655,70266
30.281029224395752,70266
30.28233242034912,70266
30.283215522766113,70266
30.284096717834473,70266
30.28540277481079,70266
30.286297082901,70266
30.287177562713623,70266
30.288058757781982,70266
30.289359092712402,70266
30.29023838043213,70266
30.291117668151855,70266
30.29242205619812,70266
30.293304920196533,70266
30.294188499450684,70266
30.295066833496094,70266
30.29638433456421,70266
30.297266960144043,70266
30.29814910888672,70266
30.299033641815186,70266
30.30033779144287,70266
30.301215410232544,70266
30.302096366882324,70266
30.30339813232422,70266
30.304283380508423,70266
30.305163621902466,70266
30.3060564994812,70266
30.307363986968994,70266
30.308245420455933,70266
30.30912685394287,70266
30.310012817382812,70266
30.31131672859192,70266
30.312198162078857,70266
30.313100337982178,70266
30.31441044807434,70266
30.315296173095703,70266
30.316192388534546,70266
30.317073583602905,70266
30.318379402160645,70266
30.3192617893219,70266
30.32014751434326,70266
30.321029901504517,70266
30.322335720062256,70266
30.323222875595093,70266
30.324103116989136,70266
30.32540488243103,70266
30.3262996673584,70266
30.32718253135681,70266
30.328060388565063,70266
30.329363584518433,70266
30.330242156982422,70266
30.33112335205078,70266
30.332007884979248,70266
30.33331298828125,70266
30.33419370651245,70266
30.335078716278076,70266
30.336397409439087,70266
30.337279081344604,70266
30.338160276412964,70266
30.33904528617859,70266
30.34035086631775,70266
30.341235160827637,70266
30.342113971710205,70266
30.343418836593628,70266
30.344326496124268,70266
30.345210552215576,70266
30.346102476119995,70266
30.347410917282104,70266
30.34829592704773,70266
30.349175453186035,70266
30.350056886672974,70266
30.351361513137817,70266
30.352242946624756,70266
30.35312533378601,70266
30.354008674621582,70266
30.355314016342163,70266
30.35620927810669,70266
30.357093572616577,70266
30.358397483825684,70266
30.359281301498413,70266
30.3601655960083,70266
30.361048698425293,70266
30.362353324890137,70266
30.36323881149292,70266
30.36412000656128,70266
30.36542296409607,70266
30.366319179534912,70266
30.367199897766113,70266
30.368083477020264,70266
30.36938762664795,70266
30.37026882171631,70266
30.371154308319092,70266
30.372040033340454,70266
30.373344898223877,70266
30.374226093292236,70266
30.375107049942017,70266
30.37642192840576,70266
30.377305269241333,70266
30.378190517425537,70266
30.379072666168213,70266
30.380377531051636,70266
30.381261110305786,70266
30.38214421272278,70266
30.3830246925354,70266
30.384329080581665,70266
30.38521122932434,70266
30.386102437973022,70266
30.387412786483765,70266
30.388297080993652,70266
30.389179944992065,70266
30.390063285827637,70266
30.391366243362427,70266
30.392249584197998,70266
30.393132209777832,70266
30.394015789031982,70266
30.395323514938354,70266
30.396217107772827,70266
30.397098064422607,70266
30.398406267166138,70266
30.399290084838867,70266
30.400173902511597,70266
30.401056051254272,70266
30.402357578277588,70266
30.403240203857422,70266
30.404120445251465,70266
30.405003786087036,70266
30.40631866455078,70266
30.407201290130615,70266
30.40808343887329,70266
30.409388780593872,70266
30.41027045249939,70266
30.411152839660645,70266
30.412037134170532,70266
30.413340091705322,70266
30.41422128677368,70266
30.415101766586304,70266
30.41641926765442,70266
30.417304277420044,70266
30.418187856674194,70266
30.419071435928345,70266
30.42037796974182,70266
30.421261310577393,70266
30.422143697738647,70266
30.42302703857422,70266
30.424331188201904,70266
30.425214290618896,70266
30.426106929779053,70266
30.427412748336792,70266
30.428297519683838,70266
30.42918062210083,70266
30.430062294006348,70266
30.43136763572693,70266
30.432250261306763,70266
30.433133363723755,70266
30.43401861190796,70266
30.435325384140015,70266
30.43621563911438,70266
30.437097787857056,70266
30.43840479850769,70266
30.43929171562195,70266
30.440173864364624,70266
30.4410560131073,70266
30.442362308502197,70266
30.443246126174927,70266
30.444129467010498,70266
30.44501304626465,70266
30.44633197784424,70266
30.44721293449402,70266
30.448094367980957,70266
30.449399709701538,70266
30.450283765792847,70266
30.451170444488525,70266
30.4520525932312,70266
30.45335602760315,70266
30.454236268997192,70266
30.455118417739868,70266
30.456016302108765,70266
30.457319021224976,70266
30.458202838897705,70266
30.459086656570435,70266
30.46039056777954,70266
30.461273431777954,70266
30.462154865264893,70266
30.463038444519043,70266
30.464341640472412,70266
30.465222597122192,70266
30.466112852096558,70266
30.467416763305664,70266
30.468300342559814,70266
30.46918225288391,70266
30.470061540603638,70266
30.471364498138428,70266
30.47224497795105,70266
30.47312593460083,70266
30.474009037017822,70266
30.475311756134033,70266
30.47620725631714,70266
30.477092504501343,70266
30.478398323059082,70266
30.479280948638916,70266
30.480161666870117,70266
30.481043338775635,70266
30.482348918914795,70266
30.483230590820312,70266
30.48410987854004,70266
30.485414743423462,70266
30.486307859420776,70266
30.48719048500061,70266
30.488072872161865,70266
30.48937726020813,70266
30.490257740020752,70266
30.49113965034485,70266
30.49202251434326,70266
30.493324756622314,70266
30.494204998016357,70266
30.495086431503296,70266
30.49640202522278,70266
30.497286081314087,70266
30.498167991638184,70266
30.499048709869385,70266
30.500354528427124,70266
30.501235246658325,70266
30.502115726470947,70266
30.503420114517212,70266
30.50430202484131,70266
30.505184412002563,70266
30.50607442855835,70266
30.507380485534668,70266
30.50826120376587,70266
30.509145975112915,70266
30.510026693344116,70266
30.511332511901855,70266
30.512213468551636,70266
30.51309370994568,70266
30.5143985748291,70266
30.515278339385986,70266
30.516172409057617,70266
30.517054080963135,70266
30.518360376358032,70266
30.51924180984497,70266
30.520121335983276,70266
30.521005630493164,70266
30.522310733795166,70266
30.523193836212158,70266
30.524075984954834,70266
30.525378942489624,70266
30.52627205848694,70266
30.52715229988098,70266
30.52803373336792,70266
30.529340982437134,70266
30.530221939086914,70266
30.531101942062378,70266
30.532405614852905,70266
30.533287048339844,70266
30.534170389175415,70266
30.535051584243774,70266
30.536362648010254,70266
30.537243366241455,70266
30.538126230239868,70266
30.539008378982544,70266
30.54031229019165,70266
30.541194677352905,70266
30.54207754135132,70266
30.543380737304688,70266
30.544286727905273,70266
30.54517102241516,70266
30.546064376831055,70266
30.547369956970215,70266
30.548250436782837,70266
30.549131393432617,70266
30.55001473426819,70266
30.551317930221558,70266
30.55219841003418,70266
30.5530788898468,70266
30.55438470840454,70266
30.555266857147217,70266
30.556159019470215,70266
30.557042360305786,70266
30.558345556259155,70266
30.559228897094727,70266
30.560107946395874,70266
30.561408758163452,70266
30.56229329109192,70266
30.563178062438965,70266
30.56406283378601,70266
30.56536889076233,70266
30.56625986099243,70266
30.567145824432373,70266
30.56802988052368,70266
30.56933617591858,70266
30.570218324661255,70266
30.57110047340393,70266
30.572404146194458,70266
30.57328510284424,70266
30.574167013168335,70266
30.57504677772522,70266
30.57638907432556,70266
30.577269315719604,70266
30.578153610229492,70266
30.579040050506592,70266
30.580348253250122,70266
30.581228733062744,70266
30.582108974456787,70266
30.583412408828735,70266
30.58429789543152,70266
30.585180044174194,70266
30.586070775985718,70266
30.58737325668335,70266
30.588252544403076,70266
30.589131593704224,70266
30.590012550354004,70266
30.59131622314453,70266
30.592594623565674,70266
30.59316349029541,70266
30.59405755996704,70266
30.595386266708374,70266
30.59629201889038,70266
30.597177982330322,70266
30.598061561584473,70266
30.599390268325806,70266
30.600297689437866,70266
30.601183891296387,70266
30.602067470550537,70266
30.603397846221924,70266
30.604286432266235,70266
30.60517120361328,70266
30.606062173843384,70266
30.607369422912598,70266
30.608250379562378,70266
30.609132051467896,70266
30.61001753807068,70266
30.611321687698364,70266
30.61220622062683,70266
30.61309027671814,70266
30.614396572113037,70266
30.61528182029724,70266
30.61617875099182,70266
30.617062091827393,70266
30.61836862564087,70266
30.61925435066223,70266
30.620139360427856,70266
30.621022939682007,70266
30.62233018875122,70266
30.623210668563843,70266
30.624093055725098,70266
30.625402212142944,70266
30.626296758651733,70266
30.627179622650146,70266
30.628061532974243,70266
30.629368543624878,70266
30.630250930786133,70266
30.631134033203125,70266
30.63201594352722,70266
30.633323192596436,70266
30.634206295013428,70266
30.635087728500366,70266
30.636406898498535,70266
30.637291431427002,70266
30.638176918029785,70266
30.639063119888306,70266
30.640369653701782,70266
30.641252756118774,70266
30.64213538169861,70266
30.643019437789917,70266
30.644325017929077,70266
30.645207166671753,70266
30.64610004425049,70266
30.647404193878174,70266
30.64828848838806,70266
30.649171829223633,70266
30.65005373954773,70266
30.651357173919678,70266
30.65224027633667,70266
30.653120517730713,70266
30.65400505065918,70266
30.655308485031128,70266
30.656201601028442,70266
30.657082080841064,70266
30.658387422561646,70266
30.65927219390869,70266
30.660154819488525,70266
30.66103959083557,70266
30.66234850883484,70266
30.663230419158936,70266
30.66411304473877,70266
30.665417909622192,70266
30.666320323944092,70266
30.66720151901245,70266
30.668084383010864,70266
30.669389009475708,70266
30.67027473449707,70266
30.671159029006958,70266
30.672043323516846,70266
30.673348665237427,70266
30.67423176765442,70266
30.675113201141357,70266
30.676006317138672,70266
30.677314519882202,70266
30.678199291229248,70266
30.67908477783203,70266
30.6803879737854,70266
30.68126940727234,70266
30.682153701782227,70266
30.683035135269165,70266
30.68434190750122,70266
30.685222387313843,70266
30.686115503311157,70266
30.687421321868896,70266
30.6883065700531,70266
30.68919014930725,70266
30.690072774887085,70266
30.691377639770508,70266
30.692261457443237,70266
30.693145751953125,70266
30.694029331207275,70266
30.69533610343933,70266
30.69622540473938,70266
30.697105884552002,70266
30.698410034179688,70266
30.699296474456787,70266
30.70017910003662,70266
30.701061964035034,70266
30.70236563682556,70266
30.703248023986816,70266
30.704129934310913,70266
30.70501399040222,70266
30.706331729888916,70266
30.707218647003174,70266
30.70810079574585,70266
30.709405660629272,70266
30.710285663604736,70266
30.711170196533203,70266
30.71205472946167,70266
30.71336007118225,70266
30.71424126625061,70266
30.715122938156128,70266
30.71601700782776,70266
30.71732473373413,70266
30.718207597732544,70266
30.719093322753906,70266
30.720398426055908,70266
30.72128176689148,70266
30.722163200378418,70266
30.72304606437683,70266
30.72434949874878,70266
30.725231170654297,70266
30.72612190246582,70266
30.72700595855713,70266
30.728307723999023,70266
30.729190826416016,70266
30.730076789855957,70266
30.73138117790222,70266
30.732261896133423,70266
30.733145713806152,70266
30.734028339385986,70266
30.735331773757935,70266
30.73622155189514,70266
30.737098455429077,70266
30.73840069770813,70266
30.739283800125122,70266
30.74016833305359,70266
30.741052865982056,70266
30.742359161376953,70266
30.743240356445312,70266
30.744141817092896,70266
30.74502730369568,70266
30.746343851089478,70266
30.74722671508789,70266
30.74810814857483,70266
30.749410152435303,70266
30.7502920627594,70266
30.751174926757812,70266
30.752058267593384,70266
30.75336456298828,70266
30.75424313545227,70266
30.755123376846313,70266
30.756016731262207,70266
30.75732159614563,70266
30.758203983306885,70266
30.75908589363098,70266
30.760392904281616,70266
30.76127791404724,70266
30.762160062789917,70266
30.76304268836975,70266
30.764343976974487,70266
30.765222311019897,70266
30.766108751296997,70266
30.76741099357605,70266
30.76829218864441,70266
30.769174575805664,70266
30.770055055618286,70266
30.771358728408813,70266
30.772239923477173,70266
30.77311897277832,70266
30.774424076080322,70266
30.775306701660156,70266
30.776198387145996,70266
30.77708077430725,70266
30.7783842086792,70266
30.779264450073242,70266
30.780144214630127,70266
30.78102731704712,70266
30.782330751419067,70266
30.783211708068848,70266
30.784093141555786,70266
30.785399198532104,70266
30.78629183769226,70266
30.787176370620728,70266
30.788058280944824,70266
30.789363145828247,70266
30.79024362564087,70266
30.79112720489502,70266
30.79200768470764,70266
30.793311595916748,70266
30.794194221496582,70266
30.795076847076416,70266
30.79639220237732,70266
30.79727339744568,70266
30.798155069351196,70266
30.799038410186768,70266
30.800343990325928,70266
30.801224946975708,70266
30.80210518836975,70266
30.803411722183228,70266
30.8042950630188,70266
30.805172204971313,70266
30.806063175201416,70266
30.807366847991943,70266
30.808250427246094,70266
30.809133768081665,70266
30.810015439987183,70266
30.811318397521973,70266
30.812198400497437,70266
30.813080549240112,70266
30.81438422203064,70266
30.815263032913208,70266
30.81615662574768,70266
30.817037105560303,70266
30.818340301513672,70266
30.81922149658203,70266
30.820100784301758,70266
30.8214054107666,70266
30.82228684425354,70266
30.823166608810425,70266
30.824047327041626,70266
30.82534885406494,70266
30.826239824295044,70266
30.827119827270508,70266
30.828423261642456,70266
30.829308032989502,70266
30.830190420150757,70266
30.8310706615448,70266
30.832371711730957,70266
30.833250999450684,70266
30.834131240844727,70266
30.835017442703247,70266
30.836329698562622,70266
30.837209463119507,70266
30.838091135025024,70266
30.839391946792603,70266
30.84027361869812,70266
30.841156721115112,70266
30.842040300369263,70266
30.843345403671265,70266
30.844227075576782,70266
30.84510636329651,70266
30.846421718597412,70266
30.847304821014404,70266
30.84818720817566,70266
30.84906840324402,70266
30.850371599197388,70266
30.85125470161438,70266
30.852136850357056,70266
30.853018522262573,70266
30.85431981086731,70266
30.85520076751709,70266
30.856095790863037,70266
30.857399225234985,70266
30.858278274536133,70266
30.859158754348755,70266
30.860042333602905,70266
30.861344575881958,70266
30.862224578857422,70266
30.863102674484253,70266
30.8644061088562,70266
30.865288496017456,70266
30.866183280944824,70266
30.867064476013184,70266
30.868371725082397,70266
30.869250297546387,70266
30.87013030052185,70266
30.871012687683105,70266
30.87231731414795,70266
30.873197555541992,70266
30.87408137321472,70266
30.87538456916809,70266
30.87627363204956,70266
30.877155542373657,70266
30.878039360046387,70266
30.879342555999756,70266
30.880220413208008,70266
30.881102561950684,70266
30.882405996322632,70266
30.883289575576782,70266
30.884172439575195,70266
30.88505458831787,70266
30.886367559432983,70266
30.887247800827026,70266
30.88813090324402,70266
30.88901376724243,70266
30.890319347381592,70266
30.891201972961426,70266
30.892082691192627,70266
30.89338731765747,70266
30.894270658493042,70266
30.895166158676147,70266
30.896056652069092,70266
30.89736032485962,70266
30.89824104309082,70266
30.899122953414917,70266
30.90000581741333,70266
30.901309490203857,70266
30.90219211578369,70266
30.90307378768921,70266
30.904375314712524,70266
30.905256748199463,70266
30.906151294708252,70266
30.90703535079956,70266
30.9083411693573,70266
30.90922212600708,70266
30.910101175308228,70266
30.911404609680176,70266
30.912286043167114,70266
30.91317081451416,70266
30.91405153274536,70266
30.9153573513031,70266
30.91624665260315,70266
30.917129278182983,70266
30.91801381111145,70266
30.919324159622192,70266
30.920207023620605,70266
30.921091556549072,70266
30.92239761352539,70266
30.923280239105225,70266
30.924160957336426,70266
30.92504358291626,70266
30.926357746124268,70266
30.927237272262573,70266
30.92811608314514,70266
30.92941689491272,70266
30.930301427841187,70266
30.931185245513916,70266
30.932067394256592,70266
30.93337106704712,70266
30.93424963951111,70266
30.93513250350952,70266
30.93602466583252,70266
30.93732762336731,70266
30.938207387924194,70266
30.939088106155396,70266
30.94039034843445,70266
30.94127082824707,70266
30.942153215408325,70266
30.943035364151,70266
30.94436526298523,70266
30.945263147354126,70266
30.946160793304443,70266
30.947043895721436,70266
30.94835138320923,70266
30.949235677719116,70266
30.950117349624634,70266
30.951422929763794,70266
30.952308654785156,70266
30.95319366455078,70266
30.95408058166504,70266
30.955385446548462,70266
30.95627498626709,70266
30.957157850265503,70266
30.958040237426758,70266
30.95934510231018,70266
30.96022629737854,70266
30.961105346679688,70266
30.962407112121582,70266
30.963290452957153,70266
30.964171409606934,70266
30.965052843093872,70266
30.966367721557617,70266
30.96724820137024,70266
30.968132257461548,70266
30.969014883041382,70266
30.9703209400177,70266
30.971203565597534,70266
30.972086191177368,70266
30.97339177131653,70266
30.97427487373352,70266
30.975157499313354,70266
30.976049661636353,70266
30.97735285758972,70266
30.978233575820923,70266
30.979114294052124,70266
30.98041844367981,70266
30.981301069259644,70266
30.98218607902527,70266
30.98306965827942,70266
30.984370946884155,70266
30.98525333404541,70266
30.986148595809937,70266
30.98703360557556,70266
30.98833680152893,70266
30.98921823501587,70266
30.990100622177124,70266
30.991408586502075,70266
30.992292881011963,70266
30.9931743144989,70266
30.99405574798584,70266
30.99536371231079,70266
30.99625587463379,70266
30.997140169143677,70266
30.998023509979248,70266
30.99932861328125,70266
31.000210285186768,70266
31.001092672348022,70266
31.002394676208496,70266
31.003279209136963,70266
31.00416326522827,70266
31.005045652389526,70266
31.006357669830322,70266
31.007240056991577,70266
31.008122205734253,70266
31.009004592895508,70266
31.01030993461609,70266
31.011192560195923,70266
31.01207184791565,70266
31.013381242752075,70266
31.01426386833191,70266
31.01514482498169,70266
31.016039609909058,70266
31.01734471321106,70266
31.018227100372314,70266
31.01910901069641,70266
31.020413875579834,70266
31.02129888534546,70266
31.02218270301819,70266
31.023065090179443,70266
31.024370670318604,70266
31.025256156921387,70266
31.02615189552307,70266
31.027037382125854,70266
31.028342485427856,70266
31.029226541519165,70266
31.030107021331787,70266
31.031415462493896,70266
31.032299280166626,70266
31.03318214416504,70266
31.034061908721924,70266
31.035367250442505,70266
31.036258459091187,70266
31.03714394569397,70266
31.038026571273804,70266
31.03933024406433,70266
31.040210962295532,70266
31.041090965270996,70266
31.042398929595947,70266
31.043285608291626,70266
31.044168949127197,70266
31.045050859451294,70266
31.046366214752197,70266
31.047250986099243,70266
31.048130750656128,70266
31.049015760421753,70266
31.050317764282227,70266
31.051201343536377,70266
31.05208444595337,70266
31.05339026451111,70266
31.0542733669281,70266
31.0551598072052,70266
31.05605387687683,70266
31.057358503341675,70266
31.05824041366577,70266
31.059120893478394,70266
31.06000590324402,70266
31.061311721801758,70266
31.062193870544434,70266
31.063074350357056,70266
31.064377307891846,70266
31.065258026123047,70266
31.066154718399048,70266
31.067039966583252,70266
31.068346977233887,70266
31.069229125976562,70266
31.070110082626343,70266
31.071417570114136,70266
31.072301149368286,70266
31.073185443878174,70266
31.07406759262085,70266
31.075375080108643,70266
31.076265811920166,70266
31.077147722244263,70266
31.078032732009888,70266
31.07934069633484,70266
31.080223083496094,70266
31.081104278564453,70266
31.08241105079651,70266
31.083297729492188,70266
31.084181547164917,70266
31.085063695907593,70266
31.086380004882812,70266
31.087262868881226,70266
31.08814573287964,70266
31.08902883529663,70266
31.090336322784424,70266
31.091220140457153,70266
31.092099905014038,70266
31.09340524673462,70266
31.094287157058716,70266
31.095170974731445,70266
31.096062660217285,70266
31.097370862960815,70266
31.09825587272644,70266
31.09913992881775,70266
31.100025415420532,70266
31.101330041885376,70266
31.10221028327942,70266
31.103091716766357,70266
31.104398727416992,70266
31.105283498764038,70266
31.106177806854248,70266
31.10705828666687,70266
31.108359575271606,70266
31.109241724014282,70266
31.11012315750122,70266
31.111008644104004,70266
31.112314462661743,70266
31.113200902938843,70266
31.114084482192993,70266
31.11539316177368,70266
31.11628794670105,70266
31.11716890335083,70266
31.118051528930664,70266
31.11936330795288,70266
31.120244026184082,70266
31.12112784385681,70266
31.12201189994812,70266
31.12331986427307,70266
31.1242036819458,70266
31.125086545944214,70266
31.12639856338501,70266
31.12728261947632,70266
31.12816548347473,70266
31.129047393798828,70266
31.130354404449463,70266
31.13123655319214,70266
31.132118701934814,70266
31.133424282073975,70266
31.134309768676758,70266
31.135193347930908,70266
31.136085510253906,70266
31.137391328811646,70266
31.13827157020569,70266
31.139156103134155,70266
31.14003849029541,70266
31.1413471698761,70266
31.142232179641724,70266
31.1431143283844,70266
31.144026041030884,70266
31.145336151123047,70266
31.14622688293457,70266
31.14711022377014,70266
31.148420810699463,70266
31.149306058883667,70266
31.150212287902832,70266
31.151097297668457,70266
31.15240168571472,70266
31.153286457061768,70266
31.154168844223022,70266
31.155051946640015,70266
31.156367778778076,70266
31.15725016593933,70266
31.158132791519165,70266
31.159013748168945,70266
31.160318851470947,70266
31.161200046539307,70266
31.162084102630615,70266
31.163389921188354,70266
31.16427183151245,70266
31.16515326499939,70266
31.166059017181396,70266
31.16736674308777,70266
31.168248176574707,70266
31.169130325317383,70266
31.17001461982727,70266
31.17131733894348,70266
31.17219877243042,70266
31.173083305358887,70266
31.17438817024231,70266
31.17526865005493,70266
31.17616319656372,70266
31.17705011367798,70266
31.17835760116577,70266
31.179239511489868,70266
31.18012046813965,70266
31.181006908416748,70266
31.182312965393066,70266
31.183194637298584,70266
31.18407893180847,70266
31.185387134552002,70266
31.18628168106079,70266
31.18716526031494,70266
31.18804931640625,70266
31.18935537338257,70266
31.19023895263672,70266
31.191118717193604,70266
31.192423820495605,70266
31.193308353424072,70266
31.194194078445435,70266
31.195077419281006,70266
31.196391344070435,70266
31.197274684906006,70266
31.198156595230103,70266
31.19904065132141,70266
31.200347185134888,70266
31.201231479644775,70266
31.20211696624756,70266
31.203420400619507,70266
31.20430302619934,70266
31.20518708229065,70266
31.206077814102173,70266
31.207386255264282,70266
31.208268880844116,70266
31.20915174484253,70266
31.210034608840942,70266
31.211339473724365,70266
31.212225198745728,70266
31.21310782432556,70266
31.21441888809204,70266
31.215304136276245,70266
31.216201782226562,70266
31.21708369255066,70266
31.218387365341187,70266
31.21927285194397,70266
31.22015953063965,70266
31.221042156219482,70266
31.222349643707275,70266
31.223233222961426,70266
31.224113941192627,70266
31.22542095184326,70266
31.226313829421997,70266
31.227198123931885,70266
31.228081226348877,70266
31.229389429092407,70266
31.23027205467224,70266
31.23115372657776,70266
31.232035636901855,70266
31.233342170715332,70266
31.23422408103943,70266
31.235108852386475,70266
31.236004114151,70266
31.237313747406006,70266
31.23819637298584,70266
31.239082098007202,70266
31.240388870239258,70266
31.241269826889038,70266
31.24215531349182,70266
31.243041038513184,70266
31.24434757232666,70266
31.2452290058136,70266
31.246119022369385,70266
31.24700427055359,70266
31.24830937385559,70266
31.249194622039795,70266
31.250078201293945,70266
31.25138568878174,70266
31.252269506454468,70266
31.253154277801514,70266
31.25403642654419,70266
31.25534200668335,70266
31.256232976913452,70266
31.25711750984192,70266
31.258017539978027,70266
31.259323120117188,70266
31.26020574569702,70266
31.261111736297607,70266
31.262016773223877,70266
31.263322830200195,70266
31.26420569419861,70266
31.26508855819702,70266
31.266408443450928,70266
31.26729106903076,70266
31.268174171447754,70266
31.269054889678955,70266
31.270357847213745,70266
31.27123785018921,70266
31.27211904525757,70266
31.27342414855957,70266
31.274308919906616,70266
31.27519392967224,70266
31.276084184646606,70266
31.2773859500885,70266
31.27826976776123,70266
31.279152870178223,70266
31.28003454208374,70266
31.28133797645569,70266
31.282219886779785,70266
31.283103704452515,70266
31.284407138824463,70266
31.28528904914856,70266
31.28618311882019,70266
31.287066221237183,70266
31.28837013244629,70266
31.28924870491028,70266
31.29013228416443,70266
31.29101538658142,70266
31.29231905937195,70266
31.293200254440308,70266
31.294082164764404,70266
31.29539132118225,70266
31.29628276824951,70266
31.297167539596558,70266
31.298046350479126,70266
31.299351453781128,70266
31.30023217201233,70266
31.30111575126648,70266
31.30242419242859,70266
31.303309202194214,70266
31.30419397354126,70266
31.305078744888306,70266
31.306392192840576,70266
31.30727505683899,70266
31.308157682418823,70266
31.309043407440186,70266
31.31035041809082,70266
31.3112313747406,70266
31.312113046646118,70266
31.313016891479492,70266
31.314321279525757,70266
31.315205097198486,70266
31.316097021102905,70266
31.317404985427856,70266
31.31829023361206,70266
31.319172620773315,70266
31.320053339004517,70266
31.32135319709778,70266
31.322235107421875,70266
31.323118686676025,70266
31.324004411697388,70266
31.32530641555786,70266
31.326200008392334,70266
31.327082633972168,70266
31.32838773727417,70266
31.329273462295532,70266
31.330158948898315,70266
31.3310444355011,70266
31.332349061965942,70266
31.333229780197144,70266
31.334110260009766,70266
31.33541440963745,70266
31.336305618286133,70266
31.337188959121704,70266
31.33807063102722,70266
31.339375019073486,70266
31.340256214141846,70266
31.341136693954468,70266
31.34201979637146,70266
31.343322038650513,70266
31.344228267669678,70266
31.345109701156616,70266
31.34641981124878,70266
31.347303867340088,70266
31.34818696975708,70266
31.349067211151123,70266
31.35036849975586,70266
31.35124945640564,70266
31.352133989334106,70266
31.35301446914673,70266
31.354320287704468,70266
31.355201721191406,70266
31.35609197616577,70266
31.357394695281982,70266
31.358277797698975,70266
31.3591628074646,70266
31.360044717788696,70266
31.361347675323486,70266
31.362229108810425,70266
31.363109588623047,70266
31.364415407180786,70266
31.365297317504883,70266
31.366191625595093,70266
31.367072582244873,70266
31.368375539779663,70266
31.36925745010376,70266
31.370139837265015,70266
31.37102174758911,70266
31.372325897216797,70266
31.373207807540894,70266
31.374088287353516,70266
31.37539291381836,70266
31.376286506652832,70266
31.37717032432556,70266
31.37805151939392,70266
31.379354238510132,70266
31.380234479904175,70266
31.381115913391113,70266
31.38241696357727,70266
31.383298635482788,70266
31.384181261062622,70266
31.385061264038086,70266
31.3863742351532,70266
31.387255430221558,70266
31.38813877105713,70266
31.38902235031128,70266
31.390327215194702,70266
31.391209840774536,70266
31.392091989517212,70266
31.393397331237793,70266
31.394280672073364,70266
31.39516019821167,70266
31.396052837371826,70266
31.397356033325195,70266
31.39823865890503,70266
31.39911937713623,70266
31.4004225730896,70266
31.401307344436646,70266
31.402190923690796,70266
31.403074502944946,70266
31.40437889099121,70266
31.405258417129517,70266
31.4061496257782,70266
31.40703582763672,70266
31.40834093093872,70266
31.40922522544861,70266
31.41010594367981,70266
31.411412715911865,70266
31.412298679351807,70266
31.41318368911743,70266
31.414069175720215,70266
31.4153733253479,70266
31.41626477241516,70266
31.417149305343628,70266
31.41802978515625,70266
31.41933584213257,70266
31.42021918296814,70266
31.421100854873657,70266
31.422404050827026,70266
31.423287630081177,70266
31.424171209335327,70266
31.425052881240845,70266
31.426368474960327,70266
31.427253007888794,70266
31.428133487701416,70266
31.429018020629883,70266
31.43032217025757,70266
31.43120574951172,70266
31.432085752487183,70266
31.43339204788208,70266
31.434276580810547,70266
31.435160636901855,70266
31.436054706573486,70266
31.43735957145691,70266
31.438241243362427,70266
31.439121961593628,70266
31.440003156661987,70266
31.44130802154541,70266
31.442193269729614,70266
31.443074226379395,70266
31.44437861442566,70266
31.445261478424072,70266
31.446155071258545,70266
31.447036027908325,70266
31.448342084884644,70266
31.449223518371582,70266
31.45010495185852,70266
31.45140838623047,70266
31.452292680740356,70266
31.453176975250244,70266
31.454061269760132,70266
31.45536732673645,70266
31.456258296966553,70266
31.457144498825073,70266
31.458028554916382,70266
31.459332942962646,70266
31.46021318435669,70266
31.461092710494995,70266
31.46239709854126,70266
31.46328043937683,70266
31.46416473388672,70266
31.465046882629395,70266
31.466361045837402,70266
31.46724581718445,70266
31.468128204345703,70266
31.469013452529907,70266
31.470320463180542,70266
31.471205234527588,70266
31.47208833694458,70266
31.4733943939209,70266
31.474276304244995,70266
31.475162982940674,70266
31.47605872154236,70266
31.477365970611572,70266
31.478246212005615,70266
31.47912907600403,70266
31.480012893676758,70266
31.481319189071655,70266
31.48220157623291,70266
31.48308753967285,70266
31.484394550323486,70266
31.48527956008911,70266
31.48617720603943,70266
31.487060070037842,70266
31.48836922645569,70266
31.48924994468689,70266
31.490133047103882,70266
31.491018295288086,70266
31.492324590682983,70266
31.49320960044861,70266
31.494094610214233,70266
31.495400190353394,70266
31.49629521369934,70266
31.49717688560486,70266
31.498058795928955,70266
31.499363660812378,70266
31.500244617462158,70266
31.501125812530518,70266
31.502007961273193,70266
31.503310918807983,70266
31.504194498062134,70266
31.50507664680481,70266
31.50639581680298,70266
31.5072820186615,70266
31.508166313171387,70266
31.50904941558838,70266
31.51035475730896,70266
31.511236906051636,70266
31.512117385864258,70266
31.513420343399048,70266
31.514305353164673,70266
31.515188455581665,70266
31.516078233718872,70266
31.517383813858032,70266
31.51826763153076,70266
31.519152641296387,70266
31.52003574371338,70266
31.521341800689697,70266
31.522223234176636,70266
31.52310538291931,70266
31.524413585662842,70266
31.525298833847046,70266
31.526190996170044,70266
31.527074575424194,70266
31.528380393981934,70266
31.529261827468872,70266
31.530144453048706,70266
31.531025409698486,70266
31.532331705093384,70266
31.533212900161743,70266
31.534096002578735,70266
31.535402536392212,70266
31.53629732131958,70266
31.537179708480835,70266
31.53806161880493,70266
31.539369821548462,70266
31.540252208709717,70266
31.541135787963867,70266
31.54202175140381,70266
31.543327569961548,70266
31.544232845306396,70266
31.545118808746338,70266
31.546019315719604,70266
31.54732584953308,70266
31.548208475112915,70266
31.549092769622803,70266
31.550401210784912,70266
31.551285982131958,70266
31.552167892456055,70266
31.55305242538452,70266
31.554359197616577,70266
31.555243015289307,70266
31.556138515472412,70266
31.55702233314514,70266
31.558330059051514,70266
31.559211254119873,70266
31.560092210769653,70266
31.561397075653076,70266
31.562283754348755,70266
31.56316876411438,70266
31.564051151275635,70266
31.565356969833374,70266
31.566250324249268,70266
31.567137002944946,70266
31.56802248954773,70266
31.569328784942627,70266
31.570210933685303,70266
31.571094036102295,70266
31.57240104675293,70266
31.573285818099976,70266
31.57416844367981,70266
31.575054168701172,70266
31.576393127441406,70266
31.5772807598114,70266
31.578166246414185,70266
31.579050064086914,70266
31.58035373687744,70266
31.581237316131592,70266
31.58211898803711,70266
31.583003282546997,70266
31.58430790901184,70266
31.585190534591675,70266
31.586081981658936,70266
31.587388515472412,70266
31.58827257156372,70266
31.589154481887817,70266
31.590038061141968,70266
31.591344356536865,70266
31.592228651046753,70266
31.59337043762207,70266
31.59409499168396,70266
31.5954110622406,70266
31.596325397491455,70266
31.597224950790405,70266
31.598108768463135,70266
31.59941577911377,70266
31.600322484970093,70266
31.60120916366577,70266
31.602094650268555,70266
31.603421926498413,70266
31.604324102401733,70266
31.605208158493042,70266
31.606096982955933,70266
31.60740065574646,70266
31.608283281326294,70266
31.60916543006897,70266
31.610046863555908,70266
31.611350059509277,70266
31.612229585647583,70266
31.61310911178589,70266
31.61441445350647,70266
31.61529803276062,70266
31.616191148757935,70266
31.617072820663452,70266
31.61837410926819,70266
31.61925458908081,70266
31.620134830474854,70266
31.621020078659058,70266
31.622326135635376,70266
31.623207092285156,70266
31.62408757209778,70266
31.625391244888306,70266
31.626286268234253,70266
31.627166986465454,70266
31.628047227859497,70266
31.629351139068604,70266
31.630236625671387,70266
31.63111710548401,70266
31.632420301437378,70266
31.63330340385437,70266
31.634186506271362,70266
31.635069370269775,70266
31.636387586593628,70266
31.637269973754883,70266
31.63815474510193,70266
31.639036893844604,70266
31.64034080505371,70266
31.641221046447754,70266
31.642101287841797,70266
31.64340591430664,70266
31.644288301467896,70266
31.64517307281494,70266
31.64606499671936,70266
31.647372007369995,70266
31.64825463294983,70266
31.64913845062256,70266
31.650022506713867,70266
31.651326894760132,70266
31.652209281921387,70266
31.653093099594116,70266
31.65439510345459,70266
31.65527653694153,70266
31.656168937683105,70266
31.657052278518677,70266
31.6583571434021,70266
31.659236192703247,70266
31.660118341445923,70266
31.661003589630127,70266
31.662306547164917,70266
31.663188219070435,70266
31.664068460464478,70266
31.665375471115112,70266
31.66626763343811,70266
31.667149543762207,70266
31.668031930923462,70266
31.66933560371399,70266
31.670217990875244,70266
31.6711003780365,70266
31.672404527664185,70266
31.673288106918335,70266
31.6741726398468,70266
31.675052881240845,70266
31.6763653755188,70266
31.67724585533142,70266
31.6781268119812,70266
31.679008960723877,70266
31.68031120300293,70266
31.68119239807129,70266
31.682072401046753,70266
31.683378219604492,70266
31.684260606765747,70266
31.685145616531372,70266
31.686036348342896,70266
31.687341928482056,70266
31.6882221698761,70266
31.68910264968872,70266
31.690403938293457,70266
31.691285610198975,70266
31.692166566848755,70266
31.69304656982422,70266
31.69435143470764,70266
31.695230960845947,70266
31.696234226226807,70266
31.697179794311523,70266
31.698055505752563,70266
31.69935703277588,70266
31.700237035751343,70266
31.701117277145386,70266
31.702422618865967,70266
31.703306198120117,70266
31.704185485839844,70266
31.70506477355957,70266
31.706382513046265,70266
31.707263708114624,70266
31.708145141601562,70266
31.709024906158447,70266
31.710328817367554,70266
31.71120572090149,70266
31.71208691596985,70266
31.71339178085327,70266
31.71427297592163,70266
31.71515464782715,70266
31.716046810150146,70266
31.7173433303833,70266
31.718224048614502,70266
31.719101667404175,70266
31.72040057182312,70266
31.72128200531006,70266
31.722163677215576,70266
31.723043203353882,70266
31.724350214004517,70266
31.725229024887085,70266
31.726116180419922,70266
31.72741675376892,70266
31.72829794883728,70266
31.72918152809143,70266
31.73006248474121,70266
31.73136878013611,70266
31.73224925994873,70266
31.733131885528564,70266
31.734013557434082,70266
31.735318660736084,70266
31.736209392547607,70266
31.73709011077881,70266
31.738393545150757,70266
31.73927617073059,70266
31.740158081054688,70266
31.741039037704468,70266
31.742338180541992,70266
31.74321961402893,70266
31.744121551513672,70266
31.745006561279297,70266
31.746320962905884,70266
31.74720311164856,70266
31.748085498809814,70266
31.74938726425171,70266
31.75026798248291,70266
31.75115132331848,70266
31.752034664154053,70266
31.75334072113037,70266
31.754220962524414,70266
31.755101442337036,70266
31.75641632080078,70266
31.75730276107788,70266
31.75818705558777,70266
31.75906991958618,70266
31.760369777679443,70266
31.761250257492065,70266
31.762134313583374,70266
31.763018369674683,70266
31.764323234558105,70266
31.76520276069641,70266
31.766093730926514,70266
31.76740026473999,70266
31.768283128738403,70266
31.7691650390625,70266
31.77004361152649,70266
31.771347045898438,70266
31.7722270488739,70266
31.773106813430786,70266
31.774410486221313,70266
31.775293111801147,70266
31.776185750961304,70266
31.77706789970398,70266
31.778371334075928,70266
31.77925395965576,70266
31.78013563156128,70266
31.78101944923401,70266
31.782323837280273,70266
31.783205032348633,70266
31.78408694267273,70266
31.785387992858887,70266
31.786280155181885,70266
31.787164211273193,70266
31.788050651550293,70266
31.789355516433716,70266
31.79023504257202,70266
31.79111409187317,70266
31.792418003082275,70266
31.793298482894897,70266
31.794177532196045,70266
31.79505681991577,70266
31.796371459960938,70266
31.79724884033203,70266
31.79812717437744,70266
31.799010515213013,70266
31.80031394958496,70266
31.801194667816162,70266
31.80207324028015,70266
31.803375959396362,70266
31.8042573928833,70266
31.80513906478882,70266
31.8060302734375,70266
31.80733036994934,70266
31.808209896087646,70266
31.809091091156006,70266
31.810399532318115,70266
31.811284065246582,70266
31.812166929244995,70266
31.813047885894775,70266
31.814351081848145,70266
31.815228939056396,70266
31.816117763519287,70266
31.817420721054077,70266
31.818302869796753,70266
31.81918478012085,70266
31.82006287574768,70266
31.821366786956787,70266
31.822242975234985,70266
31.823122024536133,70266
31.824003219604492,70266
31.825308322906494,70266
31.826199054718018,70266
31.827080249786377,70266
31.828383445739746,70266
31.829265117645264,70266
31.830146551132202,70266
31.83102536201477,70266
31.832327127456665,70266
31.83320903778076,70266
31.834087371826172,70266
31.835386991500854,70266
31.83627486228943,70266
31.837157011032104,70266
31.838037967681885,70266
31.839340448379517,70266
31.8402202129364,70266
31.841099739074707,70266
31.842402935028076,70266
31.84328317642212,70266
31.844163417816162,70266
31.845046520233154,70266
31.846359252929688,70266
31.847238540649414,70266
31.848114490509033,70266
31.84941792488098,70266
31.85029697418213,70266
31.851184129714966,70266
31.852065801620483,70266
31.853370428085327,70266
31.854249954223633,70266
31.85513210296631,70266
31.856022119522095,70266
31.8573260307312,70266
31.858208417892456,70266
31.859090089797974,70266
31.860395431518555,70266
31.861277103424072,70266
31.862159252166748,70266
31.863041400909424,70266
31.86434030532837,70266
31.86522078514099,70266
31.86610746383667,70266
31.867414236068726,70266
31.868295669555664,70266
31.86917757987976,70266
31.8700590133667,70266
31.871360301971436,70266
31.872241973876953,70266
31.8731210231781,70266
31.8744215965271,70266
31.8753023147583,70266
31.87619423866272,70266
31.877073764801025,70266
31.87837505340576,70266
31.87925386428833,70266
31.880136251449585,70266
31.881017446517944,70266
31.882320642471313,70266
31.883201599121094,70266
31.88408398628235,70266
31.885385274887085,70266
31.88627552986145,70266
31.88715696334839,70266
31.888038158416748,70266
31.889339923858643,70266
31.890219926834106,70266
31.891101360321045,70266
31.892400979995728,70266
31.893284559249878,70266
31.8941650390625,70266
31.89504647254944,70266
31.896360874176025,70266
31.897241830825806,70266
31.89812183380127,70266
31.899004459381104,70266
31.900308847427368,70266
31.90119218826294,70266
31.90207290649414,70266
31.903379440307617,70266
31.904259204864502,70266
31.905141592025757,70266
31.906036138534546,70266
31.907342195510864,70266
31.908226013183594,70266
31.909127473831177,70266
31.910011053085327,70266
31.911317348480225,70266
31.912221908569336,70266
31.913102388381958,70266
31.914406061172485,70266
31.91529154777527,70266
31.9161856174469,70266
31.917065858840942,70266
31.91836953163147,70266
31.919251918792725,70266
31.920136213302612,70266
31.921019077301025,70266
31.922325611114502,70266
31.92320990562439,70266
31.924093008041382,70266
31.92539691925049,70266
31.926291465759277,70266
31.92717480659485,70266
31.928056240081787,70266
31.929362773895264,70266
31.93024468421936,70266
31.93112874031067,70266
31.932013750076294,70266
31.933321237564087,70266
31.934205532073975,70266
31.935086250305176,70266
31.936402320861816,70266
31.937286615371704,70266
31.938170194625854,70266
31.93905019760132,70266
31.94035243988037,70266
31.94123339653015,70266
31.942116498947144,70266
31.943423748016357,70266
31.94433355331421,70266
31.9452166557312,70266
31.94610857963562,70266
31.94741463661194,70266
31.948295831680298,70266
31.94917893409729,70266
31.95005965232849,70266
31.95136332511902,70266
31.95224404335022,70266
31.953126907348633,70266
31.9540114402771,70266
31.955317497253418,70266
31.956205368041992,70266
31.957085609436035,70266
31.95838761329651,70266
31.959271907806396,70266
31.96015238761902,70266
31.96103286743164,70266
31.962339401245117,70266
31.963221311569214,70266
31.964102506637573,70266
31.96540331840515,70266
31.966296195983887,70266
31.96717858314514,70266
31.96805691719055,70266
31.96936058998108,70266
31.970240831375122,70266
31.971120595932007,70266
31.97200322151184,70266
31.973307132720947,70266
31.974189043045044,70266
31.975070476531982,70266
31.976384162902832,70266
31.97726607322693,70266
31.97814702987671,70266
31.979029178619385,70266
31.980332374572754,70266
31.981212377548218,70266
31.982093811035156,70266
31.98340129852295,70266
31.98427987098694,70266
31.985163688659668,70266
31.986056566238403,70266
31.98736262321472,70266
31.98824453353882,70266
31.989124536514282,70266
31.990009784698486,70266
31.991315126419067,70266
31.99219846725464,70266
31.99308156967163,70266
31.994383811950684,70266
31.995267152786255,70266
31.996162176132202,70266
31.99704122543335,70266
31.998342514038086,70266
31.999224424362183,70266
32.000104904174805,70266
32.00140953063965,70266
32.0022919178009,70266
32.00317430496216,70266
32.00405478477478,70266
32.00535798072815,70266
32.00625014305115,70266
32.00713396072388,70266
32.00801634788513,70266
32.009318828582764,70266
32.010199546813965,70266
32.01108002662659,70266
32.01238393783569,70266
32.01326847076416,70266
32.01415157318115,70266
32.01503562927246,70266
32.01634979248047,70266
32.01723098754883,70266
32.018110275268555,70266
32.01941657066345,70266
32.02030038833618,70266
32.02118372917175,70266
32.022064447402954,70266
32.023370027542114,70266
32.02425289154053,70266
32.02513408660889,70266
32.026028633117676,70266
32.02733516693115,70266
32.02821898460388,70266
32.02910089492798,70266
32.03040051460266,70266
32.03128480911255,70266
32.03216481208801,70266
32.03304719924927,70266
32.03435182571411,70266
32.035234451293945,70266
32.03612542152405,70266
32.037009477615356,70266
32.03831601142883,70266
32.0391960144043,70266
32.04007863998413,70266
32.04137992858887,70266
32.04225969314575,70266
32.043142318725586,70266
32.04402732849121,70266
32.04533338546753,70266
32.04622411727905,70266
32.047104358673096,70266
32.048407554626465,70266
32.04929065704346,70266
32.050171852111816,70266
32.05105400085449,70266
32.05235576629639,70266
32.05323553085327,70266
32.054115533828735,70266
32.055418252944946,70266
32.05631375312805,70266
32.05719614028931,70266
32.05807876586914,70266
32.059382915496826,70266
32.060263872146606,70266
32.061150312423706,70266
32.062036752700806,70266
32.06333827972412,70266
32.06421756744385,70266
32.065099477767944,70266
32.06641387939453,70266
32.06730031967163,70266
32.068185806274414,70266
32.0690712928772,70266
32.07037973403931,70266
32.071263551712036,70266
32.07214641571045,70266
32.073031425476074,70266
32.07433724403381,70266
32.075220346450806,70266
32.07611012458801,70266
32.07741737365723,70266
32.07830262184143,70266
32.0791871547699,70266
32.08006978034973,70266
32.081374168395996,70266
32.08225750923157,70266
32.08313846588135,70266
32.084022998809814,70266
32.08532643318176,70266
32.0862181186676,70266
32.08709979057312,70266
32.08840227127075,70266
32.089287996292114,70266
32.09017252922058,70266
32.09105682373047,70266
32.092368364334106,70266
32.09325432777405,70266
32.09413957595825,70266
32.095024824142456,70266
32.096341371536255,70266
32.097222566604614,70266
32.09810423851013,70266
32.099406719207764,70266
32.10029053688049,70266
32.101176500320435,70266
32.102057695388794,70266
32.10336184501648,70266
32.10424327850342,70266
32.105122804641724,70266
32.106016397476196,70266
32.1073215007782,70266
32.10820245742798,70266
32.109084129333496,70266
32.11038827896118,70266
32.11126923561096,70266
32.11215043067932,70266
32.11303377151489,70266
32.114339113235474,70266
32.11522626876831,70266
32.116114377975464,70266
32.117416858673096,70266
32.118300914764404,70266
32.11918592453003,70266
32.120065689086914,70266
32.12136960029602,70266
32.122249364852905,70266
32.12312889099121,70266
32.12401032447815,70266
32.12531328201294,70266
32.12620806694031,70266
32.127092361450195,70266
32.1283962726593,70266
32.12927770614624,70266
32.13015961647034,70266
32.13104605674744,70266
32.1323459148407,70266
32.1332266330719,70266
32.13410663604736,70266
32.13541102409363,70266
32.13630557060242,70266
32.137189626693726,70266
32.13806939125061,70266
32.139373540878296,70266
32.1402542591095,70266
32.14113688468933,70266
32.14202046394348,70266
32.14332437515259,70266
32.14423131942749,70266
32.14511203765869,70266
32.14600396156311,70266
32.14730906486511,70266
32.14819288253784,70266
32.14907431602478,70266
32.1504065990448,70266
32.15129017829895,70266
32.152172803878784,70266
32.153055906295776,70266
32.15435767173767,70266
32.1552414894104,70266
32.15613317489624,70266
32.15701937675476,70266
32.15832233428955,70266
32.15920400619507,70266
32.160085916519165,70266
32.16139364242554,70266
32.16227674484253,70266
32.1631600856781,70266
32.164042472839355,70266
32.16534686088562,70266
32.16623854637146,70266
32.167118549346924,70266
32.168423652648926,70266
32.1693069934845,70266
32.17019271850586,70266
32.17107558250427,70266
32.17238235473633,70266
32.17326641082764,70266
32.17414999008179,70266
32.175034523010254,70266
32.176349401474,70266
32.17723226547241,70266
32.17811393737793,70266
32.179418087005615,70266
32.18030118942261,70266
32.18118214607239,70266
32.18206191062927,70266
32.18336510658264,70266
32.18424582481384,70266
32.18512940406799,70266
32.1860249042511,70266
32.187325954437256,70266
32.188207149505615,70266
32.18908882141113,70266
32.19039177894592,70266
32.19127440452576,70266
32.192155838012695,70266
32.193039417266846,70266
32.19434118270874,70266
32.195223808288574,70266
32.196112871170044,70266
32.197418451309204,70266
32.198301792144775,70266
32.19918346405029,70266
32.200063705444336,70266
32.201366901397705,70266
32.202250480651855,70266
32.203134059906006,70266
32.2040159702301,70266
32.20531606674194,70266
32.20620822906494,70266
32.207088232040405,70266
32.20839047431946,70266
32.2092707157135,70266
32.21015214920044,70266
32.211034059524536,70266
32.21233534812927,70266
32.21321678161621,70266
32.21409773826599,70266
32.215399980545044,70266
32.21629190444946,70266
32.21717429161072,70266
32.218056440353394,70266
32.219361543655396,70266
32.22024321556091,70266
32.221120834350586,70266
32.22200632095337,70266
32.22331213951111,70266
32.224191188812256,70266
32.22507166862488,70266
32.226386308670044,70266
32.22727131843567,70266
32.228153228759766,70266
32.229037046432495,70266
32.23033690452576,70266
32.23121881484985,70266
32.232099294662476,70266
32.23340129852295,70266
32.23428130149841,70266
32.23516535758972,70266
32.23605728149414,70266
32.23736214637756,70266
32.23824071884155,70266
32.23912000656128,70266
32.24042201042175,70266
32.241305351257324,70266
32.242188692092896,70266
32.24307298660278,70266
32.24437427520752,70266
32.245253801345825,70266
32.24614644050598,70266
32.24703097343445,70266
32.24835276603699,70266
32.24923610687256,70266
32.25011706352234,70266
32.25102257728577,70266
32.25235033035278,70266
32.253233909606934,70266
32.25411319732666,70266
32.255417823791504,70266
32.25630974769592,70266
32.257195472717285,70266
32.25809574127197,70266
32.25940489768982,70266
32.26028776168823,70266
32.26119422912598,70266
32.26209092140198,70266
32.263397455215454,70266
32.26428198814392,70266
32.26516604423523,70266
32.26606059074402,70266
32.2673659324646,70266
32.26824879646301,70266
32.269134283065796,70266
32.27001881599426,70266
32.2713258266449,70266
32.272210359573364,70266
32.273093938827515,70266
32.27439880371094,70266
32.27528429031372,70266
32.27617788314819,70266
32.27705955505371,70266
32.27836561203003,70266
32.279247760772705,70266
32.28013038635254,70266
32.28101420402527,70266
32.2823212146759,70266
32.28320264816284,70266
32.28408765792847,70266
32.285390853881836,70266
32.28628349304199,70266
32.28716588020325,70266
32.28806948661804,70266
32.28937554359436,70266
32.290281534194946,70266
32.29116773605347,70266
32.29204964637756,70266
32.29335379600525,70266
32.29423809051514,70266
32.29512023925781,70266
32.296013832092285,70266
32.29731726646423,70266
32.29819846153259,70266
32.29908108711243,70266
32.30038857460022,70266
32.30127191543579,70266
32.30215573310852,70266
32.30303764343262,70266
32.304344177246094,70266
32.30522871017456,70266
32.30612325668335,70266
32.307008266448975,70266
32.30831170082092,70266
32.30919599533081,70266
32.31007933616638,70266
32.311386585235596,70266
32.3122673034668,70266
32.31317758560181,70266
32.314061403274536,70266
32.31537055969238,70266
32.31626343727112,70266
32.31714963912964,70266
32.31803512573242,70266
32.31934142112732,70266
32.320223808288574,70266
32.32110548019409,70266
32.322407484054565,70266
32.32328820228577,70266
32.32417583465576,70266
32.32505750656128,70266
32.32637047767639,70266
32.32725238800049,70266
32.32813549041748,70266
32.32901930809021,70266
32.33032202720642,70266
32.331204414367676,70266
32.33208513259888,70266
32.33338713645935,70266
32.33426809310913,70266
32.33515119552612,70266
32.33604311943054,70266
32.33734655380249,70266
32.33822464942932,70266
32.339102029800415,70266
32.34040689468384,70266
32.34128761291504,70266
32.342167139053345,70266
32.34304666519165,70266
32.34437370300293,70266
32.34525442123413,70266
32.346144676208496,70266
32.347028970718384,70266
32.34833550453186,70266
32.349217891693115,70266
32.35010027885437,70266
32.351404905319214,70266
32.35228943824768,70266
32.353171586990356,70266
32.3540518283844,70266
32.35535717010498,70266
32.35624647140503,70266
32.35713076591492,70266
32.35801148414612,70266
32.359315156936646,70266
32.36019706726074,70266
32.361077070236206,70266
32.362382888793945,70266
32.36326599121094,70266
32.36414861679077,70266
32.36503076553345,70266
32.366344928741455,70266
32.36722755432129,70266
32.36810851097107,70266
32.36941337585449,70266
32.37030005455017,70266
32.37118625640869,70266
32.372066020965576,70266
32.373369455337524,70266
32.37425136566162,70266
32.37513494491577,70266
32.376028299331665,70266
32.377336740493774,70266
32.37822341918945,70266
32.37910532951355,70266
32.380411863327026,70266
32.381295680999756,70266
32.38217616081238,70266
32.383055210113525,70266
32.384358406066895,70266
32.38524103164673,70266
32.386131048202515,70266
32.3870153427124,70266
32.388320446014404,70266
32.38920187950134,70266
32.390085220336914,70266
32.391393423080444,70266
32.3922758102417,70266
32.39315986633301,70266
32.39404273033142,70266
32.39534831047058,70266
32.39623999595642,70266
32.39711833000183,70266
32.39842081069946,70266
32.399306535720825,70266
32.40018701553345,70266
32.4010705947876,70266
32.40237307548523,70266
32.40325331687927,70266
32.40413546562195,70266
32.40501666069031,70266
32.40633583068848,70266
32.40721869468689,70266
32.408103466033936,70266
32.40940833091736,70266
32.410295248031616,70266
32.41118264198303,70266
32.41206884384155,70266
32.41337585449219,70266
32.41425633430481,70266
32.41513967514038,70266
32.41603326797485,70266
32.41734170913696,70266
32.418222427368164,70266
32.419105529785156,70266
32.420414686203,70266
32.421298027038574,70266
32.42218208312988,70266
32.42306184768677,70266
32.42436671257019,70266
32.425248861312866,70266
32.42614388465881,70266
32.42702770233154,70266
32.42833471298218,70266
32.42921805381775,70266
32.430105447769165,70266
32.431411027908325,70266
32.43229603767395,70266
32.43318009376526,70266
32.4340660572052,70266
32.43537211418152,70266
32.43626546859741,70266
32.43714785575867,70266
32.4380316734314,70266
32.43933629989624,70266
32.44021701812744,70266
32.44109869003296,70266
32.442405462265015,70266
32.44329214096069,70266
32.44417691230774,70266
32.44505786895752,70266
32.446373462677,70266
32.44725704193115,70266
32.44814395904541,70266
32.44902801513672,70266
32.45033836364746,70266
32.45122265815735,70266
32.45210862159729,70266
32.453413009643555,70266
32.454302072525024,70266
32.45518922805786,70266
32.4560821056366,70266
32.45739245414734,70266
32.458274602890015,70266
32.45915770530701,70266
32.46004104614258,70266
32.46134400367737,70266
32.4622266292572,70266
32.463106632232666,70266
32.464412689208984,70266
32.46529960632324,70266
32.46619415283203,70266
32.467076539993286,70266
32.468385219573975,70266
32.46927094459534,70266
32.47015357017517,70266
32.47103929519653,70266
32.47235059738159,70266
32.47323417663574,70266
32.47411775588989,70266
32.475003480911255,70266
32.47632455825806,70266
32.47720956802368,70266
32.47809433937073,70266
32.479400396347046,70266
32.48028349876404,70266
32.48116755485535,70266
32.48205065727234,70266
32.48335838317871,70266
32.484241008758545,70266
32.485124349594116,70266
32.48601984977722,70266
32.487327575683594,70266
32.488213300704956,70266
32.48909568786621,70266
32.49040341377258,70266
32.49128842353821,70266
32.49217486381531,70266
32.49305820465088,70266
32.49436378479004,70266
32.495248317718506,70266
32.49613976478577,70266
32.49702286720276,70266
32.498327016830444,70266
32.49921131134033,70266
32.50009536743164,70266
32.501399993896484,70266
32.5022828578949,70266
32.50316405296326,70266
32.504048109054565,70266
32.50535583496094,70266
32.506245374679565,70266
32.50712847709656,70266
32.50801157951355,70266
32.50931715965271,70266
32.510199308395386,70266
32.511082887649536,70266
32.51238703727722,70266
32.51327180862427,70266
32.51415252685547,70266
32.51503396034241,70266
32.51634860038757,70266
32.517231702804565,70266
32.51811242103577,70266
32.51941752433777,70266
32.52030086517334,70266
32.521183490753174,70266
32.522063970565796,70266
32.52336883544922,70266
32.52425026893616,70266
32.52513265609741,70266
32.526026487350464,70266
32.52733278274536,70266
32.528215408325195,70266
32.529093980789185,70266
32.530397176742554,70266
32.531280517578125,70266
32.532163858413696,70266
32.53304576873779,70266
32.53435015678406,70266
32.53523087501526,70266
32.53612279891968,70266
32.537007331848145,70266
32.53831362724304,70266
32.5391960144043,70266
32.540082693099976,70266
32.54139018058777,70266
32.54227542877197,70266
32.54315686225891,70266
32.54406690597534,70266
32.545368909835815,70266
32.546263694763184,70266
32.54714775085449,70266
32.54803276062012,70266
32.549335956573486,70266
32.550217151641846,70266
32.55109691619873,70266
32.55240058898926,70266
32.55328702926636,70266
32.55417013168335,70266
32.555052042007446,70266
32.55636525154114,70266
32.55724835395813,70266
32.558130741119385,70266
32.55901527404785,70266
32.56031799316406,70266
32.56119894981384,70266
32.56208109855652,70266
32.563387393951416,70266
32.56427073478699,70266
32.56515192985535,70266
32.566046714782715,70266
32.56735420227051,70266
32.56823754310608,70266
32.569116830825806,70266
32.57042193412781,70266
32.571306467056274,70266
32.572187185287476,70266
32.57307052612305,70266
32.57437610626221,70266
32.575258016586304,70266
32.576151847839355,70266
32.577064037323,70266
32.57837414741516,70266
32.579259634017944,70266
32.580142974853516,70266
32.58102774620056,70266
32.58233165740967,70266
32.58321928977966,70266
32.58409929275513,70266
32.58540201187134,70266
32.58629870414734,70266
32.58718299865723,70266
32.588064670562744,70266
32.58937215805054,70266
32.5902533531189,70266
32.59113311767578,70266
32.59201502799988,70266
32.59331965446472,70266
32.59443759918213,70266
32.59520435333252,70266
32.59610366821289,70266
32.59701204299927,70266
32.598323583602905,70266
32.59920859336853,70266
32.6001091003418,70266
32.6010160446167,70266
32.602322816848755,70266
32.60320425033569,70266
32.604105710983276,70266
32.605412006378174,70266
32.606306314468384,70266
32.607189416885376,70266
32.608070850372314,70266
32.609376668930054,70266
32.61025619506836,70266
32.61113786697388,70266
32.61202049255371,70266
32.613322257995605,70266
32.614203453063965,70266
32.615084648132324,70266
32.61640167236328,70266
32.61728501319885,70266
32.61816906929016,70266
32.619049310684204,70266
32.62035584449768,70266
32.6212363243103,70266
32.62211751937866,70266
32.623419523239136,70266
32.62430286407471,70266
32.62518501281738,70266
32.62607169151306,70266
32.6273775100708,70266
32.628255128860474,70266
32.62913799285889,70266
32.63002014160156,70266
32.63132119178772,70266
32.632203102111816,70266
32.63308548927307,70266
32.634385108947754,70266
32.6352653503418,70266
32.636157751083374,70266
32.63703894615173,70266
32.63834309577942,70266
32.63922452926636,70266
32.64010453224182,70266
32.641406297683716,70266
32.64228940010071,70266
32.643171548843384,70266
32.64405608177185,70266
32.64535975456238,70266
32.646249294281006,70266
32.64713096618652,70266
32.64801383018494,70266
32.64931631088257,70266
32.65019941329956,70266
32.65108108520508,70266
32.652385234832764,70266
32.653265714645386,70266
32.65414881706238,70266
32.65503001213074,70266
32.65634202957153,70266
32.65722370147705,70266
32.6581027507782,70266
32.65940499305725,70266
32.66028642654419,70266
32.66116905212402,70266
32.662049293518066,70266
32.663352251052856,70266
32.66423320770264,70266
32.66511392593384,70266
32.66601228713989,70266
32.667316198349,70266
32.66819906234741,70266
32.66908001899719,70266
32.67038416862488,70266
32.671265602111816,70266
32.67214751243591,70266
32.673030376434326,70266
32.67433404922485,70266
32.67521405220032,70266
32.67610263824463,70266
32.67740535736084,70266
32.678287506103516,70266
32.67917013168335,70266
32.68005347251892,70266
32.681355476379395,70266
32.68223547935486,70266
32.683119773864746,70266
32.68400454521179,70266
32.68531036376953,70266
32.68620491027832,70266
32.68708658218384,70266
32.68838906288147,70266
32.689271450042725,70266
32.69015574455261,70266
32.69103646278381,70266
32.69234228134155,70266
32.6932213306427,70266
32.69410157203674,70266
32.69540572166443,70266
32.69629716873169,70266
32.69717717170715,70266
32.698057413101196,70266
32.69935917854309,70266
32.70024251937866,70266
32.70112371444702,70266
32.70200514793396,70266
32.70330548286438,70266
32.704187631607056,70266
32.70506978034973,70266
32.706382274627686,70266
32.70726466178894,70266
32.70814633369446,70266
32.709028244018555,70266
32.710331439971924,70266
32.71121072769165,70266
32.71209359169006,70266
32.713396310806274,70266
32.714280128479004,70266
32.71516156196594,70266
32.71605706214905,70266
32.717357873916626,70266
32.718239068984985,70266
32.71911883354187,70266
32.72041964530945,70266
32.72130250930786,70266
32.72218728065491,70266
32.72306823730469,70266
32.72437310218811,70266
32.72525358200073,70266
32.72614598274231,70266
32.72702717781067,70266
32.728330850601196,70266
32.7292115688324,70266
32.730090618133545,70266
32.731396436691284,70266
32.73227882385254,70266
32.73315930366516,70266
32.73404145240784,70266
32.73534345626831,70266
32.73623204231262,70266
32.73711395263672,70266
32.73841619491577,70266
32.739296197891235,70266
32.74017524719238,70266
32.74105477333069,70266
32.742356061935425,70266
32.74323630332947,70266
32.744136810302734,70266
32.74502110481262,70266
32.746336698532104,70266
32.74721908569336,70266
32.74809980392456,70266
32.749401569366455,70266
32.750288009643555,70266
32.75116968154907,70266
32.75205373764038,70266
32.753355741500854,70266
32.754234790802,70266
32.755120038986206,70266
32.756014347076416,70266
32.757317781448364,70266
32.7581992149353,70266
32.75908350944519,70266
32.76038694381714,70266
32.76126790046692,70266
32.762150287628174,70266
32.76303195953369,70266
32.76433491706848,70266
32.76521611213684,70266
32.76610612869263,70266
32.76740860939026,70266
32.76829171180725,70266
32.76917314529419,70266
32.7700560092926,70266
32.77135634422302,70266
32.7722373008728,70266
32.773118019104004,70266
32.77441930770874,70266
32.77530074119568,70266
32.77619242668152,70266
32.77707362174988,70266
32.77837514877319,70266
32.77925491333008,70266
32.78013634681702,70266
32.781017780303955,70266
32.7823212146759,70266
32.78320050239563,70266
32.78408217430115,70266
32.78538656234741,70266
32.786277055740356,70266
32.78716015815735,70266
32.788039684295654,70266
32.78933906555176,70266
32.79022002220154,70266
32.791101932525635,70266
32.79240608215332,70266
32.79328751564026,70266
32.79417061805725,70266
32.79505133628845,70266
32.796363830566406,70266
32.797242164611816,70266
32.79811930656433,70266
32.79942202568054,70266
32.80030298233032,70266
32.801185846328735,70266
32.802066802978516,70266
32.803367614746094,70266
32.80424785614014,70266
32.805129289627075,70266
32.80602025985718,70266
32.80732011795044,70266
32.80820083618164,70266
32.80908012390137,70266
32.81038284301758,70266
32.8112633228302,70266
32.81214761734009,70266
32.813029527664185,70266
32.814332723617554,70266
32.81521463394165,70266
32.81610417366028,70266
32.817407846450806,70266
32.8182897567749,70266
32.819171667099,70266
32.82005286216736,70266
32.82135772705078,70266
32.822240591049194,70266
32.82311987876892,70266
32.824421644210815,70266
32.82530450820923,70266
32.82619643211365,70266
32.82707953453064,70266
32.82838320732117,70266
32.82926821708679,70266
32.83015441894531,70266
32.831037759780884,70266
32.83234262466431,70266
32.833226680755615,70266
32.83410573005676,70266
32.83541178703308,70266
32.83630633354187,70266
32.83719038963318,70266
32.838072538375854,70266
32.839378356933594,70266
32.840259075164795,70266
32.84114146232605,70266
32.84202432632446,70266
32.84332871437073,70266
32.8442108631134,70266
32.84509253501892,70266
32.846412897109985,70266
32.84729766845703,70266
32.84818172454834,70266
32.84906244277954,70266
32.850367307662964,70266
32.8512487411499,70266
32.85212850570679,70266
32.853013038635254,70266
32.854318141937256,70266
32.855201959609985,70266
32.85609173774719,70266
32.857396841049194,70266
32.85827827453613,70266
32.85916018486023,70266
32.86004114151001,70266
32.86134719848633,70266
32.86223077774048,70266
32.86311364173889,70266
32.86441779136658,70266
32.865301847457886,70266
32.86619687080383,70266
32.86708116531372,70266
32.86838626861572,70266
32.86926579475403,70266
32.87015080451965,70266
32.871033906936646,70266
32.87233901023865,70266
32.87322211265564,70266
32.8741021156311,70266
32.875407457351685,70266
32.876304626464844,70266
32.877187728881836,70266
32.87807059288025,70266
32.879377365112305,70266
32.8802604675293,70266
32.8811411857605,70266
32.88202357292175,70266
32.88333225250244,70266
32.88421368598938,70266
32.88509488105774,70266
32.88640785217285,70266
32.88729119300842,70266
32.88817572593689,70266
32.88905668258667,70266
32.890357971191406,70266
32.89123797416687,70266
32.892117500305176,70266
32.89342164993286,70266
32.89430785179138,70266
32.89518976211548,70266
32.89607882499695,70266
32.897385120391846,70266
32.898266315460205,70266
32.89914631843567,70266
32.90002942085266,70266
32.90133190155029,70266
32.90221118927002,70266
32.90309238433838,70266
32.9043927192688,70266
32.90527606010437,70266
32.906168937683105,70266
32.907050371170044,70266
32.90835094451904,70266
32.909231662750244,70266
32.91011381149292,70266
32.91141748428345,70266
32.91230130195618,70266
32.91318225860596,70266
32.91406726837158,70266
32.91537117958069,70266
32.91626000404358,70266
32.917144775390625,70266
32.918028116226196,70266
32.91933298110962,70266
32.92021632194519,70266
32.921098470687866,70266
32.922404289245605,70266
32.92328929901123,70266
32.924171924591064,70266
32.92505383491516,70266
32.92636799812317,70266
32.927250385284424,70266
32.928133487701416,70266
32.92901659011841,70266
32.930317878723145,70266
32.93119812011719,70266
32.932079553604126,70266
32.93338131904602,70266
32.93426299095154,70266
32.93514537811279,70266
32.93603992462158,70266
32.93734264373779,70266
32.93822145462036,70266
32.939101457595825,70266
32.9404022693634,70266
32.94128370285034,70266
32.94216775894165,70266
32.94304823875427,70266
32.944377422332764,70266
32.94526171684265,70266
32.94615125656128,70266
32.947033166885376,70266
32.94833970069885,70266
32.94922137260437,70266
32.95010256767273,70266
32.95140600204468,70266
32.95228886604309,70266
32.95317053794861,70266
32.95405197143555,70266
32.95535683631897,70266
32.95624780654907,70266
32.957130908966064,70266
32.9580135345459,70266
32.95931649208069,70266
32.960200548172,70266
32.96108365058899,70266
32.96238589286804,70266
32.963266134262085,70266
32.964147090911865,70266
32.965028524398804,70266
32.96634387969971,70266
32.96722602844238,70266
32.96810507774353,70266
32.969422578811646,70266
32.9703094959259,70266
32.971193075180054,70266
32.97209405899048,70266
32.973416328430176,70266
32.97430181503296,70266
32.975184202194214,70266
32.976072549819946,70266
32.97737503051758,70266
32.978259325027466,70266
32.97914147377014,70266
32.98002505302429,70266
32.981329679489136,70266
32.98220920562744,70266
32.98308992385864,70266
32.98439359664917,70266
32.985275745391846,70266
32.98616933822632,70266
32.987051248550415,70266
32.98835325241089,70266
32.98923635482788,70266
32.9901168346405,70266
32.991421699523926,70266
32.99230623245239,70266
32.993186473846436,70266
32.99406957626343,70266
32.995373010635376,70266
32.99626445770264,70266
32.99714756011963,70266
32.99803066253662,70266
32.9993371963501,70266
33.00022006034851,70266
33.001102447509766,70266
33.00240707397461,70266
33.00328803062439,70266
33.00417184829712,70266
33.00505614280701,70266
33.006367683410645,70266
33.00724935531616,70266
33.008132457733154,70266
33.00901484489441,70266
33.010321378707886,70266
33.011204957962036,70266
33.01208806037903,70266
33.013392210006714,70266
33.01427626609802,70266
33.01516103744507,70266
33.01605463027954,70266
33.01735997200012,70266
33.018242835998535,70266
33.01912307739258,70266
33.02000379562378,70266
33.021305322647095,70266
33.02218818664551,70266
33.02306795120239,70266
33.02437210083008,70266
33.02525496482849,70266
33.02614688873291,70266
33.0270299911499,70266
33.028332233428955,70266
33.02921414375305,70266
33.03009533882141,70266
33.03139686584473,70266
33.03228044509888,70266
33.033161878585815,70266
33.034045696258545,70266
33.03535032272339,70266
33.03624248504639,70266
33.03712439537048,70266
33.03801083564758,70266
33.039337396621704,70266
33.040223121643066,70266
33.04110670089722,70266
33.042015075683594,70266
33.04332256317139,70266
33.0442054271698,70266
33.04508900642395,70266
33.04640531539917,70266
33.04729080200195,70266
33.04817533493042,70266
33.04905557632446,70266
33.050357818603516,70266
33.051239013671875,70266
33.052119970321655,70266
33.053003787994385,70266
33.05431056022644,70266
33.055193185806274,70266
33.056082010269165,70266
33.05738568305969,70266
33.05826783180237,70266
33.05914855003357,70266
33.06003022193909,70266
33.06133246421814,70266
33.062214851379395,70266
33.06309723854065,70266
33.064398765563965,70266
33.0652813911438,70266
33.066174268722534,70266
33.067055463790894,70266
33.068355560302734,70266
33.06923508644104,70266
33.070114612579346,70266
33.071420431137085,70266
33.072304010391235,70266
33.073184967041016,70266
33.07406783103943,70266
33.075374603271484,70266
33.07626390457153,70266
33.07714653015137,70266
33.07803130149841,70266
33.07933449745178,70266
33.08021354675293,70266
33.081093549728394,70266
33.0823974609375,70266
33.08328151702881,70266
33.084166288375854,70266
33.085047245025635,70266
33.086363554000854,70266
33.08724641799927,70266
33.08812856674194,70266
33.089011669158936,70266
33.09031534194946,70266
33.09119939804077,70266
33.092082262039185,70266
33.09338688850403,70266
33.094268560409546,70266
33.095152378082275,70266
33.09604501724243,70266
33.09734773635864,70266
33.098227977752686,70266
33.09910726547241,70266
33.10041069984436,70266
33.10129237174988,70266
33.10217499732971,70266
33.10305738449097,70266
33.10436177253723,70266
33.105241775512695,70266
33.10613179206848,70266
33.10701537132263,70266
33.10831928253174,70266
33.10920190811157,70266
33.11008381843567,70266
33.11139154434204,70266
33.11227464675903,70266
33.11315631866455,70266
33.114041805267334,70266
33.115347146987915,70266
33.116235971450806,70266
33.11711621284485,70266
33.118419885635376,70266
33.11930251121521,70266
33.120185136795044,70266
33.1210663318634,70266
33.12237191200256,70266
33.123252868652344,70266
33.124136447906494,70266
33.12501907348633,70266
33.12633466720581,70266
33.127217292785645,70266
33.12809896469116,70266
33.12940430641174,70266
33.13028597831726,70266
33.131168603897095,70266
33.13206887245178,70266
33.13337278366089,70266
33.13425159454346,70266
33.135152101516724,70266
33.13604712486267,70266
33.13737106323242,70266
33.1382532119751,70266
33.13913869857788,70266
33.1400249004364,70266
33.141329526901245,70266
33.14220952987671,70266
33.143094539642334,70266
33.14442467689514,70266
33.145309925079346,70266
33.14620041847229,70266
33.14708352088928,70266
33.14839005470276,70266
33.149274826049805,70266
33.15018272399902,70266
33.15106678009033,70266
33.152371406555176,70266
33.15325379371643,70266
33.15413475036621,70266
33.155017375946045,70266
33.156336307525635,70266
33.1572208404541,70266
33.1581015586853,70266
33.1594078540802,70266
33.16029119491577,70266
33.16117572784424,70266
33.162060022354126,70266
33.1633665561676,70266
33.16424775123596,70266
33.16512942314148,70266
33.1660270690918,70266
33.16733360290527,70266
33.16821551322937,70266
33.16910004615784,70266
33.1704044342041,70266
33.17128801345825,70266
33.172173738479614,70266
33.17305588722229,70266
33.174360513687134,70266
33.1752405166626,70266
33.17613077163696,70266
33.17701697349548,70266
33.17832326889038,70266
33.1792049407959,70266
33.180086612701416,70266
33.18139100074768,70266
33.18227410316467,70266
33.183157205581665,70266
33.1840398311615,70266
33.18534302711487,70266
33.18623447418213,70266
33.18711590766907,70266
33.18842148780823,70266
33.18930673599243,70266
33.19019031524658,70266
33.191073179244995,70266
33.19237732887268,70266
33.193260192871094,70266
33.19413757324219,70266
33.19502067565918,70266
33.19633412361145,70266
33.19721484184265,70266
33.198095083236694,70266
33.19940161705017,70266
33.200284481048584,70266
33.20116686820984,70266
33.20205044746399,70266
33.20335578918457,70266
33.20423674583435,70266
33.20511865615845,70266
33.20601844787598,70266
33.207322120666504,70266
33.20820474624634,70266
33.20908570289612,70266
33.210389375686646,70266
33.21127271652222,70266
33.212153673172,70266
33.21303963661194,70266
33.214346408843994,70266
33.21522831916809,70266
33.21611833572388,70266
33.217422008514404,70266
33.21830630302429,70266
33.21918702125549,70266
33.220067262649536,70266
33.22137093544006,70266
33.222254514694214,70266
33.22313642501831,70266
33.22402238845825,70266
33.22532796859741,70266
33.2262167930603,70266
33.22709798812866,70266
33.22840166091919,70266
33.22928237915039,70266
33.23016619682312,70266
33.23104810714722,70266
33.23235583305359,70266
33.23323678970337,70266
33.23411822319031,70266
33.23542499542236,70266
33.23632073402405,70266
33.23720026016235,70266
33.2380805015564,70266
33.23939037322998,70266
33.240270376205444,70266
33.24115037918091,70266
33.24203419685364,70266
33.24333882331848,70266
33.24422001838684,70266
33.2451012134552,70266
33.24641704559326,70266
33.24729919433594,70266
33.248183727264404,70266
33.24906778335571,70266
33.25037360191345,70266
33.25125503540039,70266
33.25213861465454,70266
33.253023862838745,70266
33.25432586669922,70266
33.25520586967468,70266
33.256098985672,70266
33.257402420043945,70266
33.25828671455383,70266
33.25916862487793,70266
33.260048389434814,70266
33.261351585388184,70266
33.262232065200806,70266
33.26311421394348,70266
33.26441550254822,70266
33.26529669761658,70266
33.266191720962524,70266
33.26707863807678,70266
33.26838207244873,70266
33.26926374435425,70266
33.2701473236084,70266
33.27102875709534,70266
33.27233624458313,70266
33.27321648597717,70266
33.27409648895264,70266
33.275402307510376,70266
33.276294469833374,70266
33.27717590332031,70266
33.27805685997009,70266
33.27936005592346,70266
33.28024077415466,70266
33.28112173080444,70266
33.282005071640015,70266
33.28330731391907,70266
33.284191370010376,70266
33.28507328033447,70266
33.28638768196106,70266
33.2872679233551,70266
33.28815150260925,70266
33.28903269767761,70266
33.29033875465393,70266
33.29122066497803,70266
33.2921028137207,70266
33.29340577125549,70266
33.29429078102112,70266
33.29516959190369,70266
33.296061277389526,70266
33.29736614227295,70266
33.29824686050415,70266
33.299129247665405,70266
33.30000877380371,70266
33.30131411552429,70266
33.3021981716156,70266
33.30308127403259,70266
33.30438494682312,70266
33.305267572402954,70266
33.30616211891174,70266
33.30704426765442,70266
33.30834722518921,70266
33.309229612350464,70266
33.31010985374451,70266
33.31141400337219,70266
33.312296628952026,70266
33.313199520111084,70266
33.31408476829529,70266
33.31539487838745,70266
33.31628704071045,70266
33.31716823577881,70266
33.318050146102905,70266
33.319356203079224,70266
33.320236921310425,70266
33.32111859321594,70266
33.32200312614441,70266
33.32330656051636,70266
33.32419157028198,70266
33.32507133483887,70266
33.32638502120972,70266
33.32726693153381,70266
33.328147411346436,70266
33.329030990600586,70266
33.33033514022827,70266
33.33121728897095,70266
33.33209538459778,70266
33.33339834213257,70266
33.334283113479614,70266
33.335164070129395,70266
33.336057901382446,70266
33.33736538887024,70266
33.338247537612915,70266
33.33912682533264,70266
33.34000849723816,70266
33.34130859375,70266
33.34219264984131,70266
33.34307289123535,70266
33.344403982162476,70266
33.34528708457947,70266
33.346181869506836,70266
33.347060441970825,70266
33.34836173057556,70266
33.34924364089966,70266
33.35012698173523,70266
33.351009130477905,70266
33.35231351852417,70266
33.35319447517395,70266
33.354076623916626,70266
33.35537910461426,70266
33.35626769065857,70266
33.35714936256409,70266
33.35803413391113,70266
33.359336853027344,70266
33.360220432281494,70266
33.36110162734985,70266
33.362407207489014,70266
33.36329221725464,70266
33.364174604415894,70266
33.36505484580994,70266
33.3663694858551,70266
33.36725211143494,70266
33.36813449859619,70266
33.36901926994324,70266
33.37032175064087,70266
33.371203660964966,70266
33.37208318710327,70266
33.37338733673096,70266
33.37426996231079,70266
33.37515377998352,70266
33.37604808807373,70266
33.37735319137573,70266
33.378235816955566,70266
33.37911820411682,70266
33.380422830581665,70266
33.38130450248718,70266
33.38218688964844,70266
33.38307237625122,70266
33.384377002716064,70266
33.38525652885437,70266
33.38615012168884,70266
33.3870313167572,70266
33.38833808898926,70266
33.38922071456909,70266
33.39010190963745,70266
33.39140558242798,70266
33.39229154586792,70266
33.39317560195923,70266
33.394055128097534,70266
33.395365953445435,70266
33.39625835418701,70266
33.3971426486969,70266
33.39802622795105,70266
33.399333238601685,70266
33.40021324157715,70266
33.4010968208313,70266
33.402403831481934,70266
33.40328574180603,70266
33.404168367385864,70266
33.40505075454712,70266
33.406368255615234,70266
33.40725016593933,70266
33.408135652542114,70266
33.40901708602905,70266
33.410319805145264,70266
33.411202907562256,70266
33.41208600997925,70266
33.413389444351196,70266
33.41427278518677,70266
33.41515588760376,70266
33.41604781150818,70266
33.41735219955444,70266
33.418232679367065,70266
33.41911339759827,70266
33.42041993141174,70266
33.4213080406189,70266
33.42219305038452,70266
33.42307710647583,70266
33.42438364028931,70266
33.42526435852051,70266
33.42616009712219,70266
33.427043437957764,70266
33.42834687232971,70266
33.42922925949097,70266
33.430110692977905,70266
33.431416034698486,70266
33.43230152130127,70266
33.433186292648315,70266
33.43407082557678,70266
33.435378313064575,70266
33.436270236968994,70266
33.43715310096741,70266
33.43803691864014,70266
33.43934345245361,70266
33.44022512435913,70266
33.441105365753174,70266
33.44241261482239,70266
33.44329762458801,70266
33.444180965423584,70266
33.44506788253784,70266
33.44638419151306,70266
33.44726896286011,70266
33.448153018951416,70266
33.449039459228516,70266
33.45034170150757,70266
33.451221227645874,70266
33.452101707458496,70266
33.45340657234192,70266
33.45429182052612,70266
33.45517635345459,70266
33.45606732368469,70266
33.457371950149536,70266
33.458255767822266,70266
33.459139585494995,70266
33.460023641586304,70266
33.46132826805115,70266
33.46221113204956,70266
33.463093757629395,70266
33.464399099349976,70266
33.46528172492981,70266
33.46617770195007,70266
33.46706032752991,70266
33.46836280822754,70266
33.46924614906311,70266
33.47012996673584,70266
33.47101354598999,70266
33.47231841087341,70266
33.473201513290405,70266
33.47408604621887,70266
33.475393533706665,70266
33.47628712654114,70266
33.47717070579529,70266
33.478052854537964,70266
33.47935938835144,70266
33.48024034500122,70266
33.481122970581055,70266
33.48200726509094,70266
33.48331332206726,70266
33.48419713973999,70266
33.48508405685425,70266
33.48639965057373,70266
33.48728537559509,70266
33.4881706237793,70266
33.489054441452026,70266
33.49035835266113,70266
33.49124217033386,70266
33.49212646484375,70266
33.49301266670227,70266
33.49431777000427,70266
33.49520301818848,70266
33.496092081069946,70266
33.497395753860474,70266
33.49828100204468,70266
33.499167680740356,70266
33.50005269050598,70266
33.50136137008667,70266
33.50224542617798,70266
33.50313115119934,70266
33.5040168762207,70266
33.50532102584839,70266
33.50621700286865,70266
33.507099866867065,70266
33.50840902328491,70266
33.50929570198059,70266
33.51018023490906,70266
33.511062145233154,70266
33.512367725372314,70266
33.513248920440674,70266
33.5141327381134,70266
33.51501512527466,70266
33.51633262634277,70266
33.51721215248108,70266
33.51809072494507,70266
33.51939558982849,70266
33.520278453826904,70266
33.52116060256958,70266
33.52204203605652,70266
33.52334785461426,70266
33.524232387542725,70266
33.52511382102966,70266
33.52600646018982,70266
33.527313232421875,70266
33.52819585800171,70266
33.52907967567444,70266
33.53038191795349,70266
33.53126358985901,70266
33.532145261764526,70266
33.53303003311157,70266
33.53433609008789,70266
33.53521752357483,70266
33.53611159324646,70266
33.5374174118042,70266
33.53830337524414,70266
33.53918743133545,70266
33.54007077217102,70266
33.54137587547302,70266
33.542258739471436,70266
33.54314208030701,70266
33.54405212402344,70266
33.54535722732544,70266
33.54625201225281,70266
33.54713702201843,70266
33.54802131652832,70266
33.54932689666748,70266
33.55021023750305,70266
33.55109429359436,70266
33.55240035057068,70266
33.55328321456909,70266
33.55416798591614,70266
33.55505108833313,70266
33.556368589401245,70266
33.55725121498108,70266
33.5581328868866,70266
33.55901885032654,70266
33.560324907302856,70266
33.56120586395264,70266
33.56208825111389,70266
33.5633909702301,70266
33.56427526473999,70266
33.56515908241272,70266
33.566054821014404,70266
33.5673611164093,70266
33.5682430267334,70266
33.5691237449646,70266
33.57000803947449,70266
33.5713107585907,70266
33.572192668914795,70266
33.573076486587524,70266
33.57438325881958,70266
33.57526516914368,70266
33.57616114616394,70266
33.57707071304321,70266
33.57837629318237,70266
33.57925724983215,70266
33.580137491226196,70266
33.581021308898926,70266
33.58232808113098,70266
33.5832085609436,70266
33.584091663360596,70266
33.58539700508118,70266
33.58629131317139,70266
33.58717751502991,70266
33.58806109428406,70266
33.58936524391174,70266
33.59024620056152,70266
33.59112763404846,70266
33.59200835227966,70266
33.593310594558716,70266
33.594194412231445,70266
33.59507727622986,70266
33.596484422683716,70266
33.597376108169556,70266
33.59827780723572,70266
33.599183082580566,70266
33.60006594657898,70266
33.60137391090393,70266
33.60227990150452,70266
33.60316467285156,70266
33.604050159454346,70266
33.60537362098694,70266
33.60626721382141,70266
33.60717010498047,70266
33.608054637908936,70266
33.60935974121094,70266
33.61024212837219,70266
33.611124992370605,70266
33.61200761795044,70266
33.61331224441528,70266
33.61419486999512,70266
33.61507725715637,70266
33.61639213562012,70266
33.61727428436279,70266
33.61815643310547,70266
33.61903691291809,70266
33.620341062545776,70266
33.62122416496277,70266
33.62210464477539,70266
33.62340807914734,70266
33.62429165840149,70266
33.62517285346985,70266
33.62606692314148,70266
33.62737059593201,70266
33.62824845314026,70266
33.62912893295288,70266
33.63001108169556,70266
33.631316900253296,70266
33.63219881057739,70266
33.633081912994385,70266
33.634385108947754,70266
33.63526773452759,70266
33.63616228103638,70266
33.63704752922058,70266
33.638352394104004,70266
33.63923764228821,70266
33.64012002944946,70266
33.64100503921509,70266
33.642311334609985,70266
33.64319610595703,70266
33.64407801628113,70266
33.645384550094604,70266
33.6462779045105,70266
33.64716076850891,70266
33.648045778274536,70266
33.64935255050659,70266
33.65023374557495,70266
33.65111804008484,70266
33.65200400352478,70266
33.653305768966675,70266
33.654192209243774,70266
33.65507531166077,70266
33.6563880443573,70266
33.6572699546814,70266
33.65815448760986,70266
33.659034967422485,70266
33.66033959388733,70266
33.66121745109558,70266
33.66209888458252,70266
33.66340136528015,70266
33.66428589820862,70266
33.66516947746277,70266
33.666062355041504,70266
33.66736674308777,70266
33.66824746131897,70266
33.66912817955017,70266
33.67001271247864,70266
33.671316146850586,70266
33.67219829559326,70266
33.67308306694031,70266
33.67438817024231,70266
33.67526841163635,70266
33.6761634349823,70266
33.6770498752594,70266
33.67835474014282,70266
33.67923665046692,70266
33.68011736869812,70266
33.68142533302307,70266
33.68231010437012,70266
33.68319630622864,70266
33.68407583236694,70266
33.685380935668945,70266
33.686274766922,70266
33.687156438827515,70266
33.68803954124451,70266
33.689342737197876,70266
33.690223693847656,70266
33.691100120544434,70266
33.692404985427856,70266
33.69328784942627,70266
33.69417119026184,70266
33.69505500793457,70266
33.69637203216553,70266
33.69725728034973,70266
33.69814443588257,70266
33.69902992248535,70266
33.70033288002014,70266
33.701213359832764,70266
33.70209336280823,70266
33.70339846611023,70266
33.70428276062012,70266
33.70516610145569,70266
33.70605754852295,70266
33.707364082336426,70266
33.70824599266052,70266
33.709128618240356,70266
33.71001362800598,70266
33.71131658554077,70266
33.7122004032135,70266
33.713083028793335,70266
33.714385747909546,70266
33.71526861190796,70266
33.716164350509644,70266
33.717047452926636,70266
33.718353509902954,70266
33.71923565864563,70266
33.720115661621094,70266
33.721418619155884,70266
33.722301959991455,70266
33.723186016082764,70266
33.72407078742981,70266
33.7253782749176,70266
33.7262704372406,70266
33.72715210914612,70266
33.728034257888794,70266
33.72934055328369,70266
33.73022150993347,70266
33.731099367141724,70266
33.73240113258362,70266
33.73328495025635,70266
33.7341673374176,70266
33.735050201416016,70266
33.736363649368286,70266
33.737244606018066,70266
33.738125801086426,70266
33.739007234573364,70266
33.74031376838684,70266
33.741196393966675,70266
33.74207806587219,70266
33.7433807849884,70266
33.74428582191467,70266
33.74516820907593,70266
33.74605703353882,70266
33.74736166000366,70266
33.748241901397705,70266
33.74912095069885,70266
33.750004291534424,70266
33.75130581855774,70266
33.75218653678894,70266
33.7530677318573,70266
33.75437641143799,70266
33.75525903701782,70266
33.75615048408508,70266
33.75703263282776,70266
33.75833821296692,70266
33.759220361709595,70266
33.76010060310364,70266
33.76140260696411,70266
33.762285470962524,70266
33.76317024230957,70266
33.764050006866455,70266
33.765353202819824,70266
33.76624536514282,70266
33.76712703704834,70266
33.76800894737244,70266
33.76930809020996,70266
33.77018690109253,70266
33.771066665649414,70266
33.77237105369568,70266
33.77324986457825,70266
33.77413082122803,70266
33.775015354156494,70266
33.77632737159729,70266
33.77720642089844,70266
33.77808594703674,70266
33.77939009666443,70266
33.78026843070984,70266
33.7811496257782,70266
33.782031536102295,70266
33.783337354660034,70266
33.7842173576355,70266
33.78509759902954,70266
33.786409854888916,70266
33.787291049957275,70266
33.788172245025635,70266
33.789053201675415,70266
33.79035711288452,70266
33.79123640060425,70266
33.79211616516113,70266
33.79341745376587,70266
33.794299364089966,70266
33.795180559158325,70266
33.796069622039795,70266
33.79737162590027,70266
33.79824948310852,70266
33.7991304397583,70266
33.8000123500824,70266
33.80131411552429,70266
33.80219507217407,70266
33.803075551986694,70266
33.80437612533569,70266
33.80525541305542,70266
33.806148052215576,70266
33.80702781677246,70266
33.80833125114441,70266
33.80921006202698,70266
33.81008982658386,70266
33.81139087677002,70266
33.81227231025696,70266
33.81315207481384,70266
33.81403136253357,70266
33.815332651138306,70266
33.81622314453125,70266
33.81710195541382,70266
33.81840372085571,70266
33.81928491592407,70266
33.82016468048096,70266
33.82104802131653,70266
33.82235074043274,70266
33.823230504989624,70266
33.8241069316864,70266
33.825411558151245,70266
33.826306104660034,70266
33.82718873023987,70266
33.82807374000549,70266
33.82937574386597,70266
33.83025884628296,70266
33.83114218711853,70266
33.83202600479126,70266
33.833333253860474,70266
33.83421277999878,70266
33.8350932598114,70266
33.836410999298096,70266
33.83729553222656,70266
33.83817791938782,70266
33.83906078338623,70266
33.84036135673523,70266
33.84124231338501,70266
33.84212064743042,70266
33.84342384338379,70266
33.844305753707886,70266
33.84518647193909,70266
33.8460750579834,70266
33.84737730026245,70266
33.84825944900513,70266
33.849140882492065,70266
33.85002326965332,70266
33.85132694244385,70266
33.85220742225647,70266
33.853087186813354,70266
33.85438656806946,70266
33.85526704788208,70266
33.85616135597229,70266
33.85704302787781,70266
33.858343839645386,70266
33.859225034713745,70266
33.86010432243347,70266
33.861409425735474,70266
33.86229181289673,70266
33.86317586898804,70266
33.86405873298645,70266
33.86536264419556,70266
33.866252183914185,70266
33.86713457107544,70266
33.86801719665527,70266
33.86931824684143,70266
33.87019944190979,70266
33.871081590652466,70266
33.8723840713501,70266
33.87326455116272,70266
33.87414526939392,70266
33.87502598762512,70266
33.87634086608887,70266
33.87722110748291,70266
33.878101110458374,70266
33.87940573692322,70266
33.88028812408447,70266
33.88117003440857,70266
33.88205528259277,70266
33.883360862731934,70266
33.884241819381714,70266
33.885122776031494,70266
33.886016607284546,70266
33.88732147216797,70266
33.888206243515015,70266
33.88908505439758,70266
33.89038801193237,70266
33.891271352767944,70266
33.89215564727783,70266
33.893035650253296,70266
33.894336462020874,70266
33.89521598815918,70266
33.89610815048218,70266
33.89741396903992,70266
33.898295879364014,70266
33.899176359176636,70266
33.900057315826416,70266
33.901360750198364,70266
33.90224051475525,70266
33.903119802474976,70266
33.90442204475403,70266
33.90530467033386,70266
33.9061975479126,70266
33.907081604003906,70266
33.90838384628296,70266
33.90926718711853,70266
33.91014909744263,70266
33.91102981567383,70266
33.912333250045776,70266
33.91321563720703,70266
33.91409778594971,70266
33.91539716720581,70266
33.916290521621704,70266
33.91717052459717,70266
33.91805124282837,70266
33.91935348510742,70266
33.920231103897095,70266
33.921109199523926,70266
33.92241406440735,70266
33.92329788208008,70266
33.92418098449707,70266
33.92506003379822,70266
33.92637324333191,70266
33.92725443840027,70266
33.928138256073,70266
33.92902421951294,70266
33.93032693862915,70266
33.93120813369751,70266
33.93208932876587,70266
33.93339443206787,70266
33.93427658081055,70266
33.93515706062317,70266
33.936049461364746,70266
33.93735408782959,70266
33.938236474990845,70266
33.939114570617676,70266
33.9404194355011,70266
33.941304445266724,70266
33.94218683242798,70266
33.94306969642639,70266
33.94439935684204,70266
33.945284605026245,70266
33.94617795944214,70266
33.94705939292908,70266
33.948365211486816,70266
33.94924473762512,70266
33.95012402534485,70266
33.951005935668945,70266
33.95230674743652,70266
33.95318675041199,70266
33.954066038131714,70266
33.955368518829346,70266
33.956257581710815,70266
33.95713758468628,70266
33.95802330970764,70266
33.95932579040527,70266
33.96020746231079,70266
33.96108961105347,70266
33.96239113807678,70266
33.96327209472656,70266
33.9641547203064,70266
33.965036392211914,70266
33.96635293960571,70266
33.967233419418335,70266
33.96811294555664,70266
33.96941590309143,70266
33.97029662132263,70266
33.971176862716675,70266
33.97205662727356,70266
33.97335910797119,70266
33.97424292564392,70266
33.975122928619385,70266
33.97601556777954,70266
33.977317571640015,70266
33.97819948196411,70266
33.97908043861389,70266
33.98038029670715,70266
33.98125910758972,70266
33.982139348983765,70266
33.983020544052124,70266
33.9843225479126,70266
33.985203981399536,70266
33.986090898513794,70266
33.98739242553711,70266
33.98827314376831,70266
33.98915410041809,70266
33.99003720283508,70266
33.99133849143982,70266
33.99221658706665,70266
33.99309515953064,70266
33.99439525604248,70266
33.99527668952942,70266
33.99617028236389,70266
33.99705266952515,70266
33.998353719711304,70266
33.99923253059387,70266
34.00011372566223,70266
34.00141406059265,70266
34.00229525566101,70266
34.00317716598511,70266
34.004058599472046,70266
34.00536298751831,70266
34.006256103515625,70266
34.007137298583984,70266
34.00801992416382,70266
34.00932192802429,70266
34.010201930999756,70266
34.01108241081238,70266
34.012385845184326,70266
34.013267517089844,70266
34.014150857925415,70266
34.015031814575195,70266
34.016345262527466,70266
34.01722478866577,70266
34.01810097694397,70266
34.01940059661865,70266
34.02028226852417,70266
34.021164894104004,70266
34.022045373916626,70266
34.02334642410278,70266
34.024226903915405,70266
34.02510380744934,70266
34.02641415596008,70266
34.02729678153992,70266
34.028175830841064,70266
34.02905607223511,70266
34.03036046028137,70266
34.031243324279785,70266
34.03212380409241,70266
34.03300499916077,70266
34.03430676460266,70266
34.035189628601074,70266
34.036081314086914,70266
34.03738737106323,70266
34.03826904296875,70266
34.039151191711426,70266
34.04003119468689,70266
34.04133224487305,70266
34.04221177101135,70266
34.04309344291687,70266
34.044395208358765,70266
34.04527735710144,70266
34.04616856575012,70266
34.04704689979553,70266
34.048354625701904,70266
34.049235343933105,70266
34.05011463165283,70266
34.05141520500183,70266
34.052297830581665,70266
34.053179025650024,70266
34.05405831336975,70266
34.055357933044434,70266
34.05624747276306,70266
34.057127952575684,70266
34.058013677597046,70266
34.05931544303894,70266
34.06019568443298,70266
34.06107521057129,70266
34.06237602233887,70266
34.063254594802856,70266
34.06413412094116,70266
34.0650155544281,70266
34.06632709503174,70266
34.06720590591431,70266
34.068084716796875,70266
34.06938719749451,70266
34.070268392562866,70266
34.07114863395691,70266
34.07202982902527,70266
34.07333040237427,70266
34.07421159744263,70266
34.075090169906616,70266
34.07640504837036,70266
34.07728409767151,70266
34.078165769577026,70266
34.07904529571533,70266
34.080349922180176,70266
34.08122968673706,70266
34.08210778236389,70266
34.08341145515442,70266
34.08429574966431,70266
34.08517837524414,70266
34.086068630218506,70266
34.087371587753296,70266
34.0882511138916,70266
34.0891318321228,70266
34.09001350402832,70266
34.09131455421448,70266
34.09219002723694,70266
34.09307146072388,70266
34.094372510910034,70266
34.095250844955444,70266
34.096139430999756,70266
34.09702253341675,70266
34.09832429885864,70266
34.09920406341553,70266
34.100085496902466,70266
34.101388454437256,70266
34.10226893424988,70266
34.103148221969604,70266
34.10403108596802,70266
34.10533547401428,70266
34.106223821640015,70266
34.10710263252258,70266
34.10840034484863,70266
34.109283685684204,70266
34.11016607284546,70266
34.11104607582092,70266
34.112348794937134,70266
34.1132287979126,70266
34.114107608795166,70266
34.115403175354004,70266
34.11629390716553,70266
34.11717510223389,70266
34.11805486679077,70266
34.11936044692993,70266
34.1202392578125,70266
34.12111473083496,70266
34.122414350509644,70266
34.12329316139221,70266
34.12417554855347,70266
34.12505793571472,70266
34.126367807388306,70266
34.12724566459656,70266
34.12812566757202,70266
34.129006147384644,70266
34.130306243896484,70266
34.131187438964844,70266
34.132068395614624,70266
34.13336944580078,70266
34.13424801826477,70266
34.135127544403076,70266
34.136019706726074,70266
34.137320041656494,70266
34.138197898864746,70266
34.13907742500305,70266
34.14037799835205,70266
34.14125609397888,70266
34.142136573791504,70266
34.143017530441284,70266
34.14434194564819,70266
34.145225286483765,70266
34.14611554145813,70266
34.147419452667236,70266
34.14830183982849,70266
34.14918327331543,70266
34.15008616447449,70266
34.15139389038086,70266
34.152276039123535,70266
34.15315866470337,70266
34.15404272079468,70266
34.155346393585205,70266
34.1562340259552,70266
34.15711522102356,70266
34.15841746330261,70266
34.159300804138184,70266
34.160181522369385,70266
34.161062717437744,70266
34.16236734390259,70266
34.163249015808105,70266
34.164130449295044,70266
34.16501569747925,70266
34.16632866859436,70266
34.16720938682556,70266
34.16808891296387,70266
34.16939306259155,70266
34.170271158218384,70266
34.17115259170532,70266
34.172032594680786,70266
34.17333221435547,70266
34.17421102523804,70266
34.17509055137634,70266
34.17640709877014,70266
34.17728900909424,70266
34.17816781997681,70266
34.179046392440796,70266
34.18034791946411,70266
34.1812264919281,70266
34.18210029602051,70266
34.18340015411377,70266
34.18428587913513,70266
34.1851646900177,70266
34.18605446815491,70266
34.187357902526855,70266
34.18823790550232,70266
34.189117431640625,70266
34.19041585922241,70266
34.19129681587219,70266
34.19217658042908,70266
34.19305682182312,70266
34.19435501098633,70266
34.195236921310425,70266
34.196125507354736,70266
34.19700574874878,70266
34.19830918312073,70266
34.19918942451477,70266
34.20006799697876,70266
34.20137023925781,70266
34.202250480651855,70266
34.20313096046448,70266
34.204012632369995,70266
34.205312967300415,70266
34.20620512962341,70266
34.207085609436035,70266
34.20838809013367,70266
34.20926904678345,70266
34.2101514339447,70266
34.21103262901306,70266
34.21233415603638,70266
34.2132134437561,70266
34.214094400405884,70266
34.21539378166199,70266
34.21628284454346,70266
34.21716499328613,70266
34.218045234680176,70266
34.219346046447754,70266
34.22022581100464,70266
34.22110366821289,70266
34.22240614891052,70266
34.223289489746094,70266
34.22417211532593,70266
34.22505187988281,70266
34.22636556625366,70266
34.22724437713623,70266
34.228124380111694,70266
34.22900605201721,70266
34.23030734062195,70266
34.231189489364624,70266
34.23207139968872,70266
34.23337459564209,70266
34.23425316810608,70266
34.23513579368591,70266
34.236029624938965,70266
34.23733067512512,70266
34.238210678100586,70266
34.23908877372742,70266
34.24039077758789,70266
34.24126958847046,70266
34.242151498794556,70266
34.24303364753723,70266
34.244338274002075,70266
34.24522161483765,70266
34.246108293533325,70266
34.247411251068115,70266
34.24829721450806,70266
34.249176263809204,70266
34.25005578994751,70266
34.25135803222656,70266
34.252238512039185,70266
34.25311899185181,70266
34.25400376319885,70266
34.255308866500854,70266
34.25620102882385,70266
34.25708031654358,70266
34.25838541984558,70266
34.25926876068115,70266
34.26015281677246,70266
34.26103186607361,70266
34.262333393096924,70266
34.263216733932495,70266
34.26409697532654,70266
34.26540017127991,70266
34.266294717788696,70266
34.26717734336853,70266
34.26805901527405,70266
34.26936626434326,70266
34.27024698257446,70266
34.27113056182861,70266
34.27201247215271,70266
34.27331519126892,70266
34.2741961479187,70266
34.27507948875427,70266
34.276395082473755,70266
34.27727794647217,70266
34.278160572052,70266
34.27903914451599,70266
34.28033995628357,70266
34.281222105026245,70266
34.28210163116455,70266
34.28340554237366,70266
34.2842915058136,70266
34.28517389297485,70266
34.28606557846069,70266
34.28736734390259,70266
34.288246870040894,70266
34.28912663459778,70266
34.2900116443634,70266
34.29131817817688,70266
34.2921998500824,70266
34.293081283569336,70266
34.29438638687134,70266
34.29526734352112,70266
34.296159982681274,70266
34.297040939331055,70266
34.29834604263306,70266
34.299225091934204,70266
34.300105810165405,70266
34.30140566825867,70266
34.30228614807129,70266
34.30316925048828,70266
34.30404782295227,70266
34.30534815788269,70266
34.30624032020569,70266
34.30712032318115,70266
34.308003187179565,70266
34.30930542945862,70266
34.31018853187561,70266
34.31106948852539,70266
34.31237435340881,70266
34.31328082084656,70266
34.31416392326355,70266
34.31504487991333,70266
34.3163583278656,70266
34.317240476608276,70266
34.31812071800232,70266
34.31942081451416,70266
34.32030653953552,70266
34.321192026138306,70266
34.322072982788086,70266
34.32337713241577,70266
34.324256896972656,70266
34.32514142990112,70266
34.326035022735596,70266
34.32733607292175,70266
34.32821774482727,70266
34.329100131988525,70266
34.33040452003479,70266
34.3312885761261,70266
34.3321692943573,70266
34.33304810523987,70266
34.33435368537903,70266
34.33523488044739,70266
34.33612418174744,70266
34.33700728416443,70266
34.3383104801178,70266
34.339194536209106,70266
34.34007716178894,70266
34.34137988090515,70266
34.34226202964783,70266
34.34314751625061,70266
34.344056367874146,70266
34.3453643321991,70266
34.346256494522095,70266
34.347140312194824,70266
34.34802746772766,70266
34.349334716796875,70266
34.35021638870239,70266
34.35109615325928,70266
34.35239863395691,70266
34.35327744483948,70266
34.35416102409363,70266
34.355042457580566,70266
34.3563551902771,70266
34.357237100601196,70266
34.35811758041382,70266
34.35942339897156,70266
34.36030721664429,70266
34.36118817329407,70266
34.36206865310669,70266
34.3633713722229,70266
34.36424970626831,70266
34.36512780189514,70266
34.3660204410553,70266
34.36732792854309,70266
34.36820864677429,70266
34.36908960342407,70266
34.370394468307495,70266
34.371275424957275,70266
34.37215781211853,70266
34.37304091453552,70266
34.37434482574463,70266
34.37522578239441,70266
34.37611150741577,70266
34.377416133880615,70266
34.37830090522766,70266
34.37917971611023,70266
34.3800573348999,70266
34.38136172294617,70266
34.38224267959595,70266
34.38312387466431,70266
34.384007692337036,70266
34.38531041145325,70266
34.38620328903198,70266
34.387086153030396,70266
34.38839149475098,70266
34.389275312423706,70266
34.390158891677856,70266
34.391042947769165,70266
34.39234781265259,70266
34.393227338790894,70266
34.39410877227783,70266
34.39541268348694,70266
34.39630460739136,70266
34.39718699455261,70266
34.398070335388184,70266
34.39937710762024,70266
34.400261640548706,70266
34.401145935058594,70266
34.40202808380127,70266
34.40333342552185,70266
34.40421462059021,70266
34.4050989151001,70266
34.40641498565674,70266
34.40729856491089,70266
34.40818119049072,70266
34.4090621471405,70266
34.4103639125824,70266
34.41124367713928,70266
34.412123918533325,70266
34.413007736206055,70266
34.41431283950806,70266
34.41519498825073,70266
34.41608738899231,70266
34.41739201545715,70266
34.41827583312988,70266
34.41916346549988,70266
34.42004680633545,70266
34.42135214805603,70266
34.42223334312439,70266
34.42311406135559,70266
34.4244179725647,70266
34.42530059814453,70266
34.42619585990906,70266
34.42707872390747,70266
34.42838478088379,70266
34.429267168045044,70266
34.43015098571777,70266
34.43103265762329,70266
34.432337284088135,70266
34.433218240737915,70266
34.43409991264343,70266
34.435404777526855,70266
34.43629717826843,70266
34.43718194961548,70266
34.438064098358154,70266
34.4393675327301,70266
34.4402494430542,70266
34.44113373756409,70266
34.442015409469604,70266
34.44332194328308,70266
34.44420504570007,70266
34.44508743286133,70266
34.4464008808136,70266
34.447285175323486,70266
34.448169231414795,70266
34.44905233383179,70266
34.45035719871521,70266
34.451234579086304,70266
34.452115058898926,70266
34.45341777801514,70266
34.45430278778076,70266
34.455183029174805,70266
34.45607566833496,70266
34.457380294799805,70266
34.45826244354248,70266
34.45914435386658,70266
34.46002459526062,70266
34.461329221725464,70266
34.462207555770874,70266
34.46308946609497,70266
34.46438956260681,70266
34.46527028083801,70266
34.46616506576538,70266
34.46704816818237,70266
34.468350887298584,70266
34.469231843948364,70266
34.47011113166809,70266
34.47141218185425,70266
34.47229504585266,70266
34.47317552566528,70266
34.47405743598938,70266
34.47536301612854,70266
34.47625494003296,70266
34.47713875770569,70266
34.47802495956421,70266
34.479331731796265,70266
34.48021388053894,70266
34.481093645095825,70266
34.482396841049194,70266
34.48327851295471,70266
34.48415756225586,70266
34.4850389957428,70266
34.48635411262512,70266
34.48723578453064,70266
34.488115549087524,70266
34.48942041397095,70266
34.490302085876465,70266
34.491183280944824,70266
34.492063999176025,70266
34.493367433547974,70266
34.49425005912781,70266
34.49513220787048,70266
34.4960253238678,70266
34.49733328819275,70266
34.49821496009827,70266
34.49909520149231,70266
34.50039982795715,70266
34.501282691955566,70266
34.50216794013977,70266
34.5030517578125,70266
34.50435495376587,70266
34.50523591041565,70266
34.50612473487854,70266
34.507007122039795,70266
34.508312463760376,70266
34.509196758270264,70266
34.51008081436157,70266
34.511383056640625,70266
34.51226735115051,70266
34.51315093040466,70266
34.514034271240234,70266
34.515339851379395,70266
34.51622819900513,70266
34.517109632492065,70266
34.518415212631226,70266
34.519298791885376,70266
34.520180463790894,70266
34.52106213569641,70266
34.52236819267273,70266
34.52324891090393,70266
34.52413320541382,70266
34.52501702308655,70266
34.52633738517761,70266
34.52722191810608,70266
34.52810263633728,70266
34.52940392494202,70266
34.53028655052185,70266
34.531168937683105,70266
34.532050371170044,70266
34.53335523605347,70266
34.53424096107483,70266
34.535120725631714,70266
34.5360152721405,70266
34.53731942176819,70266
34.538198471069336,70266
34.539079427719116,70266
34.54038667678833,70266
34.54126834869385,70266
34.542151927948,70266
34.543036460876465,70266
34.544365882873535,70266
34.54524898529053,70266
34.54614472389221,70266
34.54702949523926,70266
34.548333406448364,70266
34.54921507835388,70266
34.55009627342224,70266
34.55139875411987,70266
34.55228400230408,70266
34.553168058395386,70266
34.55404806137085,70266
34.55535173416138,70266
34.55624532699585,70266
34.55712842941284,70266
34.55801200866699,70266
34.5593159198761,70266
34.560197830200195,70266
34.56107950210571,70266
34.56238555908203,70266
34.56327033042908,70266
34.5641553401947,70266
34.56503701210022,70266
34.56635355949402,70266
34.56723761558533,70266
34.56811785697937,70266
34.569422006607056,70266
34.57030200958252,70266
34.571184396743774,70266
34.57206416130066,70266
34.57336974143982,70266
34.57424974441528,70266
34.57513403892517,70266
34.57602834701538,70266
34.57736611366272,70266
34.57824969291687,70266
34.57913255691528,70266
34.58001780509949,70266
34.58132362365723,70266
34.58220338821411,70266
34.58308696746826,70266
34.58439111709595,70266
34.58527326583862,70266
34.586167097091675,70266
34.58705019950867,70266
34.588358879089355,70266
34.5892391204834,70266
34.59012317657471,70266
34.59100651741028,70266
34.592310667037964,70266
34.59319305419922,70266
34.594077348709106,70266
34.595383644104004,70266
34.59633946418762,70266
34.59721899032593,70266
34.59814167022705,70266
34.59904599189758,70266
34.60037350654602,70266
34.60125470161438,70266
34.602139949798584,70266
34.60304832458496,70266
34.604355335235596,70266
34.60523581504822,70266
34.60614085197449,70266
34.60704278945923,70266
34.608351707458496,70266
34.60923767089844,70266
34.610119581222534,70266
34.611005544662476,70266
34.61231064796448,70266
34.613194704055786,70266
34.61407780647278,70266
34.61538577079773,70266
34.61627912521362,70266
34.617164850234985,70266
34.61804747581482,70266
34.619356870651245,70266
34.620240688323975,70266
34.62112355232239,70266
34.62200856208801,70266
34.6233115196228,70266
34.624194622039795,70266
34.62507748603821,70266
34.62639355659485,70266
34.62727475166321,70266
34.628154039382935,70266
34.62903666496277,70266
34.630340576171875,70266
34.631221771240234,70266
34.63210391998291,70266
34.63340997695923,70266
34.63429284095764,70266
34.63517642021179,70266
34.6360650062561,70266
34.63736939430237,70266
34.638248443603516,70266
34.639129877090454,70266
34.64001131057739,70266
34.64131426811218,70266
34.64219903945923,70266
34.643078565597534,70266
34.64438033103943,70266
34.645262002944946,70266
34.646153926849365,70266
34.647034883499146,70266
34.64833950996399,70266
34.64921998977661,70266
34.65010166168213,70266
34.65140748023987,70266
34.6522901058197,70266
34.653175354003906,70266
34.654057025909424,70266
34.655362367630005,70266
34.65625262260437,70266
34.65713596343994,70266
34.65801692008972,70266
34.65931797027588,70266
34.6601996421814,70266
34.66108202934265,70266
34.662386417388916,70266
34.66326665878296,70266
34.66414785385132,70266
34.6650288105011,70266
34.666351079940796,70266
34.66723370552063,70266
34.668110609054565,70266
34.669416666030884,70266
34.67030048370361,70266
34.67118167877197,70266
34.67206168174744,70266
34.67336392402649,70266
34.67424392700195,70266
34.67512583732605,70266
34.676018476486206,70266
34.677319288253784,70266
34.67820143699646,70266
34.67908263206482,70266
34.68038558959961,70266
34.68126463890076,70266
34.68214535713196,70266
34.68302822113037,70266
34.68432855606079,70266
34.68521022796631,70266
34.68609929084778,70266
34.68740272521973,70266
34.68828463554382,70266
34.68916940689087,70266
34.69005274772644,70266
34.69135499000549,70266
34.69223594665527,70266
34.693113565444946,70266
34.694415807724,70266
34.6952965259552,70266
34.696186542510986,70266
34.69706654548645,70266
34.69836759567261,70266
34.699244260787964,70266
34.700122117996216,70266
34.701005935668945,70266
34.70230841636658,70266
34.70319175720215,70266
34.70407319068909,70266
34.70537495613098,70266
34.70626425743103,70266
34.707146644592285,70266
34.708027362823486,70266
34.70932698249817,70266
34.71020722389221,70266
34.711087703704834,70266
34.712388038635254,70266
34.7132670879364,70266
34.7141478061676,70266
34.715028047561646,70266
34.71634078025818,70266
34.717222452163696,70266
34.71810030937195,70266
34.7194037437439,70266
34.72028565406799,70266
34.721165895462036,70266
34.72204661369324,70266
34.72334814071655,70266
34.72422814369202,70266
34.72510576248169,70266
34.726418256759644,70266
34.72730016708374,70266
34.72818183898926,70266
34.729063510894775,70266
34.73036813735962,70266
34.73125171661377,70266
34.732134103775024,70266
34.73301601409912,70266
34.734320878982544,70266
34.73519945144653,70266
34.73609113693237,70266
34.73739290237427,70266
34.738274574279785,70266
34.73915433883667,70266
34.74003767967224,70266
34.741339445114136,70266
34.74221992492676,70266
34.74310040473938,70266
34.744006633758545,70266
34.74531102180481,70266
34.74620294570923,70266
34.74708700180054,70266
34.74839234352112,70266
34.749276876449585,70266
34.75015735626221,70266
34.751039028167725,70266
34.752341985702515,70266
34.75322413444519,70266
34.75410318374634,70266
34.755409240722656,70266
34.7563054561615,70266
34.75718808174133,70266
34.758073806762695,70266
34.759382009506226,70266
34.76026487350464,70266
34.76114869117737,70266
34.762033224105835,70266
34.763341665267944,70266
34.764225006103516,70266
34.76510572433472,70266
34.76642441749573,70266
34.76730680465698,70266
34.76819109916687,70266
34.7690749168396,70266
34.770379066467285,70266
34.77126455307007,70266
34.77215027809143,70266
34.77303385734558,70266
34.77434015274048,70266
34.775221824645996,70266
34.77611303329468,70266
34.777419567108154,70266
34.778305530548096,70266
34.77918720245361,70266
34.78007793426514,70266
34.78138518333435,70266
34.78226590156555,70266
34.78315019607544,70266
34.78403449058533,70266
34.78533983230591,70266
34.78623104095459,70266
34.787113189697266,70266
34.788421392440796,70266
34.789304971694946,70266
34.79019045829773,70266
34.79107642173767,70266
34.79238152503967,70266
34.79326558113098,70266
34.79414963722229,70266
34.79503393173218,70266
34.79635238647461,70266
34.79723381996155,70266
34.798115730285645,70266
34.799423933029175,70266
34.80031108856201,70266
34.80119609832764,70266
34.80208134651184,70266
34.80339193344116,70266
34.80427837371826,70266
34.80516219139099,70266
34.8060564994812,70266
34.80736494064331,70266
34.80825114250183,70266
34.8091356754303,70266
34.81001949310303,70266
34.81132650375366,70266
34.81221008300781,70266
34.813096046447754,70266
34.814404010772705,70266
34.81528615951538,70266
34.81618142127991,70266
34.81706404685974,70266
34.818373680114746,70266
34.81925821304321,70266
34.82014513015747,70266
34.82103085517883,70266
34.82233905792236,70266
34.82322287559509,70266
34.824106216430664,70266
34.82541513442993,70266
34.826311349868774,70266
34.82719445228577,70266
34.82807898521423,70266
34.829387187957764,70266
34.83027267456055,70266
34.83115792274475,70266
34.83204245567322,70266
34.833348751068115,70266
34.83423113822937,70266
34.83511400222778,70266
34.83600926399231,70266
34.83732008934021,70266
34.838204860687256,70266
34.839088439941406,70266
34.84039902687073,70266
34.84128475189209,70266
34.842167139053345,70266
34.843053102493286,70266
34.84435725212097,70266
34.84523677825928,70266
34.846126556396484,70266
34.84701180458069,70266
34.84831929206848,70266
34.84920120239258,70266
34.85008454322815,70266
34.85138940811157,70266
34.85227179527283,70266
34.85315799713135,70266
34.854042768478394,70266
34.855347633361816,70266
34.8562433719635,70266
34.85712814331055,70266
34.85801339149475,70266
34.8593168258667,70266
34.86020302772522,70266
34.86108636856079,70266
34.86239147186279,70266
34.86327409744263,70266
34.864157915115356,70266
34.865041732788086,70266
34.8663604259491,70266
34.86724281311035,70266
34.86812686920166,70266
34.86901116371155,70266
34.87031936645508,70266
34.87120270729065,70266
34.87208580970764,70266
34.873390197753906,70266
34.87427592277527,70266
34.875158071517944,70266
34.876052141189575,70266
34.877357721328735,70266
34.878241300582886,70266
34.87912726402283,70266
34.88001298904419,70266
34.88131666183472,70266
34.882198095321655,70266
34.883079528808594,70266
34.88438630104065,70266
34.88526511192322,70266
34.88615798950195,70266
34.88704252243042,70266
34.88834595680237,70266
34.88922715187073,70266
34.89010787010193,70266
34.891414642333984,70266
34.89229869842529,70266
34.893181562423706,70266
34.89406180381775,70266
34.89537763595581,70266
34.89626860618591,70266
34.89715337753296,70266
34.89803624153137,70266
34.89934182167053,70266
34.900224924087524,70266
34.90110421180725,70266
34.902411222457886,70266
34.9032940864563,70266
34.90417766571045,70266
34.90505862236023,70266
34.90637421607971,70266
34.907257318496704,70266
34.908141136169434,70266
34.909021854400635,70266
34.910327196121216,70266
34.91120529174805,70266
34.912086963653564,70266
34.91339063644409,70266
34.914275884628296,70266
34.91515922546387,70266
34.91604948043823,70266
34.91735243797302,70266
34.918235301971436,70266
34.91911721229553,70266
34.9204204082489,70266
34.92130470275879,70266
34.92218732833862,70266
34.92307162284851,70266
34.92437672615051,70266
34.925257205963135,70266
34.9261519908905,70266
34.92703557014465,70266
34.92833971977234,70266
34.92922019958496,70266
34.93010115623474,70266
34.93140959739685,70266
34.93203568458557,70266
34.93369150161743,70266
34.93452525138855,70266
34.93538784980774,70266
34.93626260757446,70266
34.93713116645813,70266
34.93879699707031,70266
34.939629793167114,70266
34.940492391586304,70266
34.94136428833008,70266
34.94223594665527,70266
34.94310545921326,70266
34.944769620895386,70266
34.945603370666504,70266
34.9464795589447,70266
34.947350025177,70266
34.9482216835022,70266
34.94909310340881,70266
34.95075559616089,70266
34.951589584350586,70266
34.95245099067688,70266
34.95332050323486,70266
34.954190731048584,70266
34.95506262779236,70266
34.95674014091492,70266
34.95757222175598,70266
34.95843458175659,70266
34.959304094314575,70266
34.960174322128296,70266
34.96104431152344,70266
34.962706327438354,70266
34.96354413032532,70266
34.96440649032593,70266
34.96527600288391,70266
34.966156244277954,70266
34.96702790260315,70266
34.96869373321533,70266
34.96953368186951,70266
34.97039771080017,70266
34.97126793861389,70266
34.97213792800903,70266
34.97300577163696,70266
34.97466421127319,70266
34.97552442550659,70266
34.976404428482056,70266
34.977275133132935,70266
34.97814893722534,70266
34.97901892662048,70266
34.98068690299988,70266
34.98154377937317,70266
34.982412815093994,70266
34.9832866191864,70266
34.98415493965149,70266
34.98502564430237,70266
34.98669195175171,70266
34.9875283241272,70266
34.988388538360596,70266
34.989259243011475,70266
34.99012756347656,70266
34.99179196357727,70266
34.99262237548828,70266
34.99348545074463,70266
34.994356632232666,70266
34.9952278137207,70266
34.99610924720764,70266
34.99777317047119,70266
34.99860596656799,70266
34.99946713447571,70266
35.00033950805664,70266
35.00121331214905,70266
35.00208306312561,70266
35.003745555877686,70266
35.00457739830017,70266
35.0054407119751,70266
35.00632047653198,70266
35.00719165802002,70266
35.008063077926636,70266
35.00972628593445,70266
35.0105619430542,70266
35.01142477989197,70266
35.012296199798584,70266
35.013163328170776,70266
35.01403260231018,70266
35.01570749282837,70266
35.016546964645386,70266
35.0174081325531,70266
35.01827836036682,70266
35.019150495529175,70266
35.020021200180054,70266
35.02168035507202,70266
35.02253603935242,70266
35.02340602874756,70266
35.02427530288696,70266
35.025144815444946,70266
35.026026487350464,70266
35.027689695358276,70266
35.028522968292236,70266
35.02938413619995,70266
35.03025460243225,70266
35.03112292289734,70266
35.03278613090515,70266
35.03361749649048,70266
35.03448009490967,70266
35.03534817695618,70266
35.036229610443115,70266
35.03709816932678,70266
35.03876209259033,70266
35.03959774971008,70266
35.04045748710632,70266
35.04132533073425,70266
35.042194843292236,70266
35.0430645942688,70266
35.044737100601196,70266
35.04557156562805,70266
35.046438217163086,70266
35.0473096370697,70266
35.04818272590637,70266
35.049052476882935,70266
35.05071520805359,70266
35.051555156707764,70266
35.05241775512695,70266
35.053287744522095,70266
35.054158210754395,70266
35.05502939224243,70266
35.05669713020325,70266
35.057533740997314,70266
35.058393478393555,70266
35.05926752090454,70266
35.060139894485474,70266
35.06101202964783,70266
35.06266689300537,70266
35.063525438308716,70266
35.06439423561096,70266
35.06526780128479,70266
35.066147327423096,70266
35.06701898574829,70266
35.06868314743042,70266
35.06954097747803,70266
35.070414781570435,70266
35.07128190994263,70266
35.07215118408203,70266
35.07301950454712,70266
35.07467031478882,70266
35.075533390045166,70266
35.076411485672,70266
35.07728147506714,70266
35.0781512260437,70266
35.07902121543884,70266
35.08068108558655,70266
35.08153557777405,70266
35.082403898239136,70266
35.08327388763428,70266
35.084141969680786,70266
35.085010290145874,70266
35.0866801738739,70266
35.08753728866577,70266
35.08840608596802,70266
35.08927655220032,70266
35.090147972106934,70266
35.09101915359497,70266
35.09268260002136,70266
35.093539237976074,70266
35.09441018104553,70266
35.09528160095215,70266
35.09616017341614,70266
35.097031354904175,70266
35.09869408607483,70266
35.099528551101685,70266
35.10038876533508,70266
35.10125684738159,70266
35.10212826728821,70266
35.103793144226074,70266
35.10462546348572,70266
35.105491161346436,70266
35.10637068748474,70266
35.10724186897278,70266
35.108112812042236,70266
35.109777212142944,70266
35.11061120033264,70266
35.1114764213562,70266
35.11234760284424,70266
35.113219261169434,70266
35.11408710479736,70266
35.11576867103577,70266
35.11660027503967,70266
35.11746335029602,70266
35.11833739280701,70266
35.11920690536499,70266
35.120078802108765,70266
35.121742963790894,70266
35.1225745677948,70266
35.123435974121094,70266
35.12430739402771,70266
35.125176191329956,70266
35.12605428695679,70266
35.12770986557007,70266
35.128549098968506,70266
35.129411935806274,70266
35.1302809715271,70266
35.13115191459656,70266
35.13202476501465,70266
35.13368463516235,70266
35.13453912734985,70266
35.13541030883789,70266
35.13628935813904,70266
35.137160301208496,70266
35.13802909851074,70266
35.13969087600708,70266
35.140527963638306,70266
35.14138960838318,70266
35.14225888252258,70266
35.14313006401062,70266
35.144797563552856,70266
35.145631313323975,70266
35.14650559425354,70266
35.147377729415894,70266
35.14824676513672,70266
35.149118185043335,70266
35.15078806877136,70266
35.151620626449585,70266
35.15248107910156,70266
35.15335011482239,70266
35.15422010421753,70266
35.155091524124146,70266
35.15676760673523,70266
35.15759873390198,70266
35.15846395492554,70266
35.15933108329773,70266
35.16020083427429,70266
35.16107130050659,70266
35.16273617744446,70266
35.16357135772705,70266
35.16443586349487,70266
35.16530799865723,70266
35.166187047958374,70266
35.167060136795044,70266
35.16872239112854,70266
35.169556617736816,70266
35.17042112350464,70266
35.17128849029541,70266
35.17215943336487,70266
35.17302846908569,70266
35.17468786239624,70266
35.17552328109741,70266
35.176393270492554,70266
35.177263021469116,70266
35.17813205718994,70266
35.17979669570923,70266
35.18062734603882,70266
35.18148922920227,70266
35.18235993385315,70266
35.183231592178345,70266
35.18410015106201,70266
35.1857795715332,70266
35.18661117553711,70266
35.18747305870056,70266
35.1883430480957,70266
35.18921494483948,70266
35.19008493423462,70266
35.19174861907959,70266
35.19258260726929,70266
35.193445444107056,70266
35.194313049316406,70266
35.1951847076416,70266
35.196062326431274,70266
35.19772934913635,70266
35.198561668395996,70266
35.199422121047974,70266
35.20029401779175,70266
35.20116376876831,70266
35.20203137397766,70266
35.203693151474,70266
35.20452618598938,70266
35.20538592338562,70266
35.20626497268677,70266
35.207136392593384,70266
35.20800733566284,70266
35.209662437438965,70266
35.21052169799805,70266
35.211389780044556,70266
35.212257862091064,70266
35.21312761306763,70266
35.21479296684265,70266
35.21562695503235,70266
35.21649742126465,70266
35.21736693382263,70266
35.218236684799194,70266
35.2191047668457,70266
35.220771074295044,70266
35.22160625457764,70266
35.2224702835083,70266
35.22333884239197,70266
35.22421145439148,70266
35.225080728530884,70266
35.226754665374756,70266
35.227588176727295,70266
35.22844886779785,70266
35.229318380355835,70266
35.23018836975098,70266
35.23105788230896,70266
35.23271822929382,70266
35.233559370040894,70266
35.234421253204346,70266
35.23529386520386,70266
35.23617458343506,70266
35.23704528808594,70266
35.23870801925659,70266
35.239543437957764,70266
35.240402936935425,70266
35.24127221107483,70266
35.2421395778656,70266
35.2430100440979,70266
35.24467206001282,70266
35.24553847312927,70266
35.246416330337524,70266
35.24728584289551,70266
35.24815654754639,70266
35.24902319908142,70266
35.25068640708923,70266
35.251543045043945,70266
35.252413511276245,70266
35.25328016281128,70266
35.25414967536926,70266
35.25502014160156,70266
35.2566921710968,70266
35.25752401351929,70266
35.25838279724121,70266
35.25925326347351,70266
35.26012349128723,70266
35.261789321899414,70266
35.26262354850769,70266
35.26348614692688,70266
35.264355182647705,70266
35.26522779464722,70266
35.26610612869263,70266
35.26776838302612,70266
35.26860070228577,70266
35.26946496963501,70266
35.270334005355835,70266
35.27120542526245,70266
35.27207612991333,70266
35.273741006851196,70266
35.274573802948,70266
35.27543640136719,70266
35.27632021903992,70266
35.27719187736511,70266
35.27806377410889,70266
35.27972650527954,70266
35.28055953979492,70266
35.28142023086548,70266
35.28229236602783,70266
35.2831654548645,70266
35.284035205841064,70266
35.285704612731934,70266
35.28654360771179,70266
35.28740620613098,70266
35.28827786445618,70266
35.28914928436279,70266
35.29002070426941,70266
35.291685581207275,70266
35.29254221916199,70266
35.29341125488281,70266
35.29428219795227,70266
35.295151472091675,70266
35.296029806137085,70266
35.29769253730774,70266
35.29852628707886,70266
35.29939079284668,70266
35.30025911331177,70266
35.30113077163696,70266
35.30279755592346,70266
35.30363154411316,70266
35.30449199676514,70266
35.30536198616028,70266
35.306241035461426,70266
35.307108879089355,70266
35.308780908584595,70266
35.30961489677429,70266
35.310476303100586,70266
35.31134819984436,70266
35.312217712402344,70266
35.313068866729736,70266
35.31472969055176,70266
35.315566539764404,70266
35.31644058227539,70266
35.31731081008911,70266
35.31818389892578,70266
35.31905555725098,70266
35.320717573165894,70266
35.32155442237854,70266
35.32241368293762,70266
35.3232843875885,70266
35.32415318489075,70266
35.32502269744873,70266
35.32669758796692,70266
35.32753133773804,70266
35.32839322090149,70266
35.329267263412476,70266
35.33013963699341,70266
35.33100724220276,70266
35.332666873931885,70266
35.33352780342102,70266
35.3343985080719,70266
35.335267543792725,70266
35.3361451625824,70266
35.33701705932617,70266
35.33867073059082,70266
35.33953404426575,70266
35.34040546417236,70266
35.34127449989319,70266
35.34214544296265,70266
35.34301447868347,70266
35.344677448272705,70266
35.34553241729736,70266
35.34640955924988,70266
35.347280502319336,70266
35.348151206970215,70266
35.34902238845825,70266
35.350685834884644,70266
35.351540327072144,70266
35.35240983963013,70266
35.35328531265259,70266
35.35415577888489,70266
35.355029582977295,70266
35.35669755935669,70266
35.357534885406494,70266
35.35839295387268,70266
35.35926151275635,70266
35.36013102531433,70266
35.361799478530884,70266
35.362633228302,70266
35.36349368095398,70266
35.36436414718628,70266
35.36523485183716,70266
35.366113901138306,70266
35.367777585983276,70266
35.36860990524292,70266
35.36947250366211,70266
35.370338678359985,70266
35.371208906173706,70266
35.372079372406006,70266
35.37373995780945,70266
35.37457299232483,70266
35.375433921813965,70266
35.37631583213806,70266
35.37718844413757,70266
35.378060817718506,70266
35.37972378730774,70266
35.38055872917175,70266
35.38142228126526,70266
35.38229179382324,70266
35.38316321372986,70266
35.38403248786926,70266
35.38570237159729,70266
35.38654065132141,70266
35.387402057647705,70266
35.38827085494995,70266
35.38913917541504,70266
35.39000701904297,70266
35.39166307449341,70266
35.39252543449402,70266
35.393396854400635,70266
35.39426779747009,70266
35.39514183998108,70266
35.39602088928223,70266
35.39767813682556,70266
35.39853501319885,70266
35.39940428733826,70266
35.40027475357056,70266
35.40114378929138,70266
35.40201163291931,70266
35.403666734695435,70266
35.404528856277466,70266
35.405399799346924,70266
35.40627908706665,70266
35.407150983810425,70266
35.40801930427551,70266
35.40968418121338,70266
35.410542488098145,70266
35.41141223907471,70266
35.412285566329956,70266
35.41315770149231,70266
35.41402888298035,70266
35.41570162773132,70266
35.416539907455444,70266
35.41740274429321,70266
35.41827416419983,70266
35.41914391517639,70266
35.42000937461853,70266
35.42166805267334,70266
35.422529220581055,70266
35.4233980178833,70266
35.42426824569702,70266
35.42514085769653,70266
35.42601680755615,70266
35.427680253982544,70266
35.42853903770447,70266
35.429407596588135,70266
35.43027424812317,70266
35.43114495277405,70266
35.43201470375061,70266
35.4336678981781,70266
35.43453001976013,70266
35.435402393341064,70266
35.436283111572266,70266
35.43715500831604,70266
35.438024282455444,70266
35.43968749046326,70266
35.44052481651306,70266
35.44138526916504,70266
35.44225597381592,70266
35.443124294281006,70266
35.444788694381714,70266
35.445618629455566,70266
35.44648718833923,70266
35.447357177734375,70266
35.448230028152466,70266
35.4491024017334,70266
35.450769662857056,70266
35.451600313186646,70266
35.45246386528015,70266
35.45333433151245,70266
35.45420503616333,70266
35.45507788658142,70266
35.45675468444824,70266
35.45758867263794,70266
35.45844912528992,70266
35.459320068359375,70266
35.460190773010254,70266
35.46106004714966,70266
35.46272277832031,70266
35.463560581207275,70266
35.46442222595215,70266
35.46529197692871,70266
35.46617245674133,70266
35.46704292297363,70266
35.46870231628418,70266
35.46953845024109,70266
35.470399141311646,70266
35.47126913070679,70266
35.472142457962036,70266
35.47301197052002,70266
35.47466707229614,70266
35.47553086280823,70266
35.47640824317932,70266
35.477280378341675,70266
35.478150844573975,70266
35.479024171829224,70266
35.48068571090698,70266
35.48154163360596,70266
35.482409954071045,70266
35.4832820892334,70266
35.48415446281433,70266
35.48502516746521,70266
35.486696004867554,70266
35.48753380775452,70266
35.48839712142944,70266
35.48926639556885,70266
35.490134954452515,70266
35.49100637435913,70266
35.49266004562378,70266
35.49352407455444,70266
35.49439573287964,70266
35.49526524543762,70266
35.49614763259888,70266
35.49701690673828,70266
35.498680114746094,70266
35.49953532218933,70266
35.50040364265442,70266
35.50126910209656,70266
35.50213670730591,70266
35.503007650375366,70266
35.50466847419739,70266
35.505531549453735,70266
35.50640940666199,70266
35.507280349731445,70266
35.508150577545166,70266
35.50902247428894,70266
35.51068425178528,70266
35.511544942855835,70266
35.512413024902344,70266
35.51328206062317,70266
35.51415181159973,70266
35.5150203704834,70266
35.516693353652954,70266
35.51752734184265,70266
35.51838779449463,70266
35.519259214401245,70266
35.52012872695923,70266
35.52179312705994,70266
35.522625207901,70266
35.52348613739014,70266
35.52435517311096,70266
35.52522611618042,70266
35.52610468864441,70266
35.52776885032654,70266
35.5286009311676,70266
35.52946424484253,70266
35.53033375740051,70266
35.53120160102844,70266
35.532074213027954,70266
35.533735513687134,70266
35.53457760810852,70266
35.535439252853394,70266
35.53631901741028,70266
35.53719186782837,70266
35.53805947303772,70266
35.539721965789795,70266
35.54055738449097,70266
35.541417598724365,70266
35.54228901863098,70266
35.543158531188965,70266
35.54403042793274,70266
35.545700788497925,70266
35.54653549194336,70266
35.54739785194397,70266
35.54826879501343,70266
35.549137353897095,70266
35.55000948905945,70266
35.5516631603241,70266
35.552523136138916,70266
35.55339169502258,70266
35.55426096916199,70266
35.55513095855713,70266
35.5560097694397,70266
35.55766534805298,70266
35.55852198600769,70266
35.55939197540283,70266
35.56026244163513,70266
35.56113243103027,70266
35.562798500061035,70266
35.56363034248352,70266
35.56449246406555,70266
35.565364599227905,70266
35.566245794296265,70266
35.5671181678772,70266
35.56878328323364,70266
35.56961417198181,70266
35.57047772407532,70266
35.571348667144775,70266
35.57222056388855,70266
35.57309150695801,70266
35.574753522872925,70266
35.57558560371399,70266
35.57645535469055,70266
35.57732605934143,70266
35.578197956085205,70266
35.57906723022461,70266
35.580726623535156,70266
35.581562519073486,70266
35.58242416381836,70266
35.583293437957764,70266
35.58416295051575,70266
35.58503293991089,70266
35.58670520782471,70266
35.587544441223145,70266
35.58840727806091,70266
35.589274883270264,70266
35.5901415348053,70266
35.59100794792175,70266
35.59266138076782,70266
35.59352684020996,70266
35.594393730163574,70266
35.595264196395874,70266
35.59614562988281,70266
35.59701466560364,70266
35.59869861602783,70266
35.59951639175415,70266
35.60033988952637,70266
35.60117220878601,70266
35.602009296417236,70266
35.60361337661743,70266
35.60444450378418,70266
35.60527586936951,70266
35.60611391067505,70266
35.607728719711304,70266
35.60855150222778,70266
35.60938096046448,70266
35.61021327972412,70266
35.61104774475098,70266
35.61265015602112,70266
35.61347794532776,70266
35.61430788040161,70266
35.615140438079834,70266
35.61676287651062,70266
35.617583990097046,70266
35.61841607093811,70266
35.61924767494202,70266
35.62008261680603,70266
35.621694564819336,70266
35.622517824172974,70266
35.62334585189819,70266
35.624178409576416,70266
35.62501072883606,70266
35.62662649154663,70266
35.627453565597534,70266
35.62828326225281,70266
35.62911367416382,70266
35.630725622177124,70266
35.63154888153076,70266
35.63238000869751,70266
35.633209228515625,70266
35.634040117263794,70266
35.63564395904541,70266
35.63648509979248,70266
35.637314796447754,70266
35.63814687728882,70266
35.63975787162781,70266
35.64058065414429,70266
35.641411781311035,70266
35.64224147796631,70266
35.64307451248169,70266
35.64468169212341,70266
35.64550471305847,70266
35.64634394645691,70266
35.647175312042236,70266
35.648008823394775,70266
35.64961814880371,70266
35.650447607040405,70266
35.65128040313721,70266
35.65211510658264,70266
35.65372133255005,70266
35.654545068740845,70266
35.65537214279175,70266
35.656211614608765,70266
35.657044410705566,70266
35.65865087509155,70266
35.659480571746826,70266
35.660311698913574,70266
35.661144971847534,70266
35.66275668144226,70266
35.66357922554016,70266
35.66441059112549,70266
35.66525626182556,70266
35.66627764701843,70266
35.667118310928345,70266
35.66874933242798,70266
35.66958570480347,70266
35.67042660713196,70266
35.67126727104187,70266
35.67211103439331,70266
35.67374300956726,70266
35.674577474594116,70266
35.675419330596924,70266
35.67626762390137,70266
35.67710494995117,70266
35.678733825683594,70266
35.67956852912903,70266
35.68040943145752,70266
35.68125128746033,70266
35.68208956718445,70266
35.68371796607971,70266
35.684555530548096,70266
35.68538570404053,70266
35.6862268447876,70266
35.68705892562866,70266
35.6886625289917,70266
35.68949484825134,70266
35.690324544906616,70266
35.69115614891052,70266
35.692776679992676,70266
35.69359803199768,70266
35.694427490234375,70266
35.695258378982544,70266
35.6961030960083,70266
35.69771099090576,70266
35.69853401184082,70266
35.699366331100464,70266
35.70019745826721,70266
35.701032876968384,70266
35.702637672424316,70266
35.70346546173096,70266
35.70429706573486,70266
35.70512938499451,70266
35.70674991607666,70266
35.70756936073303,70266
35.70839977264404,70266
35.70923161506653,70266
35.710063457489014,70266
35.71166634559631,70266
35.712493896484375,70266
35.713322162628174,70266
35.7141547203064,70266
35.715776443481445,70266
35.71659874916077,70266
35.7174277305603,70266
35.71826100349426,70266
35.71909213066101,70266
35.72070336341858,70266
35.72152805328369,70266
35.72235894203186,70266
35.72318625450134,70266
35.724021434783936,70266
35.725626707077026,70266
35.726465702056885,70266
35.72729468345642,70266
35.72812628746033,70266
35.72973990440369,70266
35.73056173324585,70266
35.73138928413391,70266
35.73221969604492,70266
35.733052492141724,70266
35.73465871810913,70266
35.73548936843872,70266
35.73633098602295,70266
35.73716592788696,70266
35.738776445388794,70266
35.73959732055664,70266
35.74042773246765,70266
35.74125695228577,70266
35.74208903312683,70266
35.74369764328003,70266
35.74451732635498,70266
35.74534797668457,70266
35.74618363380432,70266
35.747013568878174,70266
35.748610973358154,70266
35.74943828582764,70266
35.75026607513428,70266
35.75109100341797,70266
35.75269103050232,70266
35.75351023674011,70266
35.75433826446533,70266
35.75516724586487,70266
35.756781816482544,70266
35.757601261138916,70266
35.7584331035614,70266
35.75925874710083,70266
35.76008868217468,70266
35.76169228553772,70266
35.76251435279846,70266
35.76334309577942,70266
35.76417398452759,70266
35.765788316726685,70266
35.76660919189453,70266
35.767436265945435,70266
35.76826238632202,70266
35.76908874511719,70266
35.770686626434326,70266
35.77150583267212,70266
35.772334575653076,70266
35.773159980773926,70266
35.774768352508545,70266
35.775590658187866,70266
35.776429176330566,70266
35.77725625038147,70266
35.77808356285095,70266
35.779672145843506,70266
35.78049635887146,70266
35.781315088272095,70266
35.78214502334595,70266
35.7837495803833,70266
35.78456902503967,70266
35.78539252281189,70266
35.786226749420166,70266
35.78705620765686,70266
35.788654088974,70266
35.78948211669922,70266
35.790311098098755,70266
35.79114079475403,70266
35.79274034500122,70266
35.79356026649475,70266
35.794389724731445,70266
35.79521822929382,70266
35.79605460166931,70266
35.797651529312134,70266
35.79847812652588,70266
35.79930853843689,70266
35.8001344203949,70266
35.80174398422241,70266
35.802568197250366,70266
35.80339574813843,70266
35.80422306060791,70266
35.80505084991455,70266
35.80666208267212,70266
35.80749154090881,70266
35.80831861495972,70266
35.809144496917725,70266
35.81074810028076,70266
35.81156635284424,70266
35.81239461898804,70266
35.813223123550415,70266
35.81404757499695,70266
35.815640449523926,70266
35.81647610664368,70266
35.81730556488037,70266
35.818135023117065,70266
35.819742918014526,70266
35.82056427001953,70266
35.82139253616333,70266
35.82221961021423,70266
35.823049783706665,70266
35.82464551925659,70266
35.82547473907471,70266
35.82630944252014,70266
35.82714223861694,70266
35.82874846458435,70266
35.82957100868225,70266
35.83039927482605,70266
35.831228494644165,70266
35.83205485343933,70266
35.833654165267944,70266
35.834477186203,70266
35.83530592918396,70266
35.83614253997803,70266
35.837749004364014,70266
35.838571071624756,70266
35.839402198791504,70266
35.84023189544678,70266
35.841060400009155,70266
35.84265899658203,70266
35.84349012374878,70266
35.84432244300842,70266
35.84515190124512,70266
35.84676718711853,70266
35.84758901596069,70266
35.84841990470886,70266
35.84924912452698,70266
35.85008239746094,70266
35.851682901382446,70266
35.85250377655029,70266
35.85333228111267,70266
35.854164361953735,70266
35.855780363082886,70266
35.856600522994995,70266
35.85743165016174,70266
35.858261585235596,70266
35.85908794403076,70266
35.860687255859375,70266
35.86150789260864,70266
35.862332820892334,70266
35.86316156387329,70266
35.86476755142212,70266
35.86558651924133,70266
35.866424322128296,70266
35.86725091934204,70266
35.868080615997314,70266
35.86968469619751,70266
35.87050461769104,70266
35.87133741378784,70266
35.87216544151306,70266
35.873772621154785,70266
35.87459373474121,70266
35.875423431396484,70266
35.87626528739929,70266
35.87709283828735,70266
35.87869668006897,70266
35.87952256202698,70266
35.880346059799194,70266
35.881176471710205,70266
35.88200759887695,70266
35.88360667228699,70266
35.884440422058105,70266
35.885268688201904,70266
35.88610506057739,70266
35.88770604133606,70266
35.88852858543396,70266
35.88935923576355,70266
35.89018940925598,70266
35.89101958274841,70266
35.892616510391235,70266
35.8934440612793,70266
35.89427208900452,70266
35.89509892463684,70266
35.89671015739441,70266
35.89753079414368,70266
35.898359298706055,70266
35.899192571640015,70266
35.90002155303955,70266
35.90162110328674,70266
35.90244698524475,70266
35.903276681900024,70266
35.904106855392456,70266
35.9057183265686,70266
35.906537771224976,70266
35.90736365318298,70266
35.90819334983826,70266
35.909024238586426,70266
35.91062307357788,70266
35.91145348548889,70266
35.912280559539795,70266
35.913111448287964,70266
35.91471529006958,70266
35.91553497314453,70266
35.91637468338013,70266
35.91720533370972,70266
35.918034076690674,70266
35.91963529586792,70266
35.92046284675598,70266
35.92129063606262,70266
35.92212390899658,70266
35.92372798919678,70266
35.92454791069031,70266
35.92537832260132,70266
35.92621660232544,70266
35.92704510688782,70266
35.92864513397217,70266
35.929473638534546,70266
35.930302143096924,70266
35.931127309799194,70266
35.932732582092285,70266
35.93355059623718,70266
35.9343798160553,70266
35.93520784378052,70266
35.93604373931885,70266
35.937639236450195,70266
35.93846869468689,70266
35.93929481506348,70266
35.94012522697449,70266
35.941730260849,70266
35.942548751831055,70266
35.9433798789978,70266
35.94420385360718,70266
35.945027112960815,70266
35.94662880897522,70266
35.94746208190918,70266
35.94829440116882,70266
35.94912791252136,70266
35.950740575790405,70266
35.951563596725464,70266
35.952396869659424,70266
35.95323085784912,70266
35.954060077667236,70266
35.955665588378906,70266
35.95650815963745,70266
35.95734190940857,70266
35.95817041397095,70266
35.95978403091431,70266
35.96061086654663,70266
35.96144366264343,70266
35.962278604507446,70266
35.96311283111572,70266
35.96472430229187,70266
35.96554708480835,70266
35.96639084815979,70266
35.96722722053528,70266
35.9680609703064,70266
35.96966338157654,70266
35.970494985580444,70266
35.97132730484009,70266
35.97216010093689,70266
35.97377300262451,70266
35.97459673881531,70266
35.975433111190796,70266
35.97627663612366,70266
35.97710943222046,70266
35.9787175655365,70266
35.979543924331665,70266
35.98037767410278,70266
35.981212854385376,70266
35.98204684257507,70266
35.98365020751953,70266
35.98448443412781,70266
35.985318183898926,70266
35.9861626625061,70266
35.987778425216675,70266
35.98860692977905,70266
35.989437103271484,70266
35.99026918411255,70266
35.991103172302246,70266
35.99271082878113,70266
35.99353647232056,70266
35.99437165260315,70266
35.99520468711853,70266
35.99604511260986,70266
35.99764704704285,70266
35.998480558395386,70266
35.999313831329346,70266
36.00015306472778,70266
36.001771688461304,70266
36.002596855163574,70266
36.0034282207489,70266
36.00426363945007,70266
36.00509572029114,70266
36.00671124458313,70266
36.00753712654114,70266
36.00836896896362,70266
36.00920057296753,70266
36.01003050804138,70266
36.01163673400879,70266
36.01247024536133,70266
36.013304710388184,70266
36.014134883880615,70266
36.01575589179993,70266
36.01658344268799,70266
36.01741862297058,70266
36.01825213432312,70266
36.01908493041992,70266
36.02069664001465,70266
36.021522998809814,70266
36.02235507965088,70266
36.02318811416626,70266
36.024022579193115,70266
36.02562236785889,70266
36.02646517753601,70266
36.02729868888855,70266
36.02813172340393,70266
36.02974796295166,70266
36.030574560165405,70266
36.03140878677368,70266
36.03224468231201,70266
36.03308129310608,70266
36.034688234329224,70266
36.03551363945007,70266
36.03635573387146,70266
36.03718876838684,70266
36.03801989555359,70266
36.03962159156799,70266
36.04045557975769,70266
36.0412871837616,70266
36.042120933532715,70266
36.04372978210449,70266
36.04455590248108,70266
36.045389890670776,70266
36.04623365402222,70266
36.047064542770386,70266
36.048667907714844,70266
36.04949927330017,70266
36.05033349990845,70266
36.05116605758667,70266
36.05278396606445,70266
36.0536105632782,70266
36.05444383621216,70266
36.0552761554718,70266
36.05611968040466,70266
36.057732820510864,70266
36.05855751037598,70266
36.059391498565674,70266
36.06022357940674,70266
36.06105947494507,70266
36.06266260147095,70266
36.06349515914917,70266
36.064329385757446,70266
36.06516170501709,70266
36.06678485870361,70266
36.06760931015015,70266
36.068440675735474,70266
36.06927466392517,70266
36.07010841369629,70266
36.07171893119812,70266
36.07254481315613,70266
36.07337832450867,70266
36.07420992851257,70266
36.07504391670227,70266
36.076655626297,70266
36.07748484611511,70266
36.07831954956055,70266
36.07915544509888,70266
36.080766439437866,70266
36.08159112930298,70266
36.08242607116699,70266
36.08326292037964,70266
36.08409643173218,70266
36.08571815490723,70266
36.08654165267944,70266
36.08737587928772,70266
36.08820724487305,70266
36.089041233062744,70266
36.09064054489136,70266
36.09147310256958,70266
36.09230422973633,70266
36.09313893318176,70266
36.09475231170654,70266
36.09557867050171,70266
36.096423387527466,70266
36.09725618362427,70266
36.09809112548828,70266
36.09970188140869,70266
36.10052847862244,70266
36.10136532783508,70266
36.10219764709473,70266
36.10303044319153,70266
36.10463356971741,70266
36.105467081069946,70266
36.106305837631226,70266
36.10713768005371,70266
36.10875201225281,70266
36.10957860946655,70266
36.110408306121826,70266
36.11124038696289,70266
36.112072467803955,70266
36.11367917060852,70266
36.114506244659424,70266
36.115339279174805,70266
36.11618137359619,70266
36.11701416969299,70266
36.118613958358765,70266
36.11944532394409,70266
36.12027978897095,70266
36.12111282348633,70266
36.12272381782532,70266
36.12355041503906,70266
36.12438225746155,70266
36.125210762023926,70266
36.126051902770996,70266
36.127652168273926,70266
36.12848520278931,70266
36.12932062149048,70266
36.1301543712616,70266
36.13176727294922,70266
36.1325945854187,70266
36.1334285736084,70266
36.134259939193726,70266
36.135092973709106,70266
36.13671135902405,70266
36.137537479400635,70266
36.13837170600891,70266
36.13920450210571,70266
36.14003801345825,70266
36.14164352416992,70266
36.14247369766235,70266
36.143306255340576,70266
36.14414429664612,70266
36.14576959609985,70266
36.146594524383545,70266
36.14743113517761,70266
36.14826416969299,70266
36.149094581604004,70266
36.15070652961731,70266
36.151516914367676,70266
36.15235376358032,70266
36.15318751335144,70266
36.15402412414551,70266
36.15563726425171,70266
36.156481981277466,70266
36.15731883049011,70266
36.15815567970276,70266
36.15977764129639,70266
36.1606068611145,70266
36.16144633293152,70266
36.162280559539795,70266
36.16312026977539,70266
36.16474390029907,70266
36.16557216644287,70266
36.166419506073,70266
36.167258977890015,70266
36.16809272766113,70266
36.16971230506897,70266
36.170544147491455,70266
36.17137956619263,70266
36.172218322753906,70266
36.1730535030365,70266
36.17466425895691,70266
36.17550086975098,70266
36.176347732543945,70266
36.17718434333801,70266
36.178024768829346,70266
36.17963242530823,70266
36.18046760559082,70266
36.18130278587341,70266
36.18213963508606,70266
36.18376445770264,70266
36.18459415435791,70266
36.185431718826294,70266
36.186279296875,70266
36.187116622924805,70266
36.18873906135559,70266
36.18956899642944,70266
36.19040250778198,70266
36.19123935699463,70266
36.19207763671875,70266
36.19369435310364,70266
36.1945219039917,70266
36.195356369018555,70266
36.19620442390442,70266
36.19703936576843,70266
36.198654651641846,70266
36.199490785598755,70266
36.20032477378845,70266
36.20116710662842,70266
36.20279264450073,70266
36.20362043380737,70266
36.20445489883423,70266
36.20529127120972,70266
36.20613718032837,70266
36.20776128768921,70266
36.20859408378601,70266
36.20943522453308,70266
36.21027636528015,70266
36.211116552352905,70266
36.212737798690796,70266
36.2135694026947,70266
36.21410393714905,70266
36.21500897407532,70266
36.21633577346802,70266
36.21721601486206,70266
36.21810603141785,70266
36.219422817230225,70266
36.22030758857727,70266
36.221186876297,70266
36.22207474708557,70266
36.22339081764221,70266
36.22427201271057,70266
36.22515368461609,70266
36.226053953170776,70266
36.22735667228699,70266
36.22823977470398,70266
36.229119062423706,70266
36.23041915893555,70266
36.23130011558533,70266
36.23218011856079,70266
36.233060359954834,70266
36.23435950279236,70266
36.23523831367493,70266
36.2361273765564,70266
36.23701024055481,70266
36.238311767578125,70266
36.23918914794922,70266
36.24006986618042,70266
36.24137592315674,70266
36.24225687980652,70266
36.243138790130615,70266
36.24402642250061,70266
36.245330572128296,70266
36.24622392654419,70266
36.24710655212402,70266
36.24840569496155,70266
36.24928832054138,70266
36.25017046928406,70266
36.25105142593384,70266
36.25235295295715,70266
36.253233671188354,70266
36.25411343574524,70266
36.25541663169861,70266
36.25631070137024,70266
36.25719213485718,70266
36.25807213783264,70266
36.259373903274536,70266
36.26025676727295,70266
36.26113939285278,70266
36.262020111083984,70266
36.263322591781616,70266
36.264201641082764,70266
36.26508331298828,70266
36.266396045684814,70266
36.26727890968323,70266
36.26816272735596,70266
36.26904582977295,70266
36.27035212516785,70266
36.271236419677734,70266
36.27211952209473,70266
36.2734215259552,70266
36.27430558204651,70266
36.27518939971924,70266
36.27608251571655,70266
36.27738571166992,70266
36.278268575668335,70266
36.27915072441101,70266
36.280033349990845,70266
36.28133726119995,70266
36.28221893310547,70266
36.283101320266724,70266
36.28440618515015,70266
36.28528714179993,70266
36.28618121147156,70266
36.28706192970276,70266
36.28836488723755,70266
36.28924536705017,70266
36.29012703895569,70266
36.291011810302734,70266
36.29231333732605,70266
36.29319381713867,70266
36.294071674346924,70266
36.29537224769592,70266
36.296260356903076,70266
36.297144651412964,70266
36.29802870750427,70266
36.29932999610901,70266
36.30020833015442,70266
36.30108690261841,70266
36.30239009857178,70266
36.30327129364014,70266
36.30415201187134,70266
36.30503582954407,70266
36.30634903907776,70266
36.30723190307617,70266
36.30811285972595,70266
36.30941605567932,70266
36.31029796600342,70266
36.311179399490356,70266
36.312061071395874,70266
36.313385009765625,70266
36.314269065856934,70266
36.315150022506714,70266
36.31604290008545,70266
36.31734609603882,70266
36.318228244781494,70266
36.31910800933838,70266
36.32041335105896,70266
36.32129621505737,70266
36.32218027114868,70266
36.32306432723999,70266
36.3243625164032,70266
36.32524275779724,70266
36.3261342048645,70266
36.32701635360718,70266
36.32832098007202,70266
36.329206466674805,70266
36.33008933067322,70266
36.3313934803009,70266
36.33227586746216,70266
36.333157777786255,70266
36.334041595458984,70266
36.33534574508667,70266
36.33623480796814,70266
36.33711385726929,70266
36.33841800689697,70266
36.33930587768555,70266
36.340187311172485,70266
36.34106516838074,70266
36.342368602752686,70266
36.34324860572815,70266
36.34415411949158,70266
36.34503674507141,70266
36.346354246139526,70266
36.347235441207886,70266
36.348116874694824,70266
36.349422454833984,70266
36.35030698776245,70266
36.35119032859802,70266
36.35207200050354,70266
36.353374004364014,70266
36.35425424575806,70266
36.35513877868652,70266
36.35603427886963,70266
36.357341051101685,70266
36.358222246170044,70266
36.35910224914551,70266
36.36040496826172,70266
36.36129021644592,70266
36.36217427253723,70266
36.36305594444275,70266
36.36436319351196,70266
36.36524772644043,70266
36.36614108085632,70266
36.36702537536621,70266
36.36833214759827,70266
36.36921525001526,70266
36.37009906768799,70266
36.37140083312988,70266
36.37228488922119,70266
36.37316679954529,70266
36.37404823303223,70266
36.37535309791565,70266
36.37624740600586,70266
36.377131938934326,70266
36.37801432609558,70266
36.37931942939758,70266
36.38020157814026,70266
36.38108682632446,70266
36.382389307022095,70266
36.383273124694824,70266
36.38415241241455,70266
36.385034799575806,70266
36.3863468170166,70266
36.387229681015015,70266
36.38811445236206,70266
36.389416456222534,70266
36.390299797058105,70266
36.391183376312256,70266
36.392064571380615,70266
36.393364667892456,70266
36.394246101379395,70266
36.3951256275177,70266
36.39602518081665,70266
36.39733028411865,70266
36.39821100234985,70266
36.399089097976685,70266
36.400389432907104,70266
36.40127110481262,70266
36.40215253829956,70266
36.40303373336792,70266
36.40433669090271,70266
36.40521764755249,70266
36.406107902526855,70266
36.40741229057312,70266
36.40829539299011,70266
36.409175395965576,70266
36.410056591033936,70266
36.41136360168457,70266
36.412245988845825,70266
36.41312837600708,70266
36.414013147354126,70266
36.41531682014465,70266
36.41621279716492,70266
36.417094707489014,70266
36.418397426605225,70266
36.41928029060364,70266
36.420165061950684,70266
36.42104768753052,70266
36.42235326766968,70266
36.4232337474823,70266
36.42411208152771,70266
36.42541480064392,70266
36.42630577087402,70266
36.427186727523804,70266
36.42806673049927,70266
36.42937159538269,70266
36.43025016784668,70266
36.431129932403564,70266
36.43201208114624,70266
36.43331742286682,70266
36.434199810028076,70266
36.435081005096436,70266
36.43639397621155,70266
36.43727660179138,70266
36.43816089630127,70266
36.4390435218811,70266
36.44034743309021,70266
36.441226959228516,70266
36.44210696220398,70266
36.44341039657593,70266
36.444289445877075,70266
36.445168018341064,70266
36.446059703826904,70266
36.4473614692688,70266
36.44824147224426,70266
36.449118852615356,70266
36.45042157173157,70266
36.45130681991577,70266
36.45219016075134,70266
36.453070402145386,70266
36.4543719291687,70266
36.455251693725586,70266
36.45614290237427,70266
36.45702314376831,70266
36.45832180976868,70266
36.45920276641846,70266
36.460081338882446,70266
36.461384534835815,70266
36.462265968322754,70266
36.46314716339111,70266
36.464030504226685,70266
36.46533560752869,70266
36.46622395515442,70266
36.467106103897095,70266
36.46840715408325,70266
36.46928811073303,70266
36.47016763687134,70266
36.47104787826538,70266
36.47234797477722,70266
36.473228216171265,70266
36.4741096496582,70266
36.475414514541626,70266
36.47630739212036,70266
36.47718930244446,70266
36.47807002067566,70266
36.47936987876892,70266
36.48025107383728,70266
36.48113226890564,70266
36.48201537132263,70266
36.483320236206055,70266
36.48420214653015,70266
36.48508286476135,70266
36.48639750480652,70266
36.48728060722351,70266
36.4881591796875,70266
36.48903965950012,70266
36.49034094810486,70266
36.49121952056885,70266
36.49209928512573,70266
36.49340295791626,70266
36.49428367614746,70266
36.4951651096344,70266
36.49605631828308,70266
36.497358560562134,70266
36.49823760986328,70266
36.49911618232727,70266
36.500418186187744,70266
36.501301288604736,70266
36.50218176841736,70266
36.503060817718506,70266
36.504364252090454,70266
36.50524425506592,70266
36.506134033203125,70266
36.5070161819458,70266
36.50831937789917,70266
36.50920104980469,70266
36.51008176803589,70266
36.5113844871521,70266
36.51226353645325,70266
36.51314353942871,70266
36.51402497291565,70266
36.515324115753174,70266
36.516212940216064,70266
36.517096281051636,70266
36.51840329170227,70266
36.519285678863525,70266
36.520166635513306,70266
36.52104902267456,70266
36.52235126495361,70266
36.523229122161865,70266
36.524107694625854,70266
36.52540636062622,70266
36.5262975692749,70266
36.527177810668945,70266
36.52805733680725,70266
36.52935814857483,70266
36.53023838996887,70266
36.5311176776886,70266
36.532421350479126,70266
36.53330206871033,70266
36.53418159484863,70266
36.535062074661255,70266
36.536375999450684,70266
36.53725337982178,70266
36.53813290596008,70266
36.5390145778656,70266
36.540316104888916,70266
36.54119849205017,70266
36.54207754135132,70266
36.54337954521179,70266
36.54428720474243,70266
36.54517149925232,70266
36.546064376831055,70266
36.547367811203,70266
36.548248529434204,70266
36.54912829399109,70266
36.550013065338135,70266
36.55131459236145,70266
36.55219483375549,70266
36.55307674407959,70266
36.55437922477722,70266
36.555261850357056,70266
36.556156635284424,70266
36.55704045295715,70266
36.558342933654785,70266
36.55922508239746,70266
36.560105085372925,70266
36.56140494346619,70266
36.5622878074646,70266
36.56317162513733,70266
36.56405329704285,70266
36.56535744667053,70266
36.56624984741211,70266
36.56713318824768,70266
36.56801748275757,70266
36.56932234764099,70266
36.57020449638367,70266
36.57108664512634,70266
36.57239103317261,70266
36.573272466659546,70266
36.57415294647217,70266
36.575035572052,70266
36.576353549957275,70266
36.577264070510864,70266
36.57814645767212,70266
36.57903075218201,70266
36.58033084869385,70266
36.58121371269226,70266
36.58209490776062,70266
36.583399057388306,70266
36.58428168296814,70266
36.58516240119934,70266
36.586055517196655,70266
36.587361335754395,70266
36.58824181556702,70266
36.58912229537964,70266
36.59000372886658,70266
36.59131050109863,70266
36.59219241142273,70266
36.59307408332825,70266
36.59437656402588,70266
36.59525775909424,70266
36.59615445137024,70266
36.59703469276428,70266
36.598336696624756,70266
36.59908890724182,70266
36.600241899490356,70266
36.601128816604614,70266
36.60203504562378,70266
36.603360652923584,70266
36.60424566268921,70266
36.605130672454834,70266
36.60604691505432,70266
36.6073534488678,70266
36.60823607444763,70266
36.60911750793457,70266
36.610424280166626,70266
36.61130905151367,70266
36.61219143867493,70266
36.61307096481323,70266
36.61438035964966,70266
36.615264654159546,70266
36.61615705490112,70266
36.617042541503906,70266
36.61835050582886,70266
36.619234561920166,70266
36.62011480331421,70266
36.621421813964844,70266
36.62230825424194,70266
36.62319207191467,70266
36.62407302856445,70266
36.62537956237793,70266
36.62627172470093,70266
36.627155780792236,70266
36.62804055213928,70266
36.629347801208496,70266
36.63022994995117,70266
36.63111233711243,70266
36.63241720199585,70266
36.63330364227295,70266
36.63419032096863,70266
36.635074615478516,70266
36.63639163970947,70266
36.637277603149414,70266
36.6381573677063,70266
36.63904023170471,70266
36.640345096588135,70266
36.64123058319092,70266
36.64211106300354,70266
36.64341950416565,70266
36.64430332183838,70266
36.64518618583679,70266
36.64607787132263,70266
36.64738154411316,70266
36.6482629776001,70266
36.64914536476135,70266
36.65002989768982,70266
36.65133738517761,70266
36.652217864990234,70266
36.65309977531433,70266
36.65440368652344,70266
36.65528750419617,70266
36.6561815738678,70266
36.65706419944763,70266
36.65836834907532,70266
36.659249782562256,70266
36.66013288497925,70266
36.661015033721924,70266
36.66231822967529,70266
36.66320013999939,70266
36.6640841960907,70266
36.665390491485596,70266
36.66628336906433,70266
36.667165994644165,70266
36.66804766654968,70266
36.66935420036316,70266
36.67023706436157,70266
36.671117544174194,70266
36.6724169254303,70266
36.673300981521606,70266
36.67418384552002,70266
36.67506790161133,70266
36.67638611793518,70266
36.677268981933594,70266
36.67815399169922,70266
36.67903709411621,70266
36.680341958999634,70266
36.68122410774231,70266
36.682106494903564,70266
36.683409214019775,70266
36.684292793273926,70266
36.68517589569092,70266
36.68606781959534,70266
36.68737173080444,70266
36.68825149536133,70266
36.689136266708374,70266
36.69001865386963,70266
36.69132685661316,70266
36.6922070980072,70266
36.693090200424194,70266
36.69439458847046,70266
36.69527840614319,70266
36.69617056846619,70266
36.697051763534546,70266
36.698357582092285,70266
36.69923806190491,70266
36.70011901855469,70266
36.701422452926636,70266
36.70230579376221,70266
36.70318651199341,70266
36.70407009124756,70266
36.70537328720093,70266
36.706265926361084,70266
36.7071475982666,70266
36.70803189277649,70266
36.70933508872986,70266
36.710217237472534,70266
36.71110200881958,70266
36.71240568161011,70266
36.71329593658447,70266
36.714178800582886,70266
36.71506142616272,70266
36.71637582778931,70266
36.71725416183472,70266
36.71813702583313,70266
36.7190203666687,70266
36.720322608947754,70266
36.72120404243469,70266
36.722087383270264,70266
36.72339487075806,70266
36.72427749633789,70266
36.72515940666199,70266
36.7260525226593,70266
36.72735905647278,70266
36.72823929786682,70266
36.729119539260864,70266
36.73000526428223,70266
36.73130941390991,70266
36.73219156265259,70266
36.733073234558105,70266
36.73437714576721,70266
36.73525881767273,70266
36.73615097999573,70266
36.73703384399414,70266
36.73833870887756,70266
36.73922157287598,70266
36.74010348320007,70266
36.74140930175781,70266
36.742292404174805,70266
36.74317741394043,70266
36.74408268928528,70266
36.745391845703125,70266
36.74628520011902,70266
36.747169971466064,70266
36.74805474281311,70266
36.74935865402222,70266
36.75024151802063,70266
36.75112318992615,70266
36.75200366973877,70266
36.75330686569214,70266
36.75419044494629,70266
36.755072593688965,70266
36.756389141082764,70266
36.75727462768555,70266
36.7581582069397,70266
36.759045362472534,70266
36.760355949401855,70266
36.76124024391174,70266
36.7621214389801,70266
36.763007402420044,70266
36.76431369781494,70266
36.76519513130188,70266
36.766087770462036,70266
36.767395973205566,70266
36.76828169822693,70266
36.76916742324829,70266
36.77005195617676,70266
36.77136254310608,70266
36.77224397659302,70266
36.77312922477722,70266
36.774014949798584,70266
36.7753267288208,70266
36.776219606399536,70266
36.77710318565369,70266
36.778412103652954,70266
36.77929902076721,70266
36.78018403053284,70266
36.781068563461304,70266
36.782374143600464,70266
36.783257246017456,70266
36.78414487838745,70266
36.78503108024597,70266
36.78635120391846,70266
36.787235498428345,70266
36.788118839263916,70266
36.78900647163391,70266
36.790311336517334,70266
36.79119300842285,70266
36.792078256607056,70266
36.79338455200195,70266
36.794267654418945,70266
36.79515361785889,70266
36.7960479259491,70266
36.79735493659973,70266
36.79823851585388,70266
36.79912090301514,70266
36.800007581710815,70266
36.80131411552429,70266
36.80219864845276,70266
36.80308294296265,70266
36.804388999938965,70266
36.80527353286743,70266
36.806166887283325,70266
36.80704998970032,70266
36.80836009979248,70266
36.809242248535156,70266
36.810123920440674,70266
36.81100845336914,70266
36.81231689453125,70266
36.81320095062256,70266
36.81408357620239,70266
36.81538987159729,70266
36.816282987594604,70266
36.817168951034546,70266
36.81805205345154,70266
36.819358587265015,70266
36.82024264335632,70266
36.82112526893616,70266
36.822009325027466,70266
36.82331323623657,70266
36.82419729232788,70266
36.82508301734924,70266
36.826398611068726,70266
36.82728457450867,70266
36.828166484832764,70266
36.829050064086914,70266
36.83035945892334,70266
36.83124232292175,70266
36.83212375640869,70266
36.83300828933716,70266
36.834314823150635,70266
36.835198402404785,70266
36.83609080314636,70266
36.8373966217041,70266
36.8382785320282,70266
36.83916425704956,70266
36.84004878997803,70266
36.8413565158844,70266
36.84224081039429,70266
36.84312415122986,70266
36.84400701522827,70266
36.84531259536743,70266
36.84620714187622,70266
36.847089767456055,70266
36.84839487075806,70266
36.849279165267944,70266
36.85016465187073,70266
36.851051568984985,70266
36.85235857963562,70266
36.853243589401245,70266
36.85412669181824,70266
36.8550124168396,70266
36.8563289642334,70266
36.85721302032471,70266
36.858094930648804,70266
36.85940361022949,70266
36.86028695106506,70266
36.86116814613342,70266
36.86205244064331,70266
36.86335730552673,70266
36.86423993110657,70266
36.8651225566864,70266
36.86601948738098,70266
36.86732769012451,70266
36.8682119846344,70266
36.869096517562866,70266
36.87040185928345,70266
36.87128710746765,70266
36.87216830253601,70266
36.873051404953,70266
36.874358892440796,70266
36.875242471694946,70266
36.87613248825073,70266
36.877020835876465,70266
36.878329277038574,70266
36.87921380996704,70266
36.88009810447693,70266
36.88140320777893,70266
36.88228940963745,70266
36.883174657821655,70266
36.88406157493591,70266
36.88536739349365,70266
36.88625931739807,70266
36.887144804000854,70266
36.88803315162659,70266
36.88933992385864,70266
36.890220642089844,70266
36.89110207557678,70266
36.89240741729736,70266
36.89329147338867,70266
36.8941752910614,70266
36.895055532455444,70266
36.896371364593506,70266
36.89725303649902,70266
36.89813947677612,70266
36.89902305603027,70266
36.900328397750854,70266
36.90121078491211,70266
36.90209484100342,70266
36.903401613235474,70266
36.904289960861206,70266
36.90517497062683,70266
36.906068563461304,70266
36.90737438201904,70266
36.90825843811035,70266
36.909144163131714,70266
36.91002631187439,70266
36.9113335609436,70266
36.9122154712677,70266
36.91309905052185,70266
36.91440558433533,70266
36.91528844833374,70266
36.91618323326111,70266
36.91706466674805,70266
36.91837286949158,70266
36.91925501823425,70266
36.92013907432556,70266
36.92102599143982,70266
36.92233395576477,70266
36.92321825027466,70266
36.924099922180176,70266
36.92540621757507,70266
36.926300048828125,70266
36.927183628082275,70266
36.92806696891785,70266
36.92937350273132,70266
36.93025350570679,70266
36.931134939193726,70266
36.932018518447876,70266
36.93332576751709,70266
36.93420457839966,70266
36.93508791923523,70266
36.93640470504761,70266
36.93729043006897,70266
36.93817377090454,70266
36.93905782699585,70266
36.940367698669434,70266
36.94124984741211,70266
36.9421329498291,70266
36.943016052246094,70266
36.944344997406006,70266
36.94522833824158,70266
36.94612097740173,70266
36.94700789451599,70266
36.948312520980835,70266
36.94919419288635,70266
36.95007801055908,70266
36.95138430595398,70266
36.95226502418518,70266
36.95314812660217,70266
36.954033851623535,70266
36.95534110069275,70266
36.956233739852905,70266
36.95711708068848,70266
36.95842432975769,70266
36.95930814743042,70266
36.96019005775452,70266
36.96107339859009,70266
36.962380170822144,70266
36.96326231956482,70266
36.964147090911865,70266
36.96502947807312,70266
36.966346740722656,70266
36.96722936630249,70266
36.968111991882324,70266
36.96941685676575,70266
36.970298528671265,70266
36.97118353843689,70266
36.97207021713257,70266
36.97338056564331,70266
36.97426199913025,70266
36.97514629364014,70266
36.976046562194824,70266
36.97735285758972,70266
36.9782350063324,70266
36.97912001609802,70266
36.98000431060791,70266
36.98130822181702,70266
36.98219108581543,70266
36.98307204246521,70266
36.984379291534424,70266
36.98526453971863,70266
36.986162424087524,70266
36.98704671859741,70266
36.98835229873657,70266
36.989235401153564,70266
36.99011754989624,70266
36.99142098426819,70266
36.992305517196655,70266
36.99318718910217,70266
36.99407124519348,70266
36.995378732681274,70266
36.99626684188843,70266
36.99715065956116,70266
36.99803400039673,70266
36.99933886528015,70266
37.00022339820862,70266
37.001105070114136,70266
37.002410888671875,70266
37.00329518318176,70266
37.004178524017334,70266
37.00505971908569,70266
37.00637483596802,70266
37.007256746292114,70266
37.00813865661621,70266
37.0090229511261,70266
37.01033043861389,70266
37.011213302612305,70266
37.01209831237793,70266
37.013405561447144,70266
37.01429080963135,70266
37.015172481536865,70266
37.016066789627075,70266
37.017372846603394,70266
37.01825451850891,70266
37.019139766693115,70266
37.020023822784424,70266
37.02132725715637,70266
37.022210359573364,70266
37.02309203147888,70266
37.02439999580383,70266
37.02528476715088,70266
37.02617645263672,70266
37.02705931663513,70266
37.02836346626282,70266
37.02924704551697,70266
37.030128479003906,70266
37.03101420402527,70266
37.03231739997864,70266
37.033199071884155,70266
37.03408408164978,70266
37.03538966178894,70266
37.036283016204834,70266
37.03716540336609,70266
37.03804922103882,70266
37.03935527801514,70266
37.04024052619934,70266
37.041120529174805,70266
37.0420036315918,70266
37.043309688568115,70266
37.04419207572937,70266
37.045074701309204,70266
37.04638957977295,70266
37.047274351119995,70266
37.04815602302551,70266
37.04903864860535,70266
37.05034565925598,70266
37.051228761672974,70266
37.05211329460144,70266
37.05341696739197,70266
37.05430030822754,70266
37.05518341064453,70266
37.05607891082764,70266
37.05738592147827,70266
37.05827260017395,70266
37.05915570259094,70266
37.06003975868225,70266
37.061344623565674,70266
37.06222867965698,70266
37.06311011314392,70266
37.06441593170166,70266
37.065300941467285,70266
37.066195249557495,70266
37.067081451416016,70266
37.06838798522949,70266
37.06927227973938,70266
37.070157527923584,70266
37.07104420661926,70266
37.0723512172699,70266
37.07323360443115,70266
37.07411503791809,70266
37.075003147125244,70266
37.07631874084473,70266
37.07719850540161,70266
37.07808303833008,70266
37.079389333724976,70266
37.08027386665344,70266
37.08115744590759,70266
37.08203887939453,70266
37.08334541320801,70266
37.08422803878784,70266
37.0851092338562,70266
37.086005210876465,70266
37.087311029434204,70266
37.08819365501404,70266
37.08907628059387,70266
37.09038305282593,70266
37.09126806259155,70266
37.092150926589966,70266
37.09303617477417,70266
37.0943443775177,70266
37.09522771835327,70266
37.09611892700195,70266
37.09700298309326,70266
37.09830951690674,70266
37.09919333457947,70266
37.1000771522522,70266
37.10138273239136,70266
37.1022675037384,70266
37.10315418243408,70266
37.10403871536255,70266
37.105342626571655,70266
37.10623741149902,70266
37.10712242126465,70266
37.10800623893738,70266
37.10931158065796,70266
37.11019492149353,70266
37.11107897758484,70266
37.11238408088684,70266
37.113264083862305,70266
37.11414647102356,70266
37.11503267288208,70266
37.11635112762451,70266
37.11723494529724,70266
37.11811590194702,70266
37.11942100524902,70266
37.12030577659607,70266
37.1211884021759,70266
37.122069120407104,70266
37.123374462127686,70266
37.124258041381836,70266
37.12514019012451,70266
37.12603521347046,70266
37.127342224121094,70266
37.128222942352295,70266
37.129106760025024,70266
37.13041377067566,70266
37.131298780441284,70266
37.1321804523468,70266
37.13306450843811,70266
37.13437080383301,70266
37.13525438308716,70266
37.136150598526,70266
37.137035608291626,70266
37.13834190368652,70266
37.13922142982483,70266
37.14010286331177,70266
37.14140844345093,70266
37.142292499542236,70266
37.143173694610596,70266
37.14407777786255,70266
37.14538788795471,70266
37.14628195762634,70266
37.14716577529907,70266
37.148048877716064,70266
37.14935255050659,70266
37.150251150131226,70266
37.15114617347717,70266
37.15202879905701,70266
37.15333414077759,70266
37.15421438217163,70266
37.155096769332886,70266
37.156415700912476,70266
37.157299518585205,70266
37.158183336257935,70266
37.159064292907715,70266
37.160370111465454,70266
37.161253452301025,70266
37.162137269973755,70266
37.163020610809326,70266
37.164328813552856,70266
37.16521072387695,70266
37.16610264778137,70266
37.16740798950195,70266
37.16829180717468,70266
37.1691780090332,70266
37.17005968093872,70266
37.17136287689209,70266
37.17224144935608,70266
37.17312407493591,70266
37.17400574684143,70266
37.175312519073486,70266
37.17620635032654,70266
37.17709016799927,70266
37.17839789390564,70266
37.179283142089844,70266
37.180166482925415,70266
37.18104791641235,70266
37.1823570728302,70266
37.18324160575867,70266
37.184123277664185,70266
37.18500781059265,70266
37.18632793426514,70266
37.18720984458923,70266
37.188093423843384,70266
37.189398765563965,70266
37.19028091430664,70266
37.191163063049316,70266
37.19204831123352,70266
37.19335436820984,70266
37.194236516952515,70266
37.19511818885803,70266
37.19601368904114,70266
37.197317123413086,70266
37.19820022583008,70266
37.19908261299133,70266
37.20038819313049,70266
37.20127487182617,70266
37.20215654373169,70266
37.203038930892944,70266
37.204362630844116,70266
37.20524787902832,70266
37.20613956451416,70266
37.207045555114746,70266
37.2083694934845,70266
37.20925283432007,70266
37.21013784408569,70266
37.211021423339844,70266
37.21232724189758,70266
37.213210344314575,70266
37.21409249305725,70266
37.215399503707886,70266
37.21629500389099,70266
37.21717882156372,70266
37.21806192398071,70266
37.21936917304993,70266
37.22024965286255,70266
37.221131563186646,70266
37.222015142440796,70266
37.2233202457428,70266
37.2241997718811,70266
37.22508645057678,70266
37.22640109062195,70266
37.227285861968994,70266
37.228169202804565,70266
37.22905135154724,70266
37.23035502433777,70266
37.23123836517334,70266
37.23211979866028,70266
37.23342227935791,70266
37.234304904937744,70266
37.235193490982056,70266
37.23608469963074,70266
37.237388372421265,70266
37.23827242851257,70266
37.23915410041809,70266
37.24003624916077,70266
37.24134302139282,70266
37.24222421646118,70266
37.2431058883667,70266
37.24440956115723,70266
37.245291233062744,70266
37.246185541152954,70266
37.247066497802734,70266
37.24837279319763,70266
37.24925446510315,70266
37.250136375427246,70266
37.2510187625885,70266
37.25232148170471,70266
37.253204584121704,70266
37.254087686538696,70266
37.255391359329224,70266
37.25628352165222,70266
37.257166147232056,70266
37.25804781913757,70266
37.25935101509094,70266
37.260231018066406,70266
37.2611141204834,70266
37.262418270111084,70266
37.26330542564392,70266
37.26418662071228,70266
37.2650671005249,70266
37.266382455825806,70266
37.26726722717285,70266
37.26815176010132,70266
37.269036293029785,70266
37.270339250564575,70266
37.27122211456299,70266
37.27210259437561,70266
37.27340292930603,70266
37.274285554885864,70266
37.275168895721436,70266
37.27606010437012,70266
37.27736854553223,70266
37.27825164794922,70266
37.27913451194763,70266
37.28001952171326,70266
37.281325578689575,70266
37.28220844268799,70266
37.28309464454651,70266
37.28439998626709,70266
37.285282611846924,70266
37.28617548942566,70266
37.28705668449402,70266
37.28836154937744,70266
37.289244651794434,70266
37.290127992630005,70266
37.291013956069946,70266
37.29231786727905,70266
37.29319739341736,70266
37.29408025741577,70266
37.295382022857666,70266
37.29626941680908,70266
37.2971510887146,70266
37.29803466796875,70266
37.29933738708496,70266
37.30021953582764,70266
37.30110192298889,70266
37.30240559577942,70266
37.30328965187073,70266
37.30417346954346,70266
37.305058002471924,70266
37.3063747882843,70266
37.30725693702698,70266
37.30813932418823,70266
37.30902314186096,70266
37.310325145721436,70266
37.31120753288269,70266
37.31208920478821,70266
37.31341576576233,70266
37.31430244445801,70266
37.31518769264221,70266
37.31608009338379,70266
37.31738495826721,70266
37.318267822265625,70266
37.31915235519409,70266
37.32003593444824,70266
37.32134222984314,70266
37.322221994400024,70266
37.32310366630554,70266
37.324406147003174,70266
37.32528829574585,70266
37.32618045806885,70266
37.3270628452301,70266
37.328367948532104,70266
37.329249143600464,70266
37.330132484436035,70266
37.33101415634155,70266
37.332319021224976,70266
37.333200454711914,70266
37.334084272384644,70266
37.335386753082275,70266
37.33627772331238,70266
37.337159872055054,70266
37.33804249763489,70266
37.33934664726257,70266
37.34022641181946,70266
37.34110403060913,70266
37.34240674972534,70266
37.34329175949097,70266
37.344200134277344,70266
37.34508228302002,70266
37.3463990688324,70266
37.347283124923706,70266
37.348166704177856,70266
37.34904932975769,70266
37.350353717803955,70266
37.35123682022095,70266
37.352118253707886,70266
37.353419065475464,70266
37.3543004989624,70266
37.355183839797974,70266
37.356072664260864,70266
37.35737681388855,70266
37.35825991630554,70266
37.359143018722534,70266
37.36002779006958,70266
37.361331939697266,70266
37.362213373184204,70266
37.363096952438354,70266
37.364397048950195,70266
37.365281105041504,70266
37.366175413131714,70266
37.36705756187439,70266
37.36836123466492,70266
37.36924195289612,70266
37.370121479034424,70266
37.37100386619568,70266
37.37230968475342,70266
37.37319254875183,70266
37.374072313308716,70266
37.37537860870361,70266
37.37627077102661,70266
37.37715125083923,70266
37.378034353256226,70266
37.37933874130249,70266
37.380218267440796,70266
37.38110041618347,70266
37.38240051269531,70266
37.38328146934509,70266
37.384161710739136,70266
37.38504481315613,70266
37.386358976364136,70266
37.38723969459534,70266
37.3881196975708,70266
37.38942217826843,70266
37.390305042266846,70266
37.391188621520996,70266
37.39206790924072,70266
37.39337468147278,70266
37.39425468444824,70266
37.39513969421387,70266
37.39603090286255,70266
37.397340297698975,70266
37.39822316169739,70266
37.39910364151001,70266
37.400407791137695,70266
37.40129280090332,70266
37.40217685699463,70266
37.40305709838867,70266
37.40436100959778,70266
37.405240058898926,70266
37.406129360198975,70266
37.40701198577881,70266
37.408310413360596,70266
37.40919208526611,70266
37.41007423400879,70266
37.41137623786926,70266
37.41225600242615,70266
37.413140535354614,70266
37.414021253585815,70266
37.41532611846924,70266
37.4162163734436,70266
37.41709780693054,70266
37.418402671813965,70266
37.41928815841675,70266
37.42017197608948,70266
37.42105174064636,70266
37.42235827445984,70266
37.4232382774353,70266
37.42412090301514,70266
37.425004720687866,70266
37.426318407058716,70266
37.427199840545654,70266
37.428083419799805,70266
37.42938685417175,70266
37.43026828765869,70266
37.43115186691284,70266
37.43203568458557,70266
37.43333911895752,70266
37.434221029281616,70266
37.4351007938385,70266
37.43641471862793,70266
37.43729782104492,70266
37.43817925453186,70266
37.439059019088745,70266
37.44036364555359,70266
37.44124627113342,70266
37.442126750946045,70266
37.44300889968872,70266
37.44431805610657,70266
37.445204734802246,70266
37.44609761238098,70266
37.4474036693573,70266
37.44828796386719,70266
37.44917058944702,70266
37.450058937072754,70266
37.45136880874634,70266
37.45224928855896,70266
37.453128814697266,70266
37.45400953292847,70266
37.455318212509155,70266
37.45621109008789,70266
37.457091331481934,70266
37.458394289016724,70266
37.45927596092224,70266
37.4601616859436,70266
37.461047887802124,70266
37.46235537528992,70266
37.46323776245117,70266
37.46411991119385,70266
37.465004444122314,70266
37.46632170677185,70266
37.46720552444458,70266
37.46808934211731,70266
37.46939563751221,70266
37.47027778625488,70266
37.47116041183472,70266
37.47204279899597,70266
37.473349809646606,70266
37.47423505783081,70266
37.47511577606201,70266
37.476012229919434,70266
37.47731828689575,70266
37.47820329666138,70266
37.479088306427,70266
37.48039388656616,70266
37.48127865791321,70266
37.48216104507446,70266
37.48304462432861,70266
37.4843487739563,70266
37.485231161117554,70266
37.48611903190613,70266
37.48700451850891,70266
37.488311529159546,70266
37.489195823669434,70266
37.49007964134216,70266
37.49138927459717,70266
37.49227046966553,70266
37.49315333366394,70266
37.49403715133667,70266
37.495341539382935,70266
37.49623250961304,70266
37.497111558914185,70266
37.498416900634766,70266
37.499300956726074,70266
37.50018525123596,70266
37.50106763839722,70266
37.502376317977905,70266
37.50326085090637,70266
37.50414729118347,70266
37.50503373146057,70266
37.50635075569153,70266
37.50723338127136,70266
37.508113861083984,70266
37.509418964385986,70266
37.51030230522156,70266
37.5111870765686,70266
37.51206922531128,70266
37.51337671279907,70266
37.51425814628601,70266
37.51513934135437,70266
37.51603317260742,70266
37.517338275909424,70266
37.51822090148926,70266
37.519102334976196,70266
37.52040696144104,70266
37.52129316329956,70266
37.52217698097229,70266
37.523056983947754,70266
37.52436137199402,70266
37.52524399757385,70266
37.52613830566406,70266
37.52702283859253,70266
37.52832245826721,70266
37.52920460700989,70266
37.53008818626404,70266
37.53139281272888,70266
37.532275438308716,70266
37.5331597328186,70266
37.534040689468384,70266
37.53534650802612,70266
37.53623723983765,70266
37.53711748123169,70266
37.53842258453369,70266
37.539307594299316,70266
37.540191650390625,70266
37.541072368621826,70266
37.54237747192383,70266
37.54326152801514,70266
37.54417085647583,70266
37.54505443572998,70266
37.54637408256531,70266
37.54725766181946,70266
37.54814386367798,70266
37.54902672767639,70266
37.550331354141235,70266
37.551217794418335,70266
37.55210018157959,70266
37.55340766906738,70266
37.55429482460022,70266
37.55518054962158,70266
37.556071519851685,70266
37.557379961013794,70266
37.55826711654663,70266
37.559149980545044,70266
37.56003499031067,70266
37.561344623565674,70266
37.56222701072693,70266
37.56311011314392,70266
37.564414739608765,70266
37.565300703048706,70266
37.56619620323181,70266
37.56707978248596,70266
37.56838369369507,70266
37.569268226623535,70266
37.570154428482056,70266
37.57103943824768,70266
37.57234740257263,70266
37.57322931289673,70266
37.574111223220825,70266
37.575419664382935,70266
37.57631540298462,70266
37.57721710205078,70266
37.578102111816406,70266
37.579407930374146,70266
37.58029246330261,70266
37.581177949905396,70266
37.58206129074097,70266
37.58336901664734,70266
37.584251403808594,70266
37.58513307571411,70266
37.58602571487427,70266
37.587329626083374,70266
37.58821082115173,70266
37.58909296989441,70266
37.59039878845215,70266
37.59128403663635,70266
37.59216618537903,70266
37.59305214881897,70266
37.59436058998108,70266
37.59524631500244,70266
37.596137285232544,70266
37.597023248672485,70266
37.59833025932312,70266
37.59921073913574,70266
37.60025453567505,70266
37.60110926628113,70266
37.602004289627075,70266
37.60331177711487,70266
37.6042218208313,70266
37.60510516166687,70266
37.60641837120056,70266
37.607324838638306,70266
37.60820698738098,70266
37.60908842086792,70266
37.610389709472656,70266
37.61126971244812,70266
37.612154483795166,70266
37.613036155700684,70266
37.61433982849121,70266
37.6152229309082,70266
37.61611199378967,70266
37.61741518974304,70266
37.61829876899719,70266
37.61918234825134,70266
37.6200635433197,70266
37.6213653087616,70266
37.62224578857422,70266
37.62312722206116,70266
37.62400960922241,70266
37.62531399726868,70266
37.62620782852173,70266
37.627089977264404,70266
37.628395080566406,70266
37.62927722930908,70266
37.63015651702881,70266
37.631038188934326,70266
37.63234186172485,70266
37.633222579956055,70266
37.63410305976868,70266
37.63540244102478,70266
37.636292934417725,70266
37.637174129486084,70266
37.63805556297302,70266
37.639360189437866,70266
37.640241861343384,70266
37.641122817993164,70266
37.642005443573,70266
37.64331030845642,70266
37.64419221878052,70266
37.645073890686035,70266
37.646385192871094,70266
37.64726662635803,70266
37.6481499671936,70266
37.64903259277344,70266
37.65033459663391,70266
37.65121507644653,70266
37.65209650993347,70266
37.65339732170105,70266
37.65427875518799,70266
37.65515875816345,70266
37.6560492515564,70266
37.6573543548584,70266
37.658236265182495,70266
37.65911650657654,70266
37.660420656204224,70266
37.66130065917969,70266
37.66218185424805,70266
37.663063764572144,70266
37.664366245269775,70266
37.66524577140808,70266
37.666136503219604,70266
37.66701912879944,70266
37.668322801589966,70266
37.66920495033264,70266
37.670088052749634,70266
37.67139005661011,70266
37.6722731590271,70266
37.673152923583984,70266
37.674033880233765,70266
37.675339221954346,70266
37.67622900009155,70266
37.67711019515991,70266
37.67841577529907,70266
37.679299116134644,70266
37.68017888069153,70266
37.68105959892273,70266
37.6823616027832,70266
37.683244705200195,70266
37.68412446975708,70266
37.68500757217407,70266
37.68632173538208,70266
37.6872034072876,70266
37.688084840774536,70266
37.689388036727905,70266
37.69026780128479,70266
37.69114804267883,70266
37.69202756881714,70266
37.69332551956177,70266
37.694207191467285,70266
37.695085763931274,70266
37.696399450302124,70266
37.69728374481201,70266
37.698164224624634,70266
37.699047327041626,70266
37.70035243034363,70266
37.70123076438904,70266
37.70211124420166,70266
37.70341396331787,70266
37.704293727874756,70266
37.705174922943115,70266
37.70606231689453,70266
37.70736575126648,70266
37.708252906799316,70266
37.70913290977478,70266
37.71001362800598,70266
37.71131491661072,70266
37.71219730377197,70266
37.713078022003174,70266
37.71438264846802,70266
37.71526312828064,70266
37.71615481376648,70266
37.71703505516052,70266
37.71833562850952,70266
37.719215869903564,70266
37.72009563446045,70266
37.72139811515808,70266
37.72228169441223,70266
37.72316360473633,70266
37.724045515060425,70266
37.72534942626953,70266
37.726237773895264,70266
37.72711801528931,70266
37.728419065475464,70266
37.7293004989624,70266
37.73017954826355,70266
37.731059551239014,70266
37.73236107826233,70266
37.733242988586426,70266
37.73412203788757,70266
37.73500347137451,70266
37.736323595047,70266
37.73720693588257,70266
37.738089084625244,70266
37.739391565322876,70266
37.74027228355408,70266
37.74115204811096,70266
37.74203419685364,70266
37.743337631225586,70266
37.744240283966064,70266
37.745121717453,70266
37.74601411819458,70266
37.74731922149658,70266
37.74819993972778,70266
37.74908113479614,70266
37.75038409233093,70266
37.75126123428345,70266
37.75214195251465,70266
37.753023624420166,70266
37.75432538986206,70266
37.75520849227905,70266
37.756097078323364,70266
37.75740051269531,70266
37.75828146934509,70266
37.759164333343506,70266
37.76004767417908,70266
37.76135063171387,70266
37.76223301887512,70266
37.76311135292053,70266
37.76441144943237,70266
37.76529407501221,70266
37.76618552207947,70266
37.76706790924072,70266
37.76837182044983,70266
37.769251346588135,70266
37.77013373374939,70266
37.77101516723633,70266
37.77231478691101,70266
37.77319407463074,70266
37.774075984954834,70266
37.77537822723389,70266
37.77626991271973,70266
37.777153730392456,70266
37.77803611755371,70266
37.7793402671814,70266
37.78022336959839,70266
37.781105279922485,70266
37.78241324424744,70266
37.78329873085022,70266
37.78418207168579,70266
37.785061836242676,70266
37.786381483078,70266
37.78726577758789,70266
37.78814744949341,70266
37.78902721405029,70266
37.79033184051514,70266
37.7912118434906,70266
37.79209327697754,70266
37.793400049209595,70266
37.79428005218506,70266
37.795161962509155,70266
37.79605436325073,70266
37.7973575592041,70266
37.798238039016724,70266
37.79911971092224,70266
37.800419092178345,70266
37.8013231754303,70266
37.80220127105713,70266
37.803083658218384,70266
37.80438852310181,70266
37.80526804924011,70266
37.80615973472595,70266
37.80703830718994,70266
37.80834126472473,70266
37.80922198295593,70266
37.810100078582764,70266
37.811405420303345,70266
37.812288999557495,70266
37.81316900253296,70266
37.814051151275635,70266
37.815351486206055,70266
37.81623959541321,70266
37.81712055206299,70266
37.81800436973572,70266
37.81930732727051,70266
37.82018995285034,70266
37.82106828689575,70266
37.82237124443054,70266
37.82325315475464,70266
37.824134826660156,70266
37.82501816749573,70266
37.82633328437805,70266
37.827213287353516,70266
37.82809376716614,70266
37.829400300979614,70266
37.83028244972229,70266
37.831164598464966,70266
37.83204698562622,70266
37.833348512649536,70266
37.83422636985779,70266
37.83510494232178,70266
37.836418867111206,70266
37.837302684783936,70266
37.83818769454956,70266
37.839070558547974,70266
37.8403754234314,70266
37.841256618499756,70266
37.84213900566101,70266
37.843021392822266,70266
37.84432601928711,70266
37.84520721435547,70266
37.84609818458557,70266
37.847402572631836,70266
37.848283767700195,70266
37.84916543960571,70266
37.85004901885986,70266
37.851356983184814,70266
37.85223722457886,70266
37.853118658065796,70266
37.85442066192627,70266
37.85530471801758,70266
37.856196880340576,70266
37.857080936431885,70266
37.858383655548096,70266
37.85926699638367,70266
37.860148668289185,70266
37.86103105545044,70266
37.862335443496704,70266
37.86321711540222,70266
37.864097118377686,70266
37.865400314331055,70266
37.866291761398315,70266
37.86717414855957,70266
37.86805725097656,70266
37.86935830116272,70266
37.870240926742554,70266
37.871119022369385,70266
37.8724205493927,70266
37.87330603599548,70266
37.874187707901,70266
37.87507343292236,70266
37.87639141082764,70266
37.87727355957031,70266
37.87815618515015,70266
37.87903904914856,70266
37.88034248352051,70266
37.88122010231018,70266
37.88209867477417,70266
37.88339805603027,70266
37.88428092002869,70266
37.88516163825989,70266
37.8860547542572,70266
37.887359619140625,70266
37.888240814208984,70266
37.8891224861145,70266
37.890005111694336,70266
37.89131021499634,70266
37.89219093322754,70266
37.89307188987732,70266
37.894375801086426,70266
37.895257234573364,70266
37.89615035057068,70266
37.8970308303833,70266
37.89833331108093,70266
37.899213552474976,70266
37.90009307861328,70266
37.90139436721802,70266
37.902278900146484,70266
37.90316033363342,70266
37.90404295921326,70266
37.90534687042236,70266
37.9062385559082,70266
37.90712022781372,70266
37.90800380706787,70266
37.909305572509766,70266
37.910186767578125,70266
37.911067962646484,70266
37.91236972808838,70266
37.913249015808105,70266
37.91412830352783,70266
37.91501021385193,70266
37.91632604598999,70266
37.91720533370972,70266
37.91808772087097,70266
37.919392347335815,70266
37.92027425765991,70266
37.92115521430969,70266
37.92203879356384,70266
37.92334771156311,70266
37.92423105239868,70266
37.92511558532715,70266
37.926010608673096,70266
37.927316188812256,70266
37.92819833755493,70266
37.92907977104187,70266
37.93038463592529,70266
37.93126606941223,70266
37.93215012550354,70266
37.93303108215332,70266
37.93433713912964,70266
37.93521523475647,70266
37.936105728149414,70266
37.937408685684204,70266
37.938292026519775,70266
37.93917465209961,70266
37.94005632400513,70266
37.9413583278656,70266
37.94223761558533,70266
37.943116426467896,70266
37.94402313232422,70266
37.94532370567322,70266
37.94621467590332,70266
37.947094202041626,70266
37.94839787483215,70266
37.94928288459778,70266
37.950165033340454,70266
37.951048135757446,70266
37.95234823226929,70266
37.95322871208191,70266
37.954110622406006,70266
37.95541715621948,70266
37.95631265640259,70266
37.95719599723816,70266
37.95807886123657,70266
37.9593825340271,70266
37.96026349067688,70266
37.96114373207092,70266
37.96202635765076,70266
37.963327407836914,70266
37.964208364486694,70266
37.96508979797363,70266
37.96640229225159,70266
37.96728467941284,70266
37.9681670665741,70266
37.969048261642456,70266
37.970349073410034,70266
37.97122931480408,70266
37.972107887268066,70266
37.97341203689575,70266
37.97429394721985,70266
37.97517514228821,70266
37.97606706619263,70266
37.97736883163452,70266
37.97825312614441,70266
37.97913336753845,70266
37.98001527786255,70266
37.98132085800171,70266
37.98220443725586,70266
37.98308515548706,70266
37.98438858985901,70266
37.98526954650879,70266
37.986162424087524,70266
37.987043380737305,70266
37.98834681510925,70266
37.989230155944824,70266
37.99010992050171,70266
37.991411209106445,70266
37.99229383468628,70266
37.993175983428955,70266
37.99405860900879,70266
37.995360374450684,70266
37.99625253677368,70266
37.99713349342346,70266
37.998016357421875,70266
37.99931716918945,70266
38.000197649002075,70266
38.001078367233276,70266
38.00237798690796,70266
38.003260135650635,70266
38.004143476486206,70266
38.00502586364746,70266
38.00633788108826,70266
38.00722002983093,70266
38.00809907913208,70266
38.00940155982971,70266
38.01028370857239,70266
38.0111665725708,70266
38.01204872131348,70266
38.01335430145264,70266
38.014233350753784,70266
38.015114068984985,70266
38.016005754470825,70266
38.01731014251709,70266
38.0181930065155,70266
38.01907396316528,70266
38.02037858963013,70266
38.021257162094116,70266
38.02214074134827,70266
38.023022174835205,70266
38.024325132369995,70266
38.0252046585083,70266
38.02609443664551,70266
38.02740144729614,70266
38.02828335762024,70266
38.029162883758545,70266
38.030044078826904,70266
38.03134822845459,70266
38.032230615615845,70266
38.03311228752136,70266
38.0344181060791,70266
38.03530263900757,70266
38.036195039749146,70266
38.03707957267761,70266
38.038384199142456,70266
38.039265394210815,70266
38.04014468193054,70266
38.0410258769989,70266
38.04232859611511,70266
38.043208599090576,70266
38.04409050941467,70266
38.04539489746094,70266
38.04628896713257,70266
38.04717445373535,70266
38.04805374145508,70266
38.04936146736145,70266
38.05024218559265,70266
38.051124572753906,70266
38.052006006240845,70266
38.05330991744995,70266
38.054192781448364,70266
38.05507469177246,70266
38.05638790130615,70266
38.05726933479309,70266
38.05815100669861,70266
38.0590341091156,70266
38.06033658981323,70266
38.06122016906738,70266
38.06210207939148,70266
38.06341028213501,70266
38.064293384552,70266
38.06517791748047,70266
38.06606936454773,70266
38.06737422943115,70266
38.06825399398804,70266
38.06913685798645,70266
38.07001996040344,70266
38.071324586868286,70266
38.07220411300659,70266
38.07308912277222,70266
38.07439303398132,70266
38.07527470588684,70266
38.07616567611694,70266
38.077046155929565,70266
38.07835125923157,70266
38.07923436164856,70266
38.08011269569397,70266
38.081416606903076,70266
38.08229947090149,70266
38.08318114280701,70266
38.08406329154968,70266
38.08536982536316,70266
38.086262226104736,70266
38.08714532852173,70266
38.08802843093872,70266
38.08933448791504,70266
38.09021854400635,70266
38.09110140800476,70266
38.0924072265625,70266
38.09329080581665,70266
38.09417724609375,70266
38.095057010650635,70266
38.096373319625854,70266
38.09725642204285,70266
38.098140001297,70266
38.09902477264404,70266
38.10032892227173,70266
38.10120916366577,70266
38.10209012031555,70266
38.10339617729187,70266
38.10427951812744,70266
38.105164527893066,70266
38.10605835914612,70266
38.10736322402954,70266
38.10824227333069,70266
38.10912275314331,70266
38.110005378723145,70266
38.11130619049072,70266
38.112186431884766,70266
38.113065004348755,70266
38.11436986923218,70266
38.11525082588196,70266
38.11614227294922,70266
38.11702585220337,70266
38.11832857131958,70266
38.11920952796936,70266
38.12009239196777,70266
38.121397972106934,70266
38.12227940559387,70266
38.12316131591797,70266
38.124043226242065,70266
38.12534737586975,70266
38.126238107681274,70266
38.127121448516846,70266
38.1284236907959,70266
38.12930941581726,70266
38.130192041397095,70266
38.13107633590698,70266
38.13238334655762,70266
38.133262157440186,70266
38.13414430618286,70266
38.13502550125122,70266
38.13633942604065,70266
38.13722205162048,70266
38.138100147247314,70266
38.13940119743347,70266
38.14028453826904,70266
38.14116597175598,70266
38.14204740524292,70266
38.143351793289185,70266
38.144256591796875,70266
38.14514231681824,70266
38.14603543281555,70266
38.147339820861816,70266
38.148223638534546,70266
38.149102449417114,70266
38.150426626205444,70266
38.151315450668335,70266
38.15219736099243,70266
38.153077363967896,70266
38.154380559921265,70266
38.15526008605957,70266
38.15615105628967,70266
38.15703344345093,70266
38.158337354660034,70266
38.15921592712402,70266
38.160094261169434,70266
38.161397218704224,70266
38.16227698326111,70266
38.16315746307373,70266
38.16403937339783,70266
38.16534423828125,70266
38.16623520851135,70266
38.16711688041687,70266
38.16842007637024,70266
38.169302225112915,70266
38.17018461227417,70266
38.171066999435425,70266
38.17237210273743,70266
38.17325568199158,70266
38.174140214920044,70266
38.17502212524414,70266
38.17633676528931,70266
38.177218437194824,70266
38.178099155426025,70266
38.17940306663513,70266
38.18028688430786,70266
38.181169509887695,70266
38.182053089141846,70266
38.183353424072266,70266
38.18423390388489,70266
38.18511509895325,70266
38.18601107597351,70266
38.187318086624146,70266
38.188199520111084,70266
38.18908405303955,70266
38.19038796424866,70266
38.19127058982849,70266
38.192150354385376,70266
38.19303345680237,70266
38.194337368011475,70266
38.19521927833557,70266
38.19610953330994,70266
38.19741487503052,70266
38.19829773902893,70266
38.19918155670166,70266
38.20006084442139,70266
38.20136570930481,70266
38.20224714279175,70266
38.203128814697266,70266
38.20401120185852,70266
38.20531463623047,70266
38.20620822906494,70266
38.20709037780762,70266
38.208396196365356,70266
38.209277868270874,70266
38.210158348083496,70266
38.21104025840759,70266
38.212339639663696,70266
38.21322178840637,70266
38.21410059928894,70266
38.215405225753784,70266
38.21629977226257,70266
38.21717810630798,70266
38.218058347702026,70266
38.21936058998108,70266
38.2202422618866,70266
38.22112011909485,70266
38.22200345993042,70266
38.223304271698,70266
38.224183559417725,70266
38.22506523132324,70266
38.22637867927551,70266
38.22725820541382,70266
38.22813844680786,70266
38.229020833969116,70266
38.23032236099243,70266
38.231205224990845,70266
38.23208570480347,70266
38.23338723182678,70266
38.234267473220825,70266
38.23515033721924,70266
38.23603940010071,70266
38.23734211921692,70266
38.238221168518066,70266
38.23910045623779,70266
38.24040222167969,70266
38.24128437042236,70266
38.24216341972351,70266
38.24304509162903,70266
38.24435019493103,70266
38.24523043632507,70266
38.24611949920654,70266
38.24700355529785,70266
38.248308420181274,70266
38.24919414520264,70266
38.25007700920105,70266
38.25138258934021,70266
38.252262115478516,70266
38.25314235687256,70266
38.25402474403381,70266
38.25532555580139,70266
38.2562141418457,70266
38.25709509849548,70266
38.25839948654175,70266
38.25928592681885,70266
38.26017141342163,70266
38.26105451583862,70266
38.26236057281494,70266
38.263243198394775,70266
38.26411962509155,70266
38.26542019844055,70266
38.26631307601929,70266
38.267194509506226,70266
38.26807522773743,70266
38.26937437057495,70266
38.270251989364624,70266
38.27113342285156,70266
38.27201581001282,70266
38.273317098617554,70266
38.27419400215149,70266
38.27507209777832,70266
38.27638626098633,70266
38.27726864814758,70266
38.27815055847168,70266
38.27903366088867,70266
38.28033685684204,70266
38.281216621398926,70266
38.28209400177002,70266
38.28340029716492,70266
38.284281730651855,70266
38.28516340255737,70266
38.28605604171753,70266
38.287358045578,70266
38.28823757171631,70266
38.289116859436035,70266
38.29042172431946,70266
38.291303634643555,70266
38.2921838760376,70266
38.29306387901306,70266
38.294365644454956,70266
38.295243978500366,70266
38.296130657196045,70266
38.2970130443573,70266
38.298314332962036,70266
38.2991943359375,70266
38.300074100494385,70266
38.301374673843384,70266
38.302255630493164,70266
38.303139448165894,70266
38.30401849746704,70266
38.30531978607178,70266
38.306211948394775,70266
38.307092905044556,70266
38.30839562416077,70266
38.30927777290344,70266
38.31015753746033,70266
38.31103801727295,70266
38.31234431266785,70266
38.31324768066406,70266
38.314133405685425,70266
38.315014600753784,70266
38.316330432891846,70266
38.317211389541626,70266
38.318093061447144,70266
38.319396018981934,70266
38.32027864456177,70266
38.32115888595581,70266
38.32204031944275,70266
38.32334303855896,70266
38.3242244720459,70266
38.32510328292847,70266
38.32641553878784,70266
38.327298164367676,70266
38.328179597854614,70266
38.32905888557434,70266
38.330360651016235,70266
38.33124256134033,70266
38.33212065696716,70266
38.33342099189758,70266
38.33430314064026,70266
38.3351845741272,70266
38.33607602119446,70266
38.33737850189209,70266
38.338258504867554,70266
38.33913850784302,70266
38.34002113342285,70266
38.34132266044617,70266
38.342201232910156,70266
38.34308385848999,70266
38.34440898895264,70266
38.34529232978821,70266
38.34618663787842,70266
38.347068786621094,70266
38.34837484359741,70266
38.34925580024719,70266
38.350136518478394,70266
38.351019859313965,70266
38.35232162475586,70266
38.353203773498535,70266
38.354082107543945,70266
38.355382204055786,70266
38.35627269744873,70266
38.35715389251709,70266
38.35803961753845,70266
38.35934567451477,70266
38.3602249622345,70266
38.361104249954224,70266
38.36240863800049,70266
38.36329245567322,70266
38.36417555809021,70266
38.365057945251465,70266
38.36637330055237,70266
38.36725640296936,70266
38.36813998222351,70266
38.36902475357056,70266
38.37033033370972,70266
38.37120962142944,70266
38.372089862823486,70266
38.37339448928833,70266
38.374279260635376,70266
38.37516164779663,70266
38.37605571746826,70266
38.377360820770264,70266
38.37824082374573,70266
38.37912154197693,70266
38.38000440597534,70266
38.38131022453308,70266
38.38219237327576,70266
38.3830726146698,70266
38.38437604904175,70266
38.38525867462158,70266
38.38615417480469,70266
38.38703751564026,70266
38.38834285736084,70266
38.38922595977783,70266
38.39010810852051,70266
38.39141321182251,70266
38.392295837402344,70266
38.39318013191223,70266
38.39406132698059,70266
38.39536690711975,70266
38.39625692367554,70266
38.39714002609253,70266
38.39802074432373,70266
38.39932560920715,70266
38.40020513534546,70266
38.401087045669556,70266
38.40238833427429,70266
38.403268337249756,70266
38.40415120124817,70266
38.405033111572266,70266
38.40635013580322,70266
38.407231092453,70266
38.40811347961426,70266
38.40941643714905,70266
38.410298585891724,70266
38.41118049621582,70266
38.412062883377075,70266
38.413368463516235,70266
38.41424798965454,70266
38.415130853652954,70266
38.41602349281311,70266
38.41732668876648,70266
38.418208360672,70266
38.419090032577515,70266
38.42039251327515,70266
38.421273946762085,70266
38.42215442657471,70266
38.423036336898804,70266
38.424341440200806,70266
38.42522215843201,70266
38.42611026763916,70266
38.427412033081055,70266
38.428295373916626,70266
38.42917728424072,70266
38.43005681037903,70266
38.43136382102966,70266
38.43224382400513,70266
38.433122396469116,70266
38.434004068374634,70266
38.435306549072266,70266
38.43619966506958,70266
38.43707847595215,70266
38.438382148742676,70266
38.43926763534546,70266
38.44015073776245,70266
38.44103455543518,70266
38.442338705062866,70266
38.443220376968384,70266
38.44410276412964,70266
38.445404291152954,70266
38.44629645347595,70266
38.44718074798584,70266
38.4480767250061,70266
38.44938015937805,70266
38.45028257369995,70266
38.451181411743164,70266
38.45206332206726,70266
38.45336580276489,70266
38.45424675941467,70266
38.45512676239014,70266
38.45601963996887,70266
38.45732259750366,70266
38.458205461502075,70266
38.45908737182617,70266
38.46038842201233,70266
38.46126914024353,70266
38.462151527404785,70266
38.46303582191467,70266
38.46433734893799,70266
38.46521806716919,70266
38.46610736846924,70266
38.46740794181824,70266
38.46829795837402,70266
38.469181060791016,70266
38.47006392478943,70266
38.471365451812744,70266
38.47224521636963,70266
38.47312331199646,70266
38.474005460739136,70266
38.47530698776245,70266
38.47619819641113,70266
38.477081298828125,70266
38.478386878967285,70266
38.47926926612854,70266
38.480151414871216,70266
38.481030225753784,70266
38.48233413696289,70266
38.48321294784546,70266
38.4840943813324,70266
38.48539924621582,70266
38.486292123794556,70266
38.487173557281494,70266
38.48805212974548,70266
38.48935651779175,70266
38.49023628234863,70266
38.49111604690552,70266
38.49241924285889,70266
38.493303060531616,70266
38.494186878204346,70266
38.49506735801697,70266
38.49637985229492,70266
38.49726152420044,70266
38.49814295768738,70266
38.499024629592896,70266
38.500327825546265,70266
38.501208782196045,70266
38.50208902359009,70266
38.50339102745056,70266
38.504270792007446,70266
38.50515031814575,70266
38.50604295730591,70266
38.507347106933594,70266
38.508228063583374,70266
38.50910806655884,70266
38.510411500930786,70266
38.51129364967346,70266
38.51217842102051,70266
38.51305890083313,70266
38.51436161994934,70266
38.515244245529175,70266
38.51613163948059,70266
38.51701331138611,70266
38.518314599990845,70266
38.519197940826416,70266
38.520079374313354,70266
38.52138376235962,70266
38.522265911102295,70266
38.52314853668213,70266
38.52403211593628,70266
38.52533578872681,70266
38.52622628211975,70266
38.527106285095215,70266
38.52840828895569,70266
38.52928876876831,70266
38.530168294906616,70266
38.53104901313782,70266
38.53235340118408,70266
38.53323173522949,70266
38.53411054611206,70266
38.535412311553955,70266
38.53630542755127,70266
38.53718876838684,70266
38.53807258605957,70266
38.53937864303589,70266
38.54025983810425,70266
38.54114484786987,70266
38.54202961921692,70266
38.54333186149597,70266
38.544233560562134,70266
38.54511833190918,70266
38.54601502418518,70266
38.54732036590576,70266
38.54820251464844,70266
38.54908275604248,70266
38.55038237571716,70266
38.55126118659973,70266
38.55214190483093,70266
38.55302548408508,70266
38.55433106422424,70266
38.55521082878113,70266
38.55609893798828,70266
38.557400941848755,70266
38.558284521102905,70266
38.559165716171265,70266
38.56004524230957,70266
38.56134867668152,70266
38.562228202819824,70266
38.56310749053955,70266
38.56441044807434,70266
38.56529378890991,70266
38.56618571281433,70266
38.56706881523132,70266
38.5683708190918,70266
38.569252014160156,70266
38.57013392448425,70266
38.57101607322693,70266
38.57231521606445,70266
38.57319712638855,70266
38.574077129364014,70266
38.57537889480591,70266
38.57626795768738,70266
38.57717323303223,70266
38.5780565738678,70266
38.579360246658325,70266
38.58024048805237,70266
38.581122159957886,70266
38.58200526237488,70266
38.583311557769775,70266
38.58419227600098,70266
38.585073709487915,70266
38.586390018463135,70266
38.587271213531494,70266
38.58815145492554,70266
38.58903431892395,70266
38.5903377532959,70266
38.59121608734131,70266
38.592095375061035,70266
38.59339737892151,70266
38.59428024291992,70266
38.595162868499756,70266
38.59605431556702,70266
38.59735941886902,70266
38.598238706588745,70266
38.59911894798279,70266
38.600003480911255,70266
38.60149526596069,70266
38.60227131843567,70266
38.603166341781616,70266
38.604053258895874,70266
38.60537934303284,70266
38.60628700256348,70266
38.60717558860779,70266
38.608060359954834,70266
38.60939049720764,70266
38.610291957855225,70266
38.61118197441101,70266
38.61206388473511,70266
38.6133713722229,70266
38.61425280570984,70266
38.61513924598694,70266
38.616032123565674,70266
38.6173369884491,70266
38.618220806121826,70266
38.61910557746887,70266
38.62041211128235,70266
38.62129735946655,70266
38.62217950820923,70266
38.623061418533325,70266
38.62436652183533,70266
38.625250816345215,70266
38.6261420249939,70266
38.62702465057373,70266
38.628329038619995,70266
38.62921118736267,70266
38.63009548187256,70266
38.63139605522156,70266
38.63227820396423,70266
38.6331627368927,70266
38.634045362472534,70266
38.635350465774536,70266
38.63624095916748,70266
38.637120485305786,70266
38.63800525665283,70266
38.639312744140625,70266
38.640196561813354,70266
38.64107918739319,70266
38.64238381385803,70266
38.64327001571655,70266
38.64415216445923,70266
38.64503622055054,70266
38.64634966850281,70266
38.64723086357117,70266
38.648112297058105,70266
38.64941143989563,70266
38.65029764175415,70266
38.651180028915405,70266
38.652061223983765,70266
38.65336203575134,70266
38.65424180030823,70266
38.65512132644653,70266
38.65601563453674,70266
38.65732192993164,70266
38.65820336341858,70266
38.65908670425415,70266
38.66039156913757,70266
38.661274433135986,70266
38.66215538978577,70266
38.66303634643555,70266
38.664345502853394,70266
38.66522693634033,70266
38.6661262512207,70266
38.66701102256775,70266
38.66831564903259,70266
38.66919732093811,70266
38.670079469680786,70266
38.67138361930847,70266
38.67226576805115,70266
38.673150062561035,70266
38.674034118652344,70266
38.675339221954346,70266
38.676228523254395,70266
38.67711114883423,70266
38.678412199020386,70266
38.67929458618164,70266
38.680174827575684,70266
38.68105483055115,70266
38.68235969543457,70266
38.683242321014404,70266
38.684122800827026,70266
38.68500781059265,70266
38.68631935119629,70266
38.68720102310181,70266
38.688085079193115,70266
38.68938994407654,70266
38.6902711391449,70266
38.691152572631836,70266
38.69203591346741,70266
38.69334077835083,70266
38.69422197341919,70266
38.695101261138916,70266
38.69641375541687,70266
38.69729566574097,70266
38.69817638397217,70266
38.69905924797058,70266
38.700363636016846,70266
38.70124340057373,70266
38.70212268829346,70266
38.7030074596405,70266
38.70430946350098,70266
38.705190896987915,70266
38.70608472824097,70266
38.70738697052002,70266
38.708266258239746,70266
38.709148645401,70266
38.71003341674805,70266
38.71133804321289,70266
38.712215423583984,70266
38.713095903396606,70266
38.71440076828003,70266
38.71528387069702,70266
38.71617865562439,70266
38.7170569896698,70266
38.71836066246033,70266
38.71924424171448,70266
38.720125675201416,70266
38.721009254455566,70266
38.72231411933899,70266
38.72319769859314,70266
38.72408366203308,70266
38.72539019584656,70266
38.72628426551819,70266
38.72717046737671,70266
38.72805213928223,70266
38.72935485839844,70266
38.73023533821106,70266
38.73111581802368,70266
38.73200345039368,70266
38.73330545425415,70266
38.734187602996826,70266
38.73507046699524,70266
38.73638725280762,70266
38.737268924713135,70266
38.738150119781494,70266
38.73903512954712,70266
38.74033761024475,70266
38.741217374801636,70266
38.74209713935852,70266
38.74340057373047,70266
38.74430727958679,70266
38.745192766189575,70266
38.74608635902405,70266
38.74739098548889,70266
38.7482750415802,70266
38.749160289764404,70266
38.750043630599976,70266
38.75134468078613,70266
38.752225399017334,70266
38.75310397148132,70266
38.75440812110901,70266
38.755290269851685,70266
38.75618267059326,70266
38.75706124305725,70266
38.75836539268494,70266
38.75925016403198,70266
38.76013207435608,70266
38.761019229888916,70266
38.76232314109802,70266
38.76320290565491,70266
38.764084815979004,70266
38.765385389328,70266
38.76627540588379,70266
38.7671582698822,70266
38.76803922653198,70266
38.76934289932251,70266
38.7702260017395,70266
38.77110981941223,70266
38.77241587638855,70266
38.77329754829407,70266
38.77418303489685,70266
38.77506232261658,70266
38.77637815475464,70266
38.77726078033447,70266
38.77814245223999,70266
38.779022216796875,70266
38.78032326698303,70266
38.781203508377075,70266
38.78208684921265,70266
38.78338980674744,70266
38.784271478652954,70266
38.785152435302734,70266
38.78604602813721,70266
38.787347078323364,70266
38.7882297039032,70266
38.78911232948303,70266
38.79041624069214,70266
38.79130172729492,70266
38.79218626022339,70266
38.79306650161743,70266
38.794371604919434,70266
38.79525089263916,70266
38.796141386032104,70266
38.7970244884491,70266
38.79832744598389,70266
38.79920935630798,70266
38.800089836120605,70266
38.801390647888184,70266
38.80227041244507,70266
38.80315351486206,70266
38.80403733253479,70266
38.8053412437439,70266
38.806233167648315,70266
38.80711483955383,70266
38.80841779708862,70266
38.80929970741272,70266
38.81018280982971,70266
38.81106185913086,70266
38.81236433982849,70266
38.81324529647827,70266
38.81412625312805,70266
38.815006732940674,70266
38.816320180892944,70266
38.81720018386841,70266
38.818082094192505,70266
38.819384813308716,70266
38.82026481628418,70266
38.821146726608276,70266
38.822028398513794,70266
38.823328495025635,70266
38.82420873641968,70266
38.82508850097656,70266
38.826401710510254,70266
38.82728433609009,70266
38.82816743850708,70266
38.82905101776123,70266
38.830350160598755,70266
38.831233501434326,70266
38.83211421966553,70266
38.833417654037476,70266
38.83430099487305,70266
38.835182905197144,70266
38.83607292175293,70266
38.83737587928772,70266
38.838258028030396,70266
38.839144468307495,70266
38.840025424957275,70266
38.841325998306274,70266
38.84220767021179,70266
38.84308624267578,70266
38.844388484954834,70266
38.84526753425598,70266
38.84616017341614,70266
38.84704303741455,70266
38.84834623336792,70266
38.849225997924805,70266
38.85010290145874,70266
38.85140419006348,70266
38.85228610038757,70266
38.85316777229309,70266
38.85404658317566,70266
38.85534477233887,70266
38.85623502731323,70266
38.85711717605591,70266
38.85841751098633,70266
38.859299421310425,70266
38.86018252372742,70266
38.86106538772583,70266
38.86237454414368,70266
38.863255739212036,70266
38.86413764953613,70266
38.865020513534546,70266
38.866334438323975,70266
38.86721634864807,70266
38.868098974227905,70266
38.86940336227417,70266
38.870285987854004,70266
38.87116718292236,70266
38.87205147743225,70266
38.87335705757141,70266
38.87423586845398,70266
38.87511706352234,70266
38.87601041793823,70266
38.877312898635864,70266
38.87819314002991,70266
38.879074573516846,70266
38.88037633895874,70266
38.881258964538574,70266
38.88214063644409,70266
38.883023500442505,70266
38.884324073791504,70266
38.88520336151123,70266
38.88609194755554,70266
38.8873975276947,70266
38.88827967643738,70266
38.889161586761475,70266
38.890042543411255,70266
38.89134407043457,70266
38.892223834991455,70266
38.89310336112976,70266
38.89440441131592,70266
38.895307540893555,70266
38.896201610565186,70266
38.89708423614502,70266
38.89838790893555,70266
38.89927101135254,70266
38.900150775909424,70266
38.90103459358215,70266
38.902337074279785,70266
38.90321898460388,70266
38.90409970283508,70266
38.90540099143982,70266
38.90629267692566,70266
38.907175064086914,70266
38.90806579589844,70266
38.90937399864197,70266
38.91025376319885,70266
38.91113495826721,70266
38.91201901435852,70266
38.91332459449768,70266
38.91420364379883,70266
38.91508674621582,70266
38.91639971733093,70266
38.917285442352295,70266
38.91816782951355,70266
38.91904878616333,70266
38.920352935791016,70266
38.92123460769653,70266
38.92211556434631,70266
38.92341589927673,70266
38.92430019378662,70266
38.92518138885498,70266
38.92607259750366,70266
38.9273796081543,70266
38.928757190704346,70266
38.929582357406616,70266
38.93041753768921,70266
38.931254386901855,70266
38.932090520858765,70266
38.93370318412781,70266
38.934526205062866,70266
38.93536114692688,70266
38.936196088790894,70266
38.937033891677856,70266
38.9386351108551,70266
38.939470052719116,70266
38.94033646583557,70266
38.94116735458374,70266
38.94276762008667,70266
38.94358706474304,70266
38.94443893432617,70266
38.945284843444824,70266
38.946123123168945,70266
38.947763204574585,70266
38.94857907295227,70266
38.94941234588623,70266
38.95024633407593,70266
38.95108366012573,70266
38.95269799232483,70266
38.95352292060852,70266
38.954354763031006,70266
38.955188274383545,70266
38.95604872703552,70266
38.95765018463135,70266
38.958505630493164,70266
38.95934557914734,70266
38.96018576622009,70266
38.961028814315796,70266
38.96263837814331,70266
38.963491916656494,70266
38.96433115005493,70266
38.96517205238342,70266
38.96602463722229,70266
38.9676399230957,70266
38.968488931655884,70266
38.96932625770569,70266
38.97016763687134,70266
38.97130465507507,70266
38.97218680381775,70266
38.973066329956055,70266
38.97436881065369,70266
38.975250244140625,70266
38.97614359855652,70266
38.97702693939209,70266
38.978331327438354,70266
38.97921419143677,70266
38.98009657859802,70266
38.98139953613281,70266
38.982285022735596,70266
38.98316955566406,70266
38.9840521812439,70266
38.985355615615845,70266
38.986246824264526,70266
38.987128019332886,70266
38.98800849914551,70266
38.989312410354614,70266
38.99019479751587,70266
38.991076946258545,70266
38.992379903793335,70266
38.99326181411743,70266
38.99414253234863,70266
38.99502635002136,70266
38.99634003639221,70266
38.997220039367676,70266
38.99809980392456,70266
38.999404191970825,70266
39.00028991699219,70266
39.00117039680481,70266
39.00205087661743,70266
39.00335240364075,70266
39.00423192977905,70266
39.00511288642883,70266
39.00600814819336,70266
39.00731348991394,70266
39.00819516181946,70266
39.00908017158508,70266
39.01038193702698,70266
39.011261224746704,70266
39.01214361190796,70266
39.01302719116211,70266
39.01433205604553,70266
39.01521325111389,70266
39.01610350608826,70266
39.01740860939026,70266
39.01829147338867,70266
39.019174575805664,70266
39.02005577087402,70266
39.02136182785034,70266
39.02224802970886,70266
39.02313160896301,70266
39.024014711380005,70266
39.02531886100769,70266
39.02621126174927,70266
39.027093172073364,70266
39.028398275375366,70266
39.02928113937378,70266
39.03016376495361,70266
39.031047105789185,70266
39.03234815597534,70266
39.03322696685791,70266
39.034106969833374,70266
39.03540897369385,70266
39.03629994392395,70266
39.03718304634094,70266
39.0380642414093,70266
39.039369344711304,70266
39.040250062942505,70266
39.04113006591797,70266
39.042011976242065,70266
39.04331731796265,70266
39.04420065879822,70266
39.04508066177368,70266
39.046396255493164,70266
39.047281980514526,70266
39.04816508293152,70266
39.04904890060425,70266
39.05035209655762,70266
39.051233530044556,70266
39.05211591720581,70266
39.053423166275024,70266
39.05430746078491,70266
39.055187702178955,70266
39.05607843399048,70266
39.0573844909668,70266
39.058266162872314,70266
39.05914759635925,70266
39.060030698776245,70266
39.061336278915405,70266
39.062217235565186,70266
39.06309747695923,70266
39.06440329551697,70266
39.06528568267822,70266
39.06617760658264,70266
39.06705904006958,70266
39.06836247444153,70266
39.06924295425415,70266
39.07012915611267,70266
39.071014404296875,70266
39.0723180770874,70266
39.073198556900024,70266
39.07408118247986,70266
39.075387477874756,70266
39.07627844810486,70266
39.07715940475464,70266
39.07804274559021,70266
39.079349994659424,70266
39.08023238182068,70266
39.08111357688904,70266
39.082419872283936,70266
39.08330154418945,70266
39.084184646606445,70266
39.085065841674805,70266
39.0863823890686,70266
39.08726358413696,70266
39.088149070739746,70266
39.08903217315674,70266
39.09033918380737,70266
39.09122276306152,70266
39.092103242874146,70266
39.093409299850464,70266
39.09429335594177,70266
39.095176458358765,70266
39.09606599807739,70266
39.097376108169556,70266
39.09825778007507,70266
39.09914040565491,70266
39.10002398490906,70266
39.1013286113739,70266
39.10220909118652,70266
39.103089809417725,70266
39.104395389556885,70266
39.105276107788086,70266
39.10616898536682,70266
39.10705304145813,70266
39.10835933685303,70266
39.10923981666565,70266
39.11011862754822,70266
39.11100363731384,70266
39.112305879592896,70266
39.11319088935852,70266
39.11407399177551,70266
39.1153781414032,70266
39.11627006530762,70266
39.11715507507324,70266
39.11804008483887,70266
39.11935234069824,70266
39.12023425102234,70266
39.121116638183594,70266
39.12242150306702,70266
39.12330460548401,70266
39.12418532371521,70266
39.12506818771362,70266
39.12638187408447,70266
39.127262592315674,70266
39.12814521789551,70266
39.12902784347534,70266
39.130335330963135,70266
39.131219148635864,70266
39.13209939002991,70266
39.13340425491333,70266
39.134289264678955,70266
39.13517117500305,70266
39.13606262207031,70266
39.13736367225647,70266
39.13824462890625,70266
39.13912582397461,70266
39.14000940322876,70266
39.14131212234497,70266
39.14219307899475,70266
39.143075942993164,70266
39.14437747001648,70266
39.14525747299194,70266
39.14614939689636,70266
39.14702892303467,70266
39.14833211898804,70266
39.14921426773071,70266
39.15009689331055,70266
39.15140223503113,70266
39.152299642562866,70266
39.15318250656128,70266
39.15406560897827,70266
39.15537190437317,70266
39.156272172927856,70266
39.157155990600586,70266
39.15804839134216,70266
39.159353733062744,70266
39.16024923324585,70266
39.161131858825684,70266
39.16201448440552,70266
39.163315773010254,70266
39.164199113845825,70266
39.165080308914185,70266
39.166396617889404,70266
39.16727900505066,70266
39.168161392211914,70266
39.169044971466064,70266
39.1703519821167,70266
39.171233892440796,70266
39.17211437225342,70266
39.17342019081116,70266
39.17430400848389,70266
39.175185203552246,70266
39.17607545852661,70266
39.17737865447998,70266
39.17826247215271,70266
39.17914533615112,70266
39.18002986907959,70266
39.18133497238159,70266
39.18221354484558,70266
39.183095932006836,70266
39.18440008163452,70266
39.1852822303772,70266
39.18617343902588,70266
39.18705725669861,70266
39.188366174697876,70266
39.18924641609192,70266
39.1901273727417,70266
39.191009521484375,70266
39.19231653213501,70266
39.19320368766785,70266
39.19408869743347,70266
39.19539213180542,70266
39.19628405570984,70266
39.197166442871094,70266
39.198049783706665,70266
39.19934916496277,70266
39.200231075286865,70266
39.20110869407654,70266
39.202409982681274,70266
39.20329546928406,70266
39.20417594909668,70266
39.20505619049072,70266
39.20637083053589,70266
39.207250118255615,70266
39.20813250541687,70266
39.20901608467102,70266
39.210320472717285,70266
39.2112021446228,70266
39.212082862854004,70266
39.21338486671448,70266
39.214266538619995,70266
39.21514892578125,70266
39.21604013442993,70266
39.21734547615051,70266
39.21822667121887,70266
39.21910834312439,70266
39.22041726112366,70266
39.22130227088928,70266
39.22218346595764,70266
39.223063468933105,70266
39.22436761856079,70266
39.22524976730347,70266
39.22614026069641,70266
39.2270233631134,70266
39.22832727432251,70266
39.22920894622803,70266
39.23009014129639,70266
39.23139190673828,70266
39.23227334022522,70266
39.233155488967896,70266
39.23403978347778,70266
39.235344886779785,70266
39.236233711242676,70266
39.23711609840393,70266
39.238420486450195,70266
39.23930597305298,70266
39.24018692970276,70266
39.241071462631226,70266
39.24237585067749,70266
39.243255615234375,70266
39.24413514137268,70266
39.245014667510986,70266
39.24632692337036,70266
39.24720883369446,70266
39.248090982437134,70266
39.249393939971924,70266
39.25027346611023,70266
39.25115609169006,70266
39.252039432525635,70266
39.253342628479004,70266
39.25422406196594,70266
39.25510382652283,70266
39.256417989730835,70266
39.257301568984985,70266
39.258183002471924,70266
39.25906276702881,70266
39.260363817214966,70266
39.261244773864746,70266
39.26212430000305,70266
39.26300835609436,70266
39.26431393623352,70266
39.265196084976196,70266
39.266088008880615,70266
39.267393350601196,70266
39.26827788352966,70266
39.26916003227234,70266
39.270042181015015,70266
39.27134656906128,70266
39.27222681045532,70266
39.273115396499634,70266
39.274418354034424,70266
39.27530097961426,70266
39.276196002960205,70266
39.27708053588867,70266
39.2783842086792,70266
39.27926564216614,70266
39.280144453048706,70266
39.28102731704712,70266
39.2823326587677,70266
39.283215045928955,70266
39.28409433364868,70266
39.285398721694946,70266
39.28629207611084,70266
39.28717613220215,70266
39.28805923461914,70266
39.28936147689819,70266
39.290242195129395,70266
39.29112386703491,70266
39.29200863838196,70266
39.29331398010254,70266
39.29419565200806,70266
39.29508066177368,70266
39.29639768600464,70266
39.29727840423584,70266
39.29815936088562,70266
39.29904341697693,70266
39.30034589767456,70266
39.301228523254395,70266
39.30210852622986,70266
39.30341362953186,70266
39.30429697036743,70266
39.305177450180054,70266
39.306068897247314,70266
39.30737352371216,70266
39.30825662612915,70266
39.30914092063904,70266
39.31002497673035,70266
39.311328172683716,70266
39.312209606170654,70266
39.31309247016907,70266
39.3143949508667,70266
39.31527876853943,70266
39.31617331504822,70266
39.31705188751221,70266
39.31835579872131,70266
39.31923866271973,70266
39.32011604309082,70266
39.321422815322876,70266
39.32230734825134,70266
39.323188066482544,70266
39.3240692615509,70266
39.32537579536438,70266
39.32626438140869,70266
39.32714915275574,70266
39.32803225517273,70266
39.3293399810791,70266
39.3302206993103,70266
39.33110165596008,70266
39.33240270614624,70266
39.33328557014465,70266
39.334168434143066,70266
39.335052490234375,70266
39.336366176605225,70266
39.33724665641785,70266
39.33813190460205,70266
39.339014530181885,70266
39.340320348739624,70266
39.34120035171509,70266
39.3420844078064,70266
39.343388080596924,70266
39.34426999092102,70266
39.345152378082275,70266
39.346043825149536,70266
39.347349405288696,70266
39.348233222961426,70266
39.349114418029785,70266
39.35041785240173,70266
39.35130190849304,70266
39.35218596458435,70266
39.35307025909424,70266
39.35437560081482,70266
39.35525631904602,70266
39.35615134239197,70266
39.357033491134644,70266
39.35833406448364,70266
39.35921573638916,70266
39.36009907722473,70266
39.36140441894531,70266
39.36228847503662,70266
39.36317181587219,70266
39.364054441452026,70266
39.36535882949829,70266
39.366249322891235,70266
39.36713266372681,70266
39.36801815032959,70266
39.36932134628296,70266
39.370203495025635,70266
39.371087312698364,70266
39.37238907814026,70266
39.3732693195343,70266
39.37415099143982,70266
39.37503242492676,70266
39.37634539604187,70266
39.37722587585449,70266
39.37810754776001,70266
39.37941074371338,70266
39.38029360771179,70266
39.38117599487305,70266
39.382057189941406,70266
39.38336133956909,70266
39.38424229621887,70266
39.385122776031494,70266
39.38601851463318,70266
39.38732171058655,70266
39.3882040977478,70266
39.38908886909485,70266
39.39039182662964,70266
39.39127469062805,70266
39.39215445518494,70266
39.39303779602051,70266
39.394341707229614,70266
39.39522171020508,70266
39.396111726760864,70266
39.39741516113281,70266
39.39829683303833,70266
39.399181842803955,70266
39.400062561035156,70266
39.40136647224426,70266
39.40224814414978,70266
39.40313005447388,70266
39.40401315689087,70266
39.40531396865845,70266
39.40620541572571,70266
39.40708947181702,70266
39.40839624404907,70266
39.40927839279175,70266
39.410160779953,70266
39.411043643951416,70266
39.412346839904785,70266
39.41322731971741,70266
39.414111852645874,70266
39.41541600227356,70266
39.416308879852295,70266
39.41719055175781,70266
39.41807174682617,70266
39.41938066482544,70266
39.420262813568115,70266
39.42114591598511,70266
39.42202877998352,70266
39.423338651657104,70266
39.42422270774841,70266
39.42510414123535,70266
39.4264190196991,70266
39.42730236053467,70266
39.428187131881714,70266
39.42906880378723,70266
39.430373430252075,70266
39.43125629425049,70266
39.4321391582489,70266
39.433022022247314,70266
39.43432307243347,70266
39.43520379066467,70266
39.43609380722046,70266
39.43739867210388,70266
39.43828344345093,70266
39.4391655921936,70266
39.44004726409912,70266
39.44135355949402,70266
39.44223499298096,70266
39.443116188049316,70266
39.44441843032837,70266
39.44530272483826,70266
39.44619679450989,70266
39.44707775115967,70266
39.44838213920593,70266
39.44926166534424,70266
39.45014405250549,70266
39.45102596282959,70266
39.45233082771301,70266
39.45321178436279,70266
39.45409297943115,70266
39.45539736747742,70266
39.4562885761261,70266
39.45717263221741,70266
39.45805525779724,70266
39.4593608379364,70266
39.4602427482605,70266
39.46112632751465,70266
39.462011098861694,70266
39.4633150100708,70266
39.464197874069214,70266
39.46508073806763,70266
39.46639800071716,70266
39.46728539466858,70266
39.46817493438721,70266
39.469056844711304,70266
39.47036123275757,70266
39.471240520477295,70266
39.4721200466156,70266
39.47300386428833,70266
39.47430944442749,70266
39.47518873214722,70266
39.47607946395874,70266
39.47738337516785,70266
39.478267669677734,70266
39.47914958000183,70266
39.48003029823303,70266
39.48133373260498,70266
39.48221516609192,70266
39.48309588432312,70266
39.48440361022949,70266
39.48528599739075,70266
39.48617887496948,70266
39.48705983161926,70266
39.488362073898315,70266
39.489243030548096,70266
39.4901237487793,70266
39.49100923538208,70266
39.49231290817261,70266
39.49319243431091,70266
39.49407410621643,70266
39.49537754058838,70266
39.49626922607422,70266
39.49715328216553,70266
39.49803686141968,70266
39.49934267997742,70266
39.500224351882935,70266
39.50110602378845,70266
39.50241160392761,70266
39.503297328948975,70266
39.50418210029602,70266
39.50506567955017,70266
39.50638198852539,70266
39.50726580619812,70266
39.50815033912659,70266
39.50903582572937,70266
39.510339975357056,70266
39.51122260093689,70266
39.51210570335388,70266
39.51341414451599,70266
39.51429796218872,70266
39.515183448791504,70266
39.516074657440186,70266
39.51738142967224,70266
39.51826333999634,70266
39.519148111343384,70266
39.52003216743469,70266
39.52133798599243,70266
39.522220611572266,70266
39.52310228347778,70266
39.52440857887268,70266
39.52529311180115,70266
39.52619290351868,70266
39.52707362174988,70266
39.52837944030762,70266
39.52926301956177,70266
39.53015470504761,70266
39.531038761138916,70266
39.53234529495239,70266
39.53322672843933,70266
39.53410744667053,70266
39.53541135787964,70266
39.53630781173706,70266
39.537190198898315,70266
39.538073778152466,70266
39.53937816619873,70266
39.54026246070862,70266
39.541149616241455,70266
39.54203224182129,70266
39.54333996772766,70266
39.544219970703125,70266
39.54510021209717,70266
39.54641389846802,70266
39.54729723930359,70266
39.54817581176758,70266
39.54905724525452,70266
39.550363302230835,70266
39.55124831199646,70266
39.5521297454834,70266
39.55301260948181,70266
39.55431652069092,70266
39.555201292037964,70266
39.55609440803528,70266
39.55739784240723,70266
39.55828404426575,70266
39.55916476249695,70266
39.560046672821045,70266
39.561352252960205,70266
39.562236070632935,70266
39.56311774253845,70266
39.56442379951477,70266
39.56531238555908,70266
39.56620788574219,70266
39.56709265708923,70266
39.568397521972656,70266
39.56927967071533,70266
39.57016158103943,70266
39.57104444503784,70266
39.57235240936279,70266
39.57323455810547,70266
39.57411313056946,70266
39.575417041778564,70266
39.57631230354309,70266
39.577194690704346,70266
39.5780770778656,70266
39.57938265800476,70266
39.580267667770386,70266
39.58115005493164,70266
39.582035064697266,70266
39.58334040641785,70266
39.5842227935791,70266
39.585105895996094,70266
39.58642268180847,70266
39.58730983734131,70266
39.58819365501404,70266
39.58907771110535,70266
39.590381383895874,70266
39.59126424789429,70266
39.5921471118927,70266
39.59303140640259,70266
39.59434247016907,70266
39.595227003097534,70266
39.59611916542053,70266
39.597004890441895,70266
39.598308086395264,70266
39.59918975830078,70266
39.60007286071777,70266
39.60137867927551,70266
39.602264165878296,70266
39.603540897369385,70266
39.604379653930664,70266
39.60520935058594,70266
39.60604119300842,70266
39.60764741897583,70266
39.60847592353821,70266
39.60930943489075,70266
39.61013960838318,70266
39.611751079559326,70266
39.612579584121704,70266
39.613407135009766,70266
39.61422920227051,70266
39.61533761024475,70266
39.616233348846436,70266
39.617117166519165,70266
39.618003845214844,70266
39.61930966377258,70266
39.62019348144531,70266
39.621079444885254,70266
39.62238264083862,70266
39.62326502799988,70266
39.62414860725403,70266
39.62503457069397,70266
39.62635350227356,70266
39.62723469734192,70266
39.62811779975891,70266
39.62942099571228,70266
39.63030552864075,70266
39.63118767738342,70266
39.632068395614624,70266
39.63336968421936,70266
39.63425016403198,70266
39.635133266448975,70266
39.6360285282135,70266
39.637330770492554,70266
39.638209104537964,70266
39.6390917301178,70266
39.64039921760559,70266
39.64128351211548,70266
39.64216637611389,70266
39.64304780960083,70266
39.644352436065674,70266
39.64523482322693,70266
39.64612317085266,70266
39.64700651168823,70266
39.6483108997345,70266
39.64919400215149,70266
39.650078535079956,70266
39.65138387680054,70266
39.652262449264526,70266
39.65314245223999,70266
39.65402698516846,70266
39.65532970428467,70266
39.65621852874756,70266
39.657100200653076,70266
39.65840482711792,70266
39.65928792953491,70266
39.66017127037048,70266
39.661051750183105,70266
39.66235375404358,70266
39.663233280181885,70266
39.66411256790161,70266
39.66541624069214,70266
39.6663076877594,70266
39.667187213897705,70266
39.66806674003601,70266
39.66936945915222,70266
39.670250415802,70266
39.67112946510315,70266
39.67201018333435,70266
39.6733124256134,70266
39.67419362068176,70266
39.67507600784302,70266
39.67638921737671,70266
39.677271127700806,70266
39.67815613746643,70266
39.67903804779053,70266
39.680341482162476,70266
39.68122220039368,70266
39.68210220336914,70266
39.68340587615967,70266
39.684290409088135,70266
39.685171127319336,70266
39.68606162071228,70266
39.687365770339966,70266
39.68824744224548,70266
39.68912982940674,70266
39.690014123916626,70266
39.69131946563721,70266
39.692198514938354,70266
39.69308161735535,70266
39.69438314437866,70266
39.69526553153992,70266
39.6961567401886,70266
39.697038412094116,70266
39.69834494590759,70266
39.699228048324585,70266
39.70011067390442,70266
39.701415061950684,70266
39.70229887962341,70266
39.70318150520325,70266
39.704063177108765,70266
39.705368757247925,70266
39.706260204315186,70266
39.707144021987915,70266
39.70802617073059,70266
39.70932936668396,70266
39.71021103858948,70266
39.71109080314636,70266
39.71239256858826,70266
39.71327447891235,70266
39.71415448188782,70266
39.71503758430481,70266
39.71635389328003,70266
39.71723771095276,70266
39.718119621276855,70266
39.71942186355591,70266
39.720303535461426,70266
39.721184968948364,70266
39.722066164016724,70266
39.72336769104004,70266
39.724250078201294,70266
39.72513151168823,70266
39.72602462768555,70266
39.72732901573181,70266
39.728209495544434,70266
39.72908973693848,70266
39.73039245605469,70266
39.731276988983154,70266
39.73215866088867,70266
39.73304057121277,70266
39.73434329032898,70266
39.73522424697876,70266
39.73611259460449,70266
39.73741793632507,70266
39.738301038742065,70266
39.73918318748474,70266
39.740063428878784,70266
39.741366147994995,70266
39.74224543571472,70266
39.74312710762024,70266
39.744011640548706,70266
39.745312452316284,70266
39.746206283569336,70266
39.74709153175354,70266
39.74839448928833,70266
39.749276876449585,70266
39.750159740448,70266
39.75104546546936,70266
39.75235176086426,70266
39.753233194351196,70266
39.75411367416382,70266
39.75541710853577,70266
39.75631141662598,70266
39.75719738006592,70266
39.75807857513428,70266
39.75938415527344,70266
39.76026511192322,70266
39.76114773750305,70266
39.762030839920044,70266
39.763336420059204,70266
39.764217138290405,70266
39.76510000228882,70266
39.76641345024109,70266
39.76729774475098,70266
39.76817989349365,70266
39.76906061172485,70266
39.77036714553833,70266
39.771249771118164,70266
39.772132873535156,70266
39.77301645278931,70266
39.774322748184204,70266
39.77520442008972,70266
39.77609848976135,70266
39.77740406990051,70266
39.7782883644104,70266
39.77917003631592,70266
39.780052185058594,70266
39.781357288360596,70266
39.78223705291748,70266
39.78312087059021,70266
39.7840039730072,70266
39.78530979156494,70266
39.78620171546936,70266
39.787089586257935,70266
39.78839468955994,70266
39.78927755355835,70266
39.79015922546387,70266
39.791040897369385,70266
39.7923469543457,70266
39.79322862625122,70266
39.794108152389526,70266
39.795411348342896,70266
39.79630494117737,70266
39.79718804359436,70266
39.79806852340698,70266
39.799373626708984,70266
39.80025672912598,70266
39.80114030838013,70266
39.802024126052856,70266
39.80333375930786,70266
39.80421805381775,70266
39.80509972572327,70266
39.80641841888428,70266
39.807302951812744,70266
39.80818772315979,70266
39.80907106399536,70266
39.810380697250366,70266
39.81126379966736,70266
39.8121497631073,70266
39.813032388687134,70266
39.81433725357056,70266
39.81521797180176,70266
39.81611156463623,70266
39.81741666793823,70266
39.818302392959595,70266
39.819188356399536,70266
39.82007050514221,70266
39.82137393951416,70266
39.82225322723389,70266
39.823137283325195,70266
39.8240180015564,70266
39.82532072067261,70266
39.82621383666992,70266
39.8270947933197,70266
39.82839894294739,70266
39.829282999038696,70266
39.83016753196716,70266
39.83104729652405,70266
39.832351207733154,70266
39.83323287963867,70266
39.83411502838135,70266
39.83541655540466,70266
39.836310625076294,70266
39.83719253540039,70266
39.8380765914917,70266
39.83938002586365,70266
39.840261697769165,70266
39.841142892837524,70266
39.84202742576599,70266
39.84333038330078,70266
39.84420990943909,70266
39.84509348869324,70266
39.846407651901245,70266
39.847291707992554,70266
39.84817433357239,70266
39.84905672073364,70266
39.85036325454712,70266
39.85124850273132,70266
39.852131843566895,70266
39.85301470756531,70266
39.85432028770447,70266
39.8552029132843,70266
39.8560950756073,70266
39.85740399360657,70266
39.85829043388367,70266
39.85917139053345,70266
39.860052824020386,70266
39.861355781555176,70266
39.86223840713501,70266
39.86311864852905,70266
39.86400508880615,70266
39.86530923843384,70266
39.86620569229126,70266
39.8670871257782,70266
39.86839151382446,70266
39.86927366256714,70266
39.870155572891235,70266
39.871039628982544,70266
39.87234663963318,70266
39.87322545051575,70266
39.874101877212524,70266
39.87540817260742,70266
39.876301765441895,70266
39.877185106277466,70266
39.878066301345825,70266
39.879369020462036,70266
39.8802490234375,70266
39.88113212585449,70266
39.88201427459717,70266
39.8833167552948,70266
39.88420271873474,70266
39.88508486747742,70266
39.8864004611969,70266
39.88728380203247,70266
39.888164043426514,70266
39.88904547691345,70266
39.89034914970398,70266
39.89123034477234,70266
39.8921103477478,70266
39.89341425895691,70266
39.89429783821106,70266
39.89517951011658,70266
39.89607071876526,70266
39.897374391555786,70266
39.898256063461304,70266
39.899136781692505,70266
39.900020122528076,70266
39.90132117271423,70266
39.90220332145691,70266
39.903088092803955,70266
39.90439009666443,70266
39.90527367591858,70266
39.90616965293884,70266
39.907052516937256,70266
39.90835905075073,70266
39.90924048423767,70266
39.910120725631714,70266
39.91100478172302,70266
39.912309885025024,70266
39.91319179534912,70266
39.9140739440918,70266
39.915377378463745,70266
39.91626739501953,70266
39.91715145111084,70266
39.9180326461792,70266
39.91933822631836,70266
39.9202184677124,70266
39.921098470687866,70266
39.92240285873413,70266
39.923283100128174,70266
39.92416286468506,70266
39.925044298172,70266
39.92635798454285,70266
39.92724013328552,70266
39.92811965942383,70266
39.929423809051514,70266
39.930307388305664,70266
39.93119263648987,70266
39.932076930999756,70266
39.93338131904602,70266
39.934261322021484,70266
39.93514442443848,70266
39.936036825180054,70266
39.93734312057495,70266
39.93822360038757,70266
39.9391028881073,70266
39.940407276153564,70266
39.94129228591919,70266
39.94217777252197,70266
39.94305944442749,70266
39.94436478614807,70266
39.94524645805359,70266
39.94613862037659,70266
39.94702172279358,70266
39.94832801818848,70266
39.949209213256836,70266
39.95009398460388,70266
39.95139741897583,70266
39.95227909088135,70266
39.953163146972656,70266
39.95404505729675,70266
39.95535230636597,70266
39.95624852180481,70266
39.9571328163147,70266
39.95801758766174,70266
39.959320068359375,70266
39.96020174026489,70266
39.961082458496094,70266
39.962384939193726,70266
39.963271141052246,70266
39.96415638923645,70266
39.96503663063049,70266
39.96635127067566,70266
39.96723222732544,70266
39.968114137649536,70266
39.96941924095154,70266
39.97030544281006,70266
39.97119092941284,70266
39.972071409225464,70266
39.97337579727173,70266
39.97425627708435,70266
39.97513937950134,70266
39.976033210754395,70266
39.977338790893555,70266
39.97822141647339,70266
39.979103326797485,70266
39.980408668518066,70266
39.98129391670227,70266
39.98217582702637,70266
39.983057737350464,70266
39.98436141014099,70266
39.98524236679077,70266
39.98613429069519,70266
39.98701739311218,70266
39.9883189201355,70266
39.98919916152954,70266
39.990081787109375,70266
39.99138569831848,70266
39.99226665496826,70266
39.99314832687378,70266
39.99402928352356,70266
39.995333433151245,70266
39.996225118637085,70266
39.99710750579834,70266
39.998411655426025,70266
39.99929404258728,70266
40.00017714500427,70266
40.00105690956116,70266
40.002360105514526,70266
40.00324249267578,70266
40.00412201881409,70266
40.00500464439392,70266
40.00631308555603,70266
40.007195711135864,70266
40.008076190948486,70266
40.009382486343384,70266
40.010266065597534,70266
40.01114821434021,70266
40.01203155517578,70266
40.01333475112915,70266
40.01421642303467,70266
40.01509642601013,70266
40.016408920288086,70266
40.01729345321655,70266
40.01817727088928,70266
40.01905941963196,70266
40.02036690711975,70266
40.021249532699585,70266
40.022133111953735,70266
40.023016929626465,70266
40.02432107925415,70266
40.02520275115967,70266
40.02609467506409,70266
40.02739882469177,70266
40.02828335762024,70266
40.029165267944336,70266
40.030046701431274,70266
40.03135061264038,70266
40.03223133087158,70266
40.03311204910278,70266
40.03441095352173,70266
40.03529405593872,70266
40.03618812561035,70266
40.03707027435303,70266
40.03837704658508,70266
40.03925848007202,70266
40.04014205932617,70266
40.04102301597595,70266
40.04233002662659,70266
40.04320788383484,70266
40.044087171554565,70266
40.045387983322144,70266
40.04628109931946,70266
40.04716396331787,70266
40.04804587364197,70266
40.049349784851074,70266
40.05023241043091,70266
40.05111646652222,70266
40.05242323875427,70266
40.05330801010132,70266
40.054194688797,70266
40.05507779121399,70266
40.056392669677734,70266
40.057276010513306,70266
40.058159589767456,70266
40.059043884277344,70266
40.060349225997925,70266
40.0612313747406,70266
40.062114238739014,70266
40.06342077255249,70266
40.064305543899536,70266
40.06518793106079,70266
40.06607985496521,70266
40.067384004592896,70266
40.0682647228241,70266
40.06914758682251,70266
40.07002902030945,70266
40.07133173942566,70266
40.07221341133118,70266
40.07309412956238,70266
40.07439827919006,70266
40.0752809047699,70266
40.07617402076721,70266
40.07705640792847,70266
40.078362703323364,70266
40.079243421554565,70266
40.08012390136719,70266
40.08100461959839,70266
40.08230662345886,70266
40.08318829536438,70266
40.084068298339844,70266
40.08537268638611,70266
40.08626413345337,70266
40.08714413642883,70266
40.08802533149719,70266
40.08933067321777,70266
40.090211629867554,70266
40.09109377861023,70266
40.09239482879639,70266
40.093276500701904,70266
40.094157457351685,70266
40.09504199028015,70266
40.09635591506958,70266
40.097238063812256,70266
40.09811973571777,70266
40.09942388534546,70266
40.10030460357666,70266
40.101184606552124,70266
40.10206484794617,70266
40.103365421295166,70266
40.10424542427063,70266
40.10512900352478,70266
40.10602569580078,70266
40.10733127593994,70266
40.10821056365967,70266
40.10909414291382,70266
40.11040234565735,70266
40.11128520965576,70266
40.112168073654175,70266
40.113049268722534,70266
40.114349365234375,70266
40.11523199081421,70266
40.116121768951416,70266
40.11700773239136,70266
40.118311643600464,70266
40.11919355392456,70266
40.120073318481445,70266
40.12137722969055,70266
40.12225914001465,70266
40.12313985824585,70266
40.12402272224426,70266
40.12532711029053,70266
40.12621760368347,70266
40.127097606658936,70266
40.12840175628662,70266
40.12928533554077,70266
40.13023781776428,70266
40.13113522529602,70266
40.132017374038696,70266
40.13331890106201,70266
40.13420057296753,70266
40.13508343696594,70266
40.13639855384827,70266
40.13728189468384,70266
40.13816499710083,70266
40.139551639556885,70266
40.14002728462219,70266
40.141332387924194,70266
40.142213106155396,70266
40.1430926322937,70266
40.14439868927002,70266
40.14528012275696,70266
40.14617466926575,70266
40.14705681800842,70266
40.14835858345032,70266
40.14924097061157,70266
40.15012788772583,70266
40.15101218223572,70266
40.152313470840454,70266
40.15319538116455,70266
40.15407848358154,70266
40.15538191795349,70266
40.15627670288086,70266
40.157166719436646,70266
40.158047676086426,70266
40.159353256225586,70266
40.16023254394531,70266
40.16111660003662,70266
40.16242170333862,70266
40.16330409049988,70266
40.16418719291687,70266
40.16507077217102,70266
40.166388273239136,70266
40.16727113723755,70266
40.168155908584595,70266
40.169042110443115,70266
40.170344829559326,70266
40.171226978302,70266
40.17210817337036,70266
40.17341184616089,70266
40.17429304122925,70266
40.175180435180664,70266
40.17607259750366,70266
40.17737627029419,70266
40.17825627326965,70266
40.17913818359375,70266
40.180020332336426,70266
40.181323528289795,70266
40.18220353126526,70266
40.18308639526367,70266
40.18439435958862,70266
40.18527674674988,70266
40.186172008514404,70266
40.187052965164185,70266
40.188356161117554,70266
40.18923783302307,70266
40.19011902809143,70266
40.191423177719116,70266
40.19230794906616,70266
40.193190574645996,70266
40.19407343864441,70266
40.19537806510925,70266
40.19626760482788,70266
40.197149991989136,70266
40.19803309440613,70266
40.19933772087097,70266
40.200220584869385,70266
40.20110321044922,70266
40.2024028301239,70266
40.203288555145264,70266
40.20417022705078,70266
40.205050468444824,70266
40.20636057853699,70266
40.207239389419556,70266
40.20812106132507,70266
40.20942163467407,70266
40.21030306816101,70266
40.211183309555054,70266
40.21206212043762,70266
40.21336364746094,70266
40.21424627304077,70266
40.21513032913208,70266
40.216023683547974,70266
40.21732568740845,70266
40.21820640563965,70266
40.21908664703369,70266
40.22039008140564,70266
40.2212700843811,70266
40.22215270996094,70266
40.223037242889404,70266
40.22434067726135,70266
40.22522282600403,70266
40.226112842559814,70266
40.227417945861816,70266
40.228302240371704,70266
40.22918510437012,70266
40.230069637298584,70266
40.231372117996216,70266
40.23225426673889,70266
40.23313665390015,70266
40.23402285575867,70266
40.235326051712036,70266
40.23621439933777,70266
40.23709559440613,70266
40.23839831352234,70266
40.239282846450806,70266
40.240164279937744,70266
40.24104881286621,70266
40.24235224723816,70266
40.243234395980835,70266
40.2441143989563,70266
40.24541735649109,70266
40.246309995651245,70266
40.247190713882446,70266
40.248071908950806,70266
40.24937176704407,70266
40.25025153160095,70266
40.251134157180786,70266
40.25201654434204,70266
40.253318548202515,70266
40.25420093536377,70266
40.25507998466492,70266
40.25639271736145,70266
40.25727319717407,70266
40.25815510749817,70266
40.25903606414795,70266
40.26034069061279,70266
40.26122188568115,70266
40.26210045814514,70266
40.26339912414551,70266
40.2642822265625,70266
40.26516342163086,70266
40.26605486869812,70266
40.267354249954224,70266
40.268234729766846,70266
40.26911664009094,70266
40.27041578292847,70266
40.2712984085083,70266
40.272178411483765,70266
40.273056745529175,70266
40.27435851097107,70266
40.275237798690796,70266
40.276127099990845,70266
40.27701139450073,70266
40.278313636779785,70266
40.27919578552246,70266
40.28007626533508,70266
40.28137922286987,70266
40.28225779533386,70266
40.28313875198364,70266
40.28401851654053,70266
40.28531813621521,70266
40.286208152770996,70266
40.287089347839355,70266
40.28839135169983,70266
40.289273500442505,70266
40.29015612602234,70266
40.29104018211365,70266
40.29234075546265,70266
40.29322004318237,70266
40.294097661972046,70266
40.295400619506836,70266
40.29629397392273,70266
40.297184467315674,70266
40.29806113243103,70266
40.29935908317566,70266
40.300241231918335,70266
40.3011200428009,70266
40.302003383636475,70266
40.30330777168274,70266
40.3041877746582,70266
40.30506682395935,70266
40.306384563446045,70266
40.30727505683899,70266
40.30816078186035,70266
40.30904459953308,70266
40.310349464416504,70266
40.31123185157776,70266
40.31211304664612,70266
40.31341791152954,70266
40.31430125236511,70266
40.31518483161926,70266
40.31607365608215,70266
40.31737780570984,70266
40.318259954452515,70266
40.319143295288086,70266
40.32002663612366,70266
40.32132911682129,70266
40.32220911979675,70266
40.32309079170227,70266
40.324392795562744,70266
40.32527685165405,70266
40.32616972923279,70266
40.32705616950989,70266
40.32836127281189,70266
40.32924294471741,70266
40.33012413978577,70266
40.33100771903992,70266
40.33231043815613,70266
40.33319139480591,70266
40.334073305130005,70266
40.3353750705719,70266
40.33626389503479,70266
40.33714437484741,70266
40.33802604675293,70266
40.33932948112488,70266
40.34020948410034,70266
40.34109115600586,70266
40.34239315986633,70266
40.34327435493469,70266
40.34415364265442,70266
40.34503436088562,70266
40.34634852409363,70266
40.347228050231934,70266
40.34810709953308,70266
40.34941005706787,70266
40.35029077529907,70266
40.351171016693115,70266
40.35205268859863,70266
40.353355169296265,70266
40.3542366027832,70266
40.355116844177246,70266
40.356011390686035,70266
40.35731387138367,70266
40.358197927474976,70266
40.35908055305481,70266
40.36038637161255,70266
40.36126899719238,70266
40.36215376853943,70266
40.36303758621216,70266
40.36434078216553,70266
40.36522054672241,70266
40.3661093711853,70266
40.36741495132446,70266
40.368295431137085,70266
40.36917448043823,70266
40.37005400657654,70266
40.371357440948486,70266
40.37224054336548,70266
40.37312173843384,70266
40.37400722503662,70266
40.37531018257141,70266
40.3762047290802,70266
40.37708806991577,70266
40.37838649749756,70266
40.379268169403076,70266
40.38014793395996,70266
40.381027936935425,70266
40.38233160972595,70266
40.38320875167847,70266
40.38408613204956,70266
40.38538861274719,70266
40.386279821395874,70266
40.38716268539429,70266
40.38804388046265,70266
40.3893461227417,70266
40.39022660255432,70266
40.39110445976257,70266
40.39240288734436,70266
40.39328718185425,70266
40.39417052268982,70266
40.39505362510681,70266
40.39636588096619,70266
40.39724612236023,70266
40.39812469482422,70266
40.399008989334106,70266
40.40031027793884,70266
40.401188373565674,70266
40.40206837654114,70266
40.40337371826172,70266
40.40425515174866,70266
40.405139207839966,70266
40.40603232383728,70266
40.40733337402344,70266
40.40821099281311,70266
40.40909147262573,70266
40.41039443016052,70266
40.411274433135986,70266
40.41215443611145,70266
40.41303515434265,70266
40.41433811187744,70266
40.41521883010864,70266
40.41610884666443,70266
40.417410135269165,70266
40.418294191360474,70266
40.41917562484741,70266
40.42005944252014,70266
40.42136240005493,70266
40.42224431037903,70266
40.423121213912964,70266
40.42400407791138,70266
40.42530965805054,70266
40.42620134353638,70266
40.427083015441895,70266
40.428382873535156,70266
40.42926478385925,70266
40.430145025253296,70266
40.43102693557739,70266
40.43232870101929,70266
40.433207750320435,70266
40.434086084365845,70266
40.43538570404053,70266
40.43627405166626,70266
40.4371554851532,70266
40.43803882598877,70266
40.439342737197876,70266
40.440224409103394,70266
40.44110321998596,70266
40.44240665435791,70266
40.44328832626343,70266
40.44417071342468,70266
40.44505000114441,70266
40.44636249542236,70266
40.44724178314209,70266
40.448121070861816,70266
40.44900441169739,70266
40.45030617713928,70266
40.4511878490448,70266
40.452070474624634,70266
40.45337152481079,70266
40.45425200462341,70266
40.45513105392456,70266
40.45602560043335,70266
40.45732378959656,70266
40.45820426940918,70266
40.459086894989014,70266
40.46038818359375,70266
40.46126651763916,70266
40.46214532852173,70266
40.46302556991577,70266
40.46432638168335,70266
40.46520447731018,70266
40.46609401702881,70266
40.46739721298218,70266
40.468278646469116,70266
40.46916222572327,70266
40.47004699707031,70266
40.47135257720947,70266
40.472230195999146,70266
40.4731125831604,70266
40.47441649436951,70266
40.47530770301819,70266
40.47620129585266,70266
40.47708487510681,70266
40.47839164733887,70266
40.47927498817444,70266
40.48015904426575,70266
40.481043338775635,70266
40.48234724998474,70266
40.483229875564575,70266
40.484111070632935,70266
40.485414028167725,70266
40.48630738258362,70266
40.48719024658203,70266
40.4880690574646,70266
40.48937177658081,70266
40.4902560710907,70266
40.491140842437744,70266
40.49202632904053,70266
40.49333047866821,70266
40.49420928955078,70266
40.4950909614563,70266
40.496405363082886,70266
40.497288942337036,70266
40.498167991638184,70266
40.49904441833496,70266
40.50034809112549,70266
40.5012264251709,70266
40.50210785865784,70266
40.50341057777405,70266
40.504294633865356,70266
40.5051748752594,70266
40.50606346130371,70266
40.507365465164185,70266
40.50824570655823,70266
40.50912690162659,70266
40.510008335113525,70266
40.51131248474121,70266
40.51219391822815,70266
40.513078451156616,70266
40.51438069343567,70266
40.5152633190155,70266
40.51615118980408,70266
40.51703381538391,70266
40.51833534240723,70266
40.51921725273132,70266
40.52009916305542,70266
40.52139925956726,70266
40.52227854728699,70266
40.52316069602966,70266
40.524044036865234,70266
40.52534508705139,70266
40.526233434677124,70266
40.527116775512695,70266
40.52841806411743,70266
40.52929925918579,70266
40.530190229415894,70266
40.53107404708862,70266
40.532376289367676,70266
40.533257722854614,70266
40.534141540527344,70266
40.53502440452576,70266
40.536335945129395,70266
40.5372154712677,70266
40.53809428215027,70266
40.53939700126648,70266
40.540279388427734,70266
40.541159868240356,70266
40.542038440704346,70266
40.5433406829834,70266
40.54422163963318,70266
40.54509711265564,70266
40.546408891677856,70266
40.54729080200195,70266
40.54817295074463,70266
40.549054861068726,70266
40.55035638809204,70266
40.551234006881714,70266
40.552112340927124,70266
40.55341124534607,70266
40.5542938709259,70266
40.555174589157104,70266
40.556063652038574,70266
40.55736708641052,70266
40.55824828147888,70266
40.5591299533844,70266
40.56001162528992,70266
40.56131386756897,70266
40.562193870544434,70266
40.56307291984558,70266
40.564372301101685,70266
40.56525206565857,70266
40.56614303588867,70266
40.56702446937561,70266
40.56832671165466,70266
40.56920599937439,70266
40.57008695602417,70266
40.57138657569885,70266
40.57226848602295,70266
40.573150396347046,70266
40.574028730392456,70266
40.57532787322998,70266
40.57621669769287,70266
40.57709503173828,70266
40.57839751243591,70266
40.57927966117859,70266
40.580158710479736,70266
40.58103895187378,70266
40.582340478897095,70266
40.58322024345398,70266
40.58410406112671,70266
40.58540654182434,70266
40.586297035217285,70266
40.587178230285645,70266
40.58805847167969,70266
40.589359521865845,70266
40.590237617492676,70266
40.591116189956665,70266
40.59241843223572,70266
40.593300580978394,70266
40.59418201446533,70266
40.59506058692932,70266
40.59637713432312,70266
40.597257137298584,70266
40.598138093948364,70266
40.59902000427246,70266
40.600319385528564,70266
40.6012020111084,70266
40.60208249092102,70266
40.603384256362915,70266
40.60426878929138,70266
40.60515022277832,70266
40.60604429244995,70266
40.60734796524048,70266
40.60822916030884,70266
40.609108209609985,70266
40.61040925979614,70266
40.61129188537598,70266
40.61217212677002,70266
40.61305284500122,70266
40.61435794830322,70266
40.615236043930054,70266
40.61612415313721,70266
40.61700701713562,70266
40.61831092834473,70266
40.61919164657593,70266
40.62006950378418,70266
40.6213698387146,70266
40.62224769592285,70266
40.623127937316895,70266
40.62401056289673,70266
40.625314474105835,70266
40.626203536987305,70266
40.627084493637085,70266
40.62838697433472,70266
40.62926983833313,70266
40.630149602890015,70266
40.631032943725586,70266
40.63233280181885,70266
40.63321280479431,70266
40.6340913772583,70266
40.63539457321167,70266
40.63628554344177,70266
40.637166023254395,70266
40.638046741485596,70266
40.639347314834595,70266
40.64022636413574,70266
40.641103744506836,70266
40.64240622520447,70266
40.64329433441162,70266
40.644176721572876,70266
40.64505624771118,70266
40.64636564254761,70266
40.64724254608154,70266
40.64812207221985,70266
40.64942026138306,70266
40.65030097961426,70266
40.65117812156677,70266
40.65205931663513,70266
40.65336275100708,70266
40.65424299240112,70266
40.655123710632324,70266
40.65601587295532,70266
40.65732192993164,70266
40.65820360183716,70266
40.65908479690552,70266
40.660388231277466,70266
40.66126823425293,70266
40.66215181350708,70266
40.66303253173828,70266
40.6643340587616,70266
40.66521143913269,70266
40.666098833084106,70266
40.66740131378174,70266
40.6682825088501,70266
40.66916298866272,70266
40.6700439453125,70266
40.67134642601013,70266
40.6722252368927,70266
40.67310667037964,70266
40.67441153526306,70266
40.67529559135437,70266
40.676185846328735,70266
40.677069425582886,70266
40.67837071418762,70266
40.67925024032593,70266
40.68013024330139,70266
40.681013107299805,70266
40.68231248855591,70266
40.68319392204285,70266
40.6840763092041,70266
40.68537926673889,70266
40.68627214431763,70266
40.6871542930603,70266
40.6880362033844,70266
40.689340353012085,70266
40.690221071243286,70266
40.691100120544434,70266
40.69240069389343,70266
40.69328212738037,70266
40.69416093826294,70266
40.69504141807556,70266
40.696354389190674,70266
40.697232246398926,70266
40.698110580444336,70266
40.69941520690918,70266
40.7002968788147,70266
40.701178550720215,70266
40.702057123184204,70266
40.703359603881836,70266
40.7042396068573,70266
40.70511984825134,70266
40.706013679504395,70266
40.70731329917908,70266
40.7081937789917,70266
40.709073543548584,70266
40.71037483215332,70266
40.71125316619873,70266
40.71213436126709,70266
40.713014125823975,70266
40.714317321777344,70266
40.71519756317139,70266
40.71608924865723,70266
40.7173912525177,70266
40.71827030181885,70266
40.719152212142944,70266
40.72003149986267,70266
40.72133445739746,70266
40.72221398353577,70266
40.72309350967407,70266
40.724395513534546,70266
40.72527837753296,70266
40.72617268562317,70266
40.72705578804016,70266
40.72836184501648,70266
40.7292423248291,70266
40.730122327804565,70266
40.73100399971008,70266
40.73231339454651,70266
40.73319625854492,70266
40.73407864570618,70266
40.735379219055176,70266
40.7362699508667,70266
40.73715043067932,70266
40.738030433654785,70266
40.739333391189575,70266
40.74021291732788,70266
40.741095542907715,70266
40.74239730834961,70266
40.74327993392944,70266
40.744163036346436,70266
40.745044231414795,70266
40.74636173248291,70266
40.747244119644165,70266
40.748125314712524,70266
40.74900698661804,70266
40.75030755996704,70266
40.7511887550354,70266
40.75206923484802,70266
40.75337314605713,70266
40.75425171852112,70266
40.75513315200806,70266
40.756023645401,70266
40.757323265075684,70266
40.75820231437683,70266
40.75908422470093,70266
40.760382652282715,70266
40.761263608932495,70266
40.76214265823364,70266
40.76302218437195,70266
40.764323234558105,70266
40.765207052230835,70266
40.76609826087952,70266
40.76740121841431,70266
40.76828336715698,70266
40.76916694641113,70266
40.770047664642334,70266
40.77135252952576,70266
40.77223491668701,70266
40.77311897277832,70266
40.77442264556885,70266
40.77530527114868,70266
40.776198863983154,70266
40.77708148956299,70266
40.77838444709778,70266
40.77926683425903,70266
40.780147314071655,70266
40.78102731704712,70266
40.78233003616333,70266
40.783210039138794,70266
40.78408908843994,70266
40.78539037704468,70266
40.786280155181885,70266
40.787158489227295,70266
40.78803777694702,70266
40.78933835029602,70266
40.79021739959717,70266
40.79109859466553,70266
40.792399406433105,70266
40.79327917098999,70266
40.794159173965454,70266
40.7950382232666,70266
40.79635286331177,70266
40.79723620414734,70266
40.79811763763428,70266
40.79941749572754,70266
40.800299882888794,70266
40.8011794090271,70266
40.80205821990967,70266
40.8033607006073,70266
40.80423974990845,70266
40.80511665344238,70266
40.80601215362549,70266
40.8073148727417,70266
40.80819582939148,70266
40.809082984924316,70266
40.81038761138916,70266
40.81127619743347,70266
40.81215476989746,70266
40.81303691864014,70266
40.81433939933777,70266
40.815218448638916,70266
40.816104888916016,70266
40.81740713119507,70266
40.81828951835632,70266
40.81917071342468,70266
40.82005214691162,70266
40.821354389190674,70266
40.822235107421875,70266
40.82311797142029,70266
40.824419021606445,70266
40.82530212402344,70266
40.82619643211365,70266
40.827075242996216,70266
40.82837653160095,70266
40.82925844192505,70266
40.83013939857483,70266
40.83102011680603,70266
40.8323233127594,70266
40.83320665359497,70266
40.83408784866333,70266
40.835389852523804,70266
40.83627963066101,70266
40.83716106414795,70266
40.83804273605347,70266
40.83934259414673,70266
40.8402214050293,70266
40.84110164642334,70266
40.84240365028381,70266
40.843284130096436,70266
40.84416437149048,70266
40.84504413604736,70266
40.846360206604004,70266
40.84723949432373,70266
40.84811782836914,70266
40.84941864013672,70266
40.850300788879395,70266
40.85117959976196,70266
40.852060079574585,70266
40.85336375236511,70266
40.85424304008484,70266
40.8551230430603,70266
40.85601592063904,70266
40.85732173919678,70266
40.858201026916504,70266
40.85908102989197,70266
40.86038613319397,70266
40.861265897750854,70266
40.86214804649353,70266
40.863030195236206,70266
40.864331007003784,70266
40.86520957946777,70266
40.8660991191864,70266
40.86740064620972,70266
40.86828088760376,70266
40.86916208267212,70266
40.87004542350769,70266
40.87134623527527,70266
40.872225522994995,70266
40.87310457229614,70266
40.87441086769104,70266
40.875293493270874,70266
40.87618637084961,70266
40.87706661224365,70266
40.87836766242981,70266
40.87924814224243,70266
40.88013172149658,70266
40.88101530075073,70266
40.882317543029785,70266
40.88319969177246,70266
40.884082078933716,70266
40.88538360595703,70266
40.88627529144287,70266
40.88715744018555,70266
40.888038635253906,70266
40.889341831207275,70266
40.89022517204285,70266
40.89110231399536,70266
40.892406940460205,70266
40.893293619155884,70266
40.89417624473572,70266
40.895057678222656,70266
40.896371603012085,70266
40.897249937057495,70266
40.89813041687012,70266
40.89901304244995,70266
40.900312662124634,70266
40.90119004249573,70266
40.90206980705261,70266
40.90337085723877,70266
40.90424966812134,70266
40.90512800216675,70266
40.906020402908325,70266
40.9073212146759,70266
40.908203125,70266
40.909082889556885,70266
40.91038680076599,70266
40.91126823425293,70266
40.91214919090271,70266
40.913029193878174,70266
40.91433119773865,70266
40.91521120071411,70266
40.916101694107056,70266
40.91740441322327,70266
40.91828465461731,70266
40.919167280197144,70266
40.920050621032715,70266
40.921353816986084,70266
40.922234296798706,70266
40.92311382293701,70266
40.92441701889038,70266
40.92529797554016,70266
40.92618942260742,70266
40.92707347869873,70266
40.92837452888489,70266
40.929253578186035,70266
40.93013381958008,70266
40.931015729904175,70266
40.93231725692749,70266
40.93319821357727,70266
40.934078216552734,70266
40.93537878990173,70266
40.93626689910889,70266
40.93714714050293,70266
40.938029289245605,70266
40.93933176994324,70266
40.94021153450012,70266
40.94109296798706,70266
40.942399978637695,70266
40.943283796310425,70266
40.94416427612305,70266
40.94504737854004,70266
40.94636130332947,70266
40.94724082946777,70266
40.94811964035034,70266
40.94900298118591,70266
40.95030212402344,70266
40.95118021965027,70266
40.952059507369995,70266
40.95335817337036,70266
40.954238176345825,70266
40.95511436462402,70266
40.95600700378418,70266
40.957305669784546,70266
40.95818853378296,70266
40.95906853675842,70266
40.960368394851685,70266
40.96124792098999,70266
40.962127447128296,70266
40.96300745010376,70266
40.96431088447571,70266
40.96519231796265,70266
40.96608328819275,70266
40.9673867225647,70266
40.96826982498169,70266
40.969152212142944,70266
40.97003364562988,70266
40.97133755683899,70266
40.972217082977295,70266
40.973097801208496,70266
40.97439932823181,70266
40.975281715393066,70266
40.97617173194885,70266
40.97705078125,70266
40.978349447250366,70266
40.97923517227173,70266
40.98011517524719,70266
40.98141670227051,70266
40.982300996780396,70266
40.98318099975586,70266
40.98406195640564,70266
40.98536443710327,70266
40.98625445365906,70266
40.98713803291321,70266
40.98802208900452,70266
40.98932480812073,70266
40.990209102630615,70266
40.99109125137329,70266
40.99239182472229,70266
40.99327540397644,70266
40.99415826797485,70266
40.99503946304321,70266
40.9963493347168,70266
40.997230529785156,70266
40.9981107711792,70266
40.99941539764404,70266
41.0002965927124,70266
41.00117564201355,70266
41.0020592212677,70266
41.00336408615112,70266
41.00424551963806,70266
41.005125761032104,70266
41.00601840019226,70266
41.007322549819946,70266
41.008203983306885,70266
41.00908374786377,70266
41.01038694381714,70266
41.01126670837402,70266
41.012149810791016,70266
41.01303172111511,70266
41.01433515548706,70266
41.015215158462524,70266
41.01610565185547,70266
41.01740860939026,70266
41.018290281295776,70266
41.01917266845703,70266
41.02005434036255,70266
41.021358489990234,70266
41.02223992347717,70266
41.02312111854553,70266
41.024418354034424,70266
41.02529978752136,70266
41.02619123458862,70266
41.0270721912384,70266
41.028374433517456,70266
41.02925181388855,70266
41.030131578445435,70266
41.03101420402527,70266
41.03231906890869,70266
41.0331974029541,70266
41.03407526016235,70266
41.03537940979004,70266
41.03627014160156,70266
41.03715395927429,70266
41.03803467750549,70266
41.03933358192444,70266
41.04021096229553,70266
41.04109072685242,70266
41.042391300201416,70266
41.04327130317688,70266
41.04415249824524,70266
41.045034408569336,70266
41.0463502407074,70266
41.047229528427124,70266
41.0481071472168,70266
41.049405574798584,70266
41.050286293029785,70266
41.05116391181946,70266
41.05204486846924,70266
41.05334687232971,70266
41.054229736328125,70266
41.0551061630249,70266
41.056419372558594,70266
41.05730056762695,70266
41.058183431625366,70266
41.05906295776367,70266
41.06036376953125,70266
41.06124401092529,70266
41.06212282180786,70266
41.06300377845764,70266
41.064305782318115,70266
41.065186738967896,70266
41.066075801849365,70266
41.06737995147705,70266
41.0682590007782,70266
41.06914019584656,70266
41.07002139091492,70266
41.07132005691528,70266
41.07219886779785,70266
41.07308006286621,70266
41.074381828308105,70266
41.07526230812073,70266
41.07615351676941,70266
41.07703399658203,70266
41.07833528518677,70266
41.07921624183655,70266
41.080097913742065,70266
41.0814003944397,70266
41.08228302001953,70266
41.08316349983215,70266
41.084044456481934,70266
41.085349798202515,70266
41.086241245269775,70266
41.0871205329895,70266
41.08800435066223,70266
41.089306592941284,70266
41.09018921852112,70266
41.091068744659424,70266
41.092371702194214,70266
41.093252420425415,70266
41.09413433074951,70266
41.09501552581787,70266
41.0963294506073,70266
41.09721112251282,70266
41.0980908870697,70266
41.09939455986023,70266
41.10027766227722,70266
41.101158618927,70266
41.102041721343994,70266
41.103341579437256,70266
41.1042206287384,70266
41.10509967803955,70266
41.10641312599182,70266
41.10729622840881,70266
41.10817551612854,70266
41.10905647277832,70266
41.11035895347595,70266
41.11123967170715,70266
41.11211919784546,70266
41.11342263221741,70266
41.11430287361145,70266
41.11518573760986,70266
41.11607384681702,70266
41.11737608909607,70266
41.118258476257324,70266
41.119144439697266,70266
41.12002444267273,70266
41.1213264465332,70266
41.12220740318298,70266
41.12308955192566,70266
41.12439513206482,70266
41.125274419784546,70266
41.126166343688965,70266
41.127047538757324,70266
41.12834882736206,70266
41.12922930717468,70266
41.13011026382446,70266
41.131412744522095,70266
41.13229465484619,70266
41.133174896240234,70266
41.134055376052856,70266
41.135359048843384,70266
41.1362464427948,70266
41.137129068374634,70266
41.13801050186157,70266
41.1393187046051,70266
41.14020133018494,70266
41.14108324050903,70266
41.14238929748535,70266
41.143272399902344,70266
41.14415383338928,70266
41.14503359794617,70266
41.14635133743286,70266
41.1472384929657,70266
41.14811992645264,70266
41.149420976638794,70266
41.15030360221863,70266
41.15118336677551,70266
41.15206503868103,70266
41.15337133407593,70266
41.15425205230713,70266
41.15513730049133,70266
41.15603232383728,70266
41.157336711883545,70266
41.15821695327759,70266
41.159096240997314,70266
41.16039800643921,70266
41.16128087043762,70266
41.16216230392456,70266
41.163044452667236,70266
41.164345264434814,70266
41.16522479057312,70266
41.16612386703491,70266
41.16700839996338,70266
41.16831040382385,70266
41.16919279098511,70266
41.17007565498352,70266
41.171377658843994,70266
41.17225766181946,70266
41.17314314842224,70266
41.17402362823486,70266
41.175323247909546,70266
41.17621183395386,70266
41.177090883255005,70266
41.17839288711548,70266
41.17927622795105,70266
41.1801552772522,70266
41.181036710739136,70266
41.182339668273926,70266
41.18321681022644,70266
41.18409466743469,70266
41.18539643287659,70266
41.18628787994385,70266
41.18716859817505,70266
41.188050508499146,70266
41.18934965133667,70266
41.190229415893555,70266
41.19110703468323,70266
41.19240713119507,70266
41.19328999519348,70266
41.19417071342468,70266
41.19505214691162,70266
41.196362257003784,70266
41.19724130630493,70266
41.19811940193176,70266
41.199418783187866,70266
41.20030164718628,70266
41.20118284225464,70266
41.202062129974365,70266
41.20336127281189,70266
41.204240798950195,70266
41.2051203250885,70266
41.20601463317871,70266
41.20731520652771,70266
41.208197832107544,70266
41.20907735824585,70266
41.21037745475769,70266
41.211256980895996,70266
41.21213936805725,70266
41.21302080154419,70266
41.214319467544556,70266
41.21519994735718,70266
41.21609044075012,70266
41.21739053726196,70266
41.21827030181885,70266
41.21914887428284,70266
41.220030307769775,70266
41.221330642700195,70266
41.22220826148987,70266
41.22308850288391,70266
41.22439122200012,70266
41.2252721786499,70266
41.22616386413574,70266
41.227044105529785,70266
41.22834777832031,70266
41.22922682762146,70266
41.23010540008545,70266
41.23140501976013,70266
41.23228430747986,70266
41.23316407203674,70266
41.23404359817505,70266
41.23534393310547,70266
41.23622989654541,70266
41.237109899520874,70266
41.23840951919556,70266
41.239293575286865,70266
41.240177392959595,70266
41.24105882644653,70266
41.2423620223999,70266
41.24324035644531,70266
41.244120597839355,70266
41.24500370025635,70266
41.24631667137146,70266
41.24719476699829,70266
41.24807357788086,70266
41.24937677383423,70266
41.25025415420532,70266
41.251134157180786,70266
41.25201416015625,70266
41.25331473350525,70266
41.254196882247925,70266
41.255078077316284,70266
41.25639057159424,70266
41.2572717666626,70266
41.25815415382385,70266
41.25903058052063,70266
41.2603325843811,70266
41.26121163368225,70266
41.26209020614624,70266
41.26338839530945,70266
41.2642662525177,70266
41.265146017074585,70266
41.26603627204895,70266
41.2673397064209,70266
41.268219232559204,70266
41.26909685134888,70266
41.27039647102356,70266
41.27127766609192,70266
41.272157430648804,70266
41.273038387298584,70266
41.27433753013611,70266
41.27521467208862,70266
41.27610516548157,70266
41.2774076461792,70266
41.278290033340454,70266
41.2791690826416,70266
41.28004717826843,70266
41.28134846687317,70266
41.28222870826721,70266
41.28310775756836,70266
41.284409046173096,70266
41.28529357910156,70266
41.2861864566803,70266
41.28706741333008,70266
41.28836965560913,70266
41.2892484664917,70266
41.290128231048584,70266
41.29101085662842,70266
41.29231381416321,70266
41.2931969165802,70266
41.29407572746277,70266
41.29538345336914,70266
41.29627466201782,70266
41.29715657234192,70266
41.29803943634033,70266
41.29934048652649,70266
41.30022120475769,70266
41.30110311508179,70266
41.302407026290894,70266
41.303287744522095,70266
41.30417060852051,70266
41.30505037307739,70266
41.30636262893677,70266
41.30724549293518,70266
41.30812621116638,70266
41.30900812149048,70266
41.31031060218811,70266
41.31119179725647,70266
41.31207013130188,70266
41.31337594985962,70266
41.31426286697388,70266
41.3151535987854,70266
41.31605291366577,70266
41.31735420227051,70266
41.318233013153076,70266
41.319112062454224,70266
41.32041382789612,70266
41.3212993144989,70266
41.32217979431152,70266
41.323060274124146,70266
41.32436180114746,70266
41.32524085044861,70266
41.32612919807434,70266
41.32701015472412,70266
41.32831430435181,70266
41.32919716835022,70266
41.330076456069946,70266
41.33137631416321,70266
41.332255601882935,70266
41.333136558532715,70266
41.33401656150818,70266
41.33531904220581,70266
41.336209774017334,70266
41.337087631225586,70266
41.33838939666748,70266
41.33926725387573,70266
41.3401460647583,70266
41.34102725982666,70266
41.342326402664185,70266
41.34320569038391,70266
41.344085693359375,70266
41.345388889312744,70266
41.346277952194214,70266
41.34715700149536,70266
41.34803628921509,70266
41.34933662414551,70266
41.35021781921387,70266
41.35109519958496,70266
41.35239839553833,70266
41.353281021118164,70266
41.35416078567505,70266
41.35504364967346,70266
41.35635709762573,70266
41.3572359085083,70266
41.358116149902344,70266
41.35941934585571,70266
41.36030316352844,70266
41.361183404922485,70266
41.362062215805054,70266
41.36336421966553,70266
41.36424469947815,70266
41.36512327194214,70266
41.366018295288086,70266
41.36732292175293,70266
41.36820316314697,70266
41.369083642959595,70266
41.370386600494385,70266
41.37126660346985,70266
41.37214636802673,70266
41.37302851676941,70266
41.37433171272278,70266
41.37521266937256,70266
41.37610149383545,70266
41.37740778923035,70266
41.37829089164734,70266
41.37917184829712,70266
41.380051374435425,70266
41.38135623931885,70266
41.382237911224365,70266
41.38311767578125,70266
41.38442039489746,70266
41.38530468940735,70266
41.38619828224182,70266
41.3870804309845,70266
41.388381004333496,70266
41.389260053634644,70266
41.390140533447266,70266
41.39101982116699,70266
41.39232039451599,70266
41.39319968223572,70266
41.394083976745605,70266
41.395384311676025,70266
41.39627814292908,70266
41.39716386795044,70266
41.398045778274536,70266
41.399348974227905,70266
41.400227308273315,70266
41.40110659599304,70266
41.4024076461792,70266
41.40328884124756,70266
41.40417170524597,70266
41.40505290031433,70266
41.406362771987915,70266
41.40724301338196,70266
41.40812110900879,70266
41.40900540351868,70266
41.41030788421631,70266
41.41118907928467,70266
41.41206693649292,70266
41.413368701934814,70266
41.41425061225891,70266
41.41513228416443,70266
41.41602540016174,70266
41.41732740402222,70266
41.4182071685791,70266
41.419084548950195,70266
41.420387268066406,70266
41.42126989364624,70266
41.422152042388916,70266
41.423032999038696,70266
41.424333810806274,70266
41.425214529037476,70266
41.42610549926758,70266
41.427405834198,70266
41.42828845977783,70266
41.42916774749756,70266
41.43004846572876,70266
41.43134880065918,70266
41.43222784996033,70266
41.433106422424316,70266
41.43440580368042,70266
41.43528914451599,70266
41.43618321418762,70266
41.437063217163086,70266
41.43836545944214,70266
41.439244508743286,70266
41.44012212753296,70266
41.441423177719116,70266
41.442306995391846,70266
41.443188428878784,70266
41.44406843185425,70266
41.44537115097046,70266
41.44626069068909,70266
41.4471435546875,70266
41.44802498817444,70266
41.44932532310486,70266
41.450204849243164,70266
41.45108652114868,70266
41.452391386032104,70266
41.45327115058899,70266
41.45415282249451,70266
41.455034255981445,70266
41.456339836120605,70266
41.457218408584595,70266
41.45810008049011,70266
41.45940327644348,70266
41.460284948349,70266
41.46116495132446,70266
41.46204686164856,70266
41.463348150253296,70266
41.46423077583313,70266
41.46511197090149,70266
41.46600532531738,70266
41.46730828285217,70266
41.46818733215332,70266
41.46906757354736,70266
41.47036910057068,70266
41.47124981880188,70266
41.4721302986145,70266
41.473012924194336,70266
41.47431707382202,70266
41.4751992225647,70266
41.4760901927948,70266
41.477394104003906,70266
41.478273153305054,70266
41.479153871536255,70266
41.48003602027893,70266
41.481338024139404,70266
41.482216596603394,70266
41.483102560043335,70266
41.484405755996704,70266
41.48528814315796,70266
41.48618125915527,70266
41.48706245422363,70266
41.48836803436279,70266
41.48924708366394,70266
41.49012899398804,70266
41.491013288497925,70266
41.492316484451294,70266
41.493196964263916,70266
41.49407911300659,70266
41.495381116867065,70266
41.49626898765564,70266
41.49714922904968,70266
41.498032093048096,70266
41.49933481216431,70266
41.50021433830261,70266
41.50109076499939,70266
41.5023934841156,70266
41.50327467918396,70266
41.50415921211243,70266
41.50503897666931,70266
41.506351947784424,70266
41.507232427597046,70266
41.50811243057251,70266
41.50941061973572,70266
41.51029324531555,70266
41.5111722946167,70266
41.512052059173584,70266
41.51335263252258,70266
41.5142343044281,70266
41.51511359214783,70266
41.516008377075195,70266
41.51730918884277,70266
41.518189907073975,70266
41.519070863723755,70266
41.52037334442139,70266
41.52125406265259,70266
41.52213501930237,70266
41.523014545440674,70266
41.52431344985962,70266
41.52519416809082,70266
41.526084423065186,70266
41.527382135391235,70266
41.5282621383667,70266
41.52914047241211,70266
41.53003001213074,70266
41.53133034706116,70266
41.53221082687378,70266
41.53308987617493,70266
41.53439211845398,70266
41.535274505615234,70266
41.53616690635681,70266
41.537046670913696,70266
41.53835153579712,70266
41.53922891616821,70266
41.54010844230652,70266
41.54140830039978,70266
41.542287826538086,70266
41.54316806793213,70266
41.544050216674805,70266
41.545353174209595,70266
41.54624533653259,70266
41.54712510108948,70266
41.54800581932068,70266
41.54930830001831,70266
41.55018949508667,70266
41.55106973648071,70266
41.552369832992554,70266
41.553250789642334,70266
41.55412936210632,70266
41.555009603500366,70266
41.55632305145264,70266
41.557202100753784,70266
41.55808115005493,70266
41.55938458442688,70266
41.56026363372803,70266
41.561142444610596,70266
41.5620219707489,70266
41.563324213027954,70266
41.564204692840576,70266
41.565088510513306,70266
41.5664005279541,70266
41.56728005409241,70266
41.56816077232361,70266
41.569040298461914,70266
41.57034373283386,70266
41.571224212646484,70266
41.572105169296265,70266
41.573405742645264,70266
41.57429218292236,70266
41.57517385482788,70266
41.57606554031372,70266
41.57736563682556,70266
41.57824444770813,70266
41.579121589660645,70266
41.58042287826538,70266
41.58130621910095,70266
41.582186460494995,70266
41.58306884765625,70266
41.58436989784241,70266
41.58524966239929,70266
41.5861394405365,70266
41.58701992034912,70266
41.58832240104675,70266
41.58920359611511,70266
41.59008574485779,70266
41.59138894081116,70266
41.59226846694946,70266
41.593151807785034,70266
41.594034910202026,70266
41.59533715248108,70266
41.59622764587402,70266
41.59710884094238,70266
41.59841227531433,70266
41.59929585456848,70266
41.600176095962524,70266
41.60105609893799,70266
41.60235643386841,70266
41.60323524475098,70266
41.6041145324707,70266
41.60542154312134,70266
41.60631585121155,70266
41.60719895362854,70266
41.60807967185974,70266
41.60938239097595,70266
41.61026382446289,70266
41.61114454269409,70266
41.612024545669556,70266
41.6133246421814,70266
41.61420440673828,70266
41.61508536338806,70266
41.616398334503174,70266
41.617278814315796,70266
41.61815929412842,70266
41.61904191970825,70266
41.62034463882446,70266
41.621222257614136,70266
41.62210035324097,70266
41.623400926589966,70266
41.624284505844116,70266
41.62516760826111,70266
41.626057624816895,70266
41.62736487388611,70266
41.628246545791626,70266
41.629127502441406,70266
41.630011796951294,70266
41.63131785392761,70266
41.63219976425171,70266
41.63308310508728,70266
41.63438677787781,70266
41.635271310806274,70266
41.63616371154785,70266
41.63704586029053,70266
41.63835048675537,70266
41.639235734939575,70266
41.64011764526367,70266
41.64141917228699,70266
41.64230489730835,70266
41.643189668655396,70266
41.64407157897949,70266
41.64537453651428,70266
41.646265745162964,70266
41.6471483707428,70266
41.64803171157837,70266
41.64933776855469,70266
41.65021991729736,70266
41.65110540390015,70266
41.65240693092346,70266
41.65328574180603,70266
41.65416955947876,70266
41.655048847198486,70266
41.65636229515076,70266
41.65724158287048,70266
41.65812158584595,70266
41.65900373458862,70266
41.66030502319336,70266
41.66118550300598,70266
41.66206669807434,70266
41.66336917877197,70266
41.664247274398804,70266
41.66512846946716,70266
41.66604423522949,70266
41.66735076904297,70266
41.66823077201843,70266
41.66911268234253,70266
41.67041492462158,70266
41.671300172805786,70266
41.67218017578125,70266
41.67306208610535,70266
41.674362897872925,70266
41.6752393245697,70266
41.676127195358276,70266
41.67700934410095,70266
41.67831063270569,70266
41.679189920425415,70266
41.68007159233093,70266
41.681376695632935,70266
41.68225812911987,70266
41.68314027786255,70266
41.68402338027954,70266
41.685325145721436,70266
41.686214208602905,70266
41.68709349632263,70266
41.688395977020264,70266
41.68927979469299,70266
41.690163373947144,70266
41.69104623794556,70266
41.692349910736084,70266
41.693233251571655,70266
41.6941123008728,70266
41.69541668891907,70266
41.6963095664978,70266
41.69718909263611,70266
41.69807028770447,70266
41.6993727684021,70266
41.70025420188904,70266
41.70113563537598,70266
41.702014207839966,70266
41.703314542770386,70266
41.70419645309448,70266
41.705078125,70266
41.70639157295227,70266
41.70727276802063,70266
41.70815324783325,70266
41.70903420448303,70266
41.71033477783203,70266
41.71121549606323,70266
41.712095975875854,70266
41.71339559555054,70266
41.714277267456055,70266
41.71516132354736,70266
41.71605372428894,70266
41.717355728149414,70266
41.71823334693909,70266
41.71911430358887,70266
41.72041392326355,70266
41.72129583358765,70266
41.72217798233032,70266
41.72305607795715,70266
41.724361181259155,70266
41.725239515304565,70266
41.726128816604614,70266
41.72701382637024,70266
41.72831416130066,70266
41.72919511795044,70266
41.7300751209259,70266
41.731379985809326,70266
41.73226284980774,70266
41.73314356803894,70266
41.73402500152588,70266
41.73532581329346,70266
41.73621678352356,70266
41.73709964752197,70266
41.73840260505676,70266
41.73928689956665,70266
41.74017071723938,70266
41.741053342819214,70266
41.74235534667969,70266
41.74323630332947,70266
41.744117975234985,70266
41.74542307853699,70266
41.74631690979004,70266
41.7471969127655,70266
41.748077630996704,70266
41.74938082695007,70266
41.75026035308838,70266
41.7511420249939,70266
41.75202226638794,70266
41.753324031829834,70266
41.7542028427124,70266
41.75508522987366,70266
41.75639629364014,70266
41.75727915763855,70266
41.75816106796265,70266
41.75904107093811,70266
41.760342597961426,70266
41.76122212409973,70266
41.76210284233093,70266
41.76340293884277,70266
41.764286041259766,70266
41.76516652107239,70266
41.766058921813965,70266
41.7673614025116,70266
41.76823949813843,70266
41.76911973953247,70266
41.770004987716675,70266
41.771310329437256,70266
41.772191286087036,70266
41.77307415008545,70266
41.77437615394592,70266
41.77525496482849,70266
41.77614617347717,70266
41.77702879905701,70266
41.7783317565918,70266
41.779210805892944,70266
41.78009223937988,70266
41.781394243240356,70266
41.782275915145874,70266
41.78315448760986,70266
41.784035444259644,70266
41.78533959388733,70266
41.786229610443115,70266
41.78711175918579,70266
41.78841471672058,70266
41.7892963886261,70266
41.790175914764404,70266
41.791053771972656,70266
41.79235601425171,70266
41.79323601722717,70266
41.794116497039795,70266
41.795419692993164,70266
41.796313762664795,70266
41.79719352722168,70266
41.79807496070862,70266
41.799376249313354,70266
41.800256967544556,70266
41.80113911628723,70266
41.802024126052856,70266
41.803325176239014,70266
41.80420732498169,70266
41.80508804321289,70266
41.806405544281006,70266
41.80729126930237,70266
41.808175563812256,70266
41.809059143066406,70266
41.810365438461304,70266
41.81124663352966,70266
41.81212759017944,70266
41.8130087852478,70266
41.814311504364014,70266
41.81519269943237,70266
41.81608319282532,70266
41.81738567352295,70266
41.81826734542847,70266
41.8191556930542,70266
41.82003903388977,70266
41.821338415145874,70266
41.82221961021423,70266
41.82310152053833,70266
41.824405908584595,70266
41.825289726257324,70266
41.82618188858032,70266
41.827064514160156,70266
41.828368186950684,70266
41.82925009727478,70266
41.83013153076172,70266
41.83101224899292,70266
41.832316160202026,70266
41.83320212364197,70266
41.83408260345459,70266
41.83538484573364,70266
41.836275577545166,70266
41.83715891838074,70266
41.83803987503052,70266
41.83934283256531,70266
41.84022116661072,70266
41.84110069274902,70266
41.8424015045166,70266
41.8432834148407,70266
41.844165086746216,70266
41.84504771232605,70266
41.84636092185974,70266
41.8472421169281,70266
41.84812140464783,70266
41.84942150115967,70266
41.8503041267395,70266
41.85118532180786,70266
41.852065324783325,70266
41.853371143341064,70266
41.85425114631653,70266
41.855130434036255,70266
41.85602355003357,70266
41.85732555389404,70266
41.858205795288086,70266
41.85908627510071,70266
41.86038899421692,70266
41.86126947402954,70266
41.86215114593506,70266
41.86303353309631,70266
41.86433672904968,70266
41.86521863937378,70266
41.86610960960388,70266
41.86741495132446,70266
41.868297815322876,70266
41.86917972564697,70266
41.87006187438965,70266
41.87136363983154,70266
41.87224721908569,70266
41.873126745224,70266
41.87400960922241,70266
41.87531065940857,70266
41.87619972229004,70266
41.87707781791687,70266
41.87837791442871,70266
41.879257678985596,70266
41.880136251449585,70266
41.88101816177368,70266
41.88231945037842,70266
41.88319969177246,70266
41.884079694747925,70266
41.88538360595703,70266
41.88627338409424,70266
41.88715386390686,70266
41.888036489486694,70266
41.88933730125427,70266
41.89021968841553,70266
41.89109778404236,70266
41.89239954948425,70266
41.89328360557556,70266
41.89416575431824,70266
41.8950457572937,70266
41.89635968208313,70266
41.897238969802856,70266
41.898120164871216,70266
41.8990044593811,70266
41.90030527114868,70266
41.90118336677551,70266
41.90206551551819,70266
41.9033682346344,70266
41.904247522354126,70266
41.90512943267822,70266
41.90602159500122,70266
41.90732550621033,70266
41.908207416534424,70266
41.909085512161255,70266
41.91039156913757,70266
41.91127371788025,70266
41.912156105041504,70266
41.91303491592407,70266
41.91433596611023,70266
41.91521716117859,70266
41.916106939315796,70266
41.917412757873535,70266
41.918296813964844,70266
41.91917824745178,70266
41.92005777359009,70266
41.92136073112488,70266
41.92224097251892,70266
41.92311906814575,70266
41.924423694610596,70266
41.92530584335327,70266
41.926199436187744,70266
41.9270806312561,70266
41.928383350372314,70266
41.92926526069641,70266
41.93014478683472,70266
41.931026220321655,70266
41.93232607841492,70266
41.93320608139038,70266
41.93408679962158,70266
41.93539237976074,70266
41.936283588409424,70266
41.937164545059204,70266
41.93804478645325,70266
41.93934893608093,70266
41.940229177474976,70266
41.94110894203186,70266
41.94241189956665,70266
41.94329023361206,70266
41.94417119026184,70266
41.94505214691162,70266
41.946364879608154,70266
41.947242975234985,70266
41.94812297821045,70266
41.94900393486023,70266
41.95030665397644,70266
41.95118808746338,70266
41.952067375183105,70266
41.95336675643921,70266
41.95424675941467,70266
41.95512795448303,70266
41.95602107048035,70266
41.95732069015503,70266
41.95820069313049,70266
41.95908308029175,70266
41.96038579940796,70266
41.961266040802,70266
41.96214985847473,70266
41.963032960891724,70266
41.9643349647522,70266
41.965214252471924,70266
41.96610450744629,70266
41.96740937232971,70266
41.968292236328125,70266
41.969176054000854,70266
41.97005772590637,70266
41.971360206604004,70266
41.97224187850952,70266
41.973121643066406,70266
41.97400403022766,70266
41.97530698776245,70266
41.976200580596924,70266
41.977081060409546,70266
41.978384494781494,70266
41.97926688194275,70266
41.98015022277832,70266
41.98103380203247,70266
41.98233890533447,70266
41.98322010040283,70266
41.98410081863403,70266
41.98540234565735,70266
41.98629331588745,70266
41.98717999458313,70266
41.988059520721436,70266
41.98936104774475,70266
41.99024176597595,70266
41.9911208152771,70266
41.99242162704468,70266
41.993303060531616,70266
41.99418234825134,70266
41.99506092071533,70266
41.99637413024902,70266
41.99725317955017,70266
41.99813270568848,70266
41.9990177154541,70266
42.000322580337524,70266
42.0012047290802,70266
42.00208616256714,70266
42.003385066986084,70266
42.00426721572876,70266
42.005146503448486,70266
42.00603985786438,70266
42.00734233856201,70266
42.00822162628174,70266
42.00910139083862,70266
42.01040554046631,70266
42.01128888130188,70266
42.01217198371887,70266
42.01305413246155,70266
42.01435565948486,70266
42.015235900878906,70266
42.01612329483032,70266
42.01700782775879,70266
42.01831078529358,70266
42.0191924571991,70266
42.02007460594177,70266
42.02137637138367,70266
42.02225732803345,70266
42.023138999938965,70266
42.02402186393738,70266
42.025323152542114,70266
42.026217222213745,70266
42.02709722518921,70266
42.02839994430542,70266
42.02928328514099,70266
42.03015995025635,70266
42.031041622161865,70266
42.03234601020813,70266
42.03322768211365,70266
42.034106492996216,70266
42.03540635108948,70266
42.036298990249634,70266
42.037179946899414,70266
42.0380597114563,70266
42.03936290740967,70266
42.040241718292236,70266
42.04111933708191,70266
42.04241991043091,70266
42.04330229759216,70266
42.04418468475342,70266
42.04506492614746,70266
42.04637813568115,70266
42.04725909233093,70266
42.04814529418945,70266
42.04902672767639,70266
42.05032968521118,70266
42.05121040344238,70266
42.05208897590637,70266
42.053393840789795,70266
42.05427551269531,70266
42.055158615112305,70266
42.056053161621094,70266
42.05735754966736,70266
42.05823850631714,70266
42.05911660194397,70266
42.06042122840881,70266
42.0613055229187,70266
42.06219005584717,70266
42.06307029724121,70266
42.064371824264526,70266
42.065250635147095,70266
42.06614327430725,70266
42.06702756881714,70266
42.06833100318909,70266
42.06921148300171,70266
42.07009243965149,70266
42.071394205093384,70266
42.07227563858032,70266
42.07315516471863,70266
42.07403874397278,70266
42.0753436088562,70266
42.07623219490051,70266
42.077112436294556,70266
42.07841658592224,70266
42.07929968833923,70266
42.08018231391907,70266
42.081063747406006,70266
42.08236479759216,70266
42.08324646949768,70266
42.0841269493103,70266
42.08500933647156,70266
42.08632040023804,70266
42.087199211120605,70266
42.088083267211914,70266
42.08938813209534,70266
42.09026908874512,70266
42.09114956855774,70266
42.0920307636261,70266
42.093332290649414,70266
42.0942120552063,70266
42.09509086608887,70266
42.09640908241272,70266
42.09729242324829,70266
42.098172664642334,70266
42.09905481338501,70266
42.10035824775696,70266
42.101237058639526,70266
42.10211753845215,70266
42.10342025756836,70266
42.10430717468262,70266
42.105188608169556,70266
42.106077432632446,70266
42.107380867004395,70266
42.10826349258423,70266
42.10914635658264,70266
42.11002826690674,70266
42.111337423324585,70266
42.11221885681152,70266
42.11309766769409,70266
42.114402294158936,70266
42.115286111831665,70266
42.11617946624756,70266
42.11706042289734,70266
42.11836338043213,70266
42.119245529174805,70266
42.12012457847595,70266
42.121007442474365,70266
42.12231230735779,70266
42.12319374084473,70266
42.12407445907593,70266
42.1253764629364,70266
42.126269578933716,70266
42.12715148925781,70266
42.12803363800049,70266
42.129337310791016,70266
42.13021779060364,70266
42.13110136985779,70266
42.132405042648315,70266
42.13328742980957,70266
42.13417029380798,70266
42.13504981994629,70266
42.13636565208435,70266
42.13724613189697,70266
42.13812518119812,70266
42.13900852203369,70266
42.14031434059143,70266
42.141194581985474,70266
42.14207649230957,70266
42.143378496170044,70266
42.14425802230835,70266
42.14513945579529,70266
42.146034955978394,70266
42.147337436676025,70266
42.14821910858154,70266
42.14909887313843,70266
42.15040445327759,70266
42.15128493309021,70266
42.15216851234436,70266
42.15305042266846,70266
42.15435767173767,70266
42.15524625778198,70266
42.15613865852356,70266
42.157023191452026,70266
42.158329248428345,70266
42.15921115875244,70266
42.160094261169434,70266
42.161399364471436,70266
42.16228199005127,70266
42.16316294670105,70266
42.16404724121094,70266
42.16534996032715,70266
42.16624116897583,70266
42.16712284088135,70266
42.16800594329834,70266
42.169309854507446,70266
42.17019248008728,70266
42.17107367515564,70266
42.17237734794617,70266
42.17325949668884,70266
42.17414140701294,70266
42.1750226020813,70266
42.1763334274292,70266
42.17721509933472,70266
42.17809510231018,70266
42.17939734458923,70266
42.18028140068054,70266
42.18116331100464,70266
42.18204641342163,70266
42.183350801467896,70266
42.184231758117676,70266
42.18511366844177,70266
42.18600559234619,70266
42.187307596206665,70266
42.188188791275024,70266
42.18906903266907,70266
42.190372943878174,70266
42.19125318527222,70266
42.19213271141052,70266
42.19301438331604,70266
42.194313287734985,70266
42.1951961517334,70266
42.19608807563782,70266
42.19739246368408,70266
42.19827461242676,70266
42.19915556907654,70266
42.20003795623779,70266
42.20134210586548,70266
42.20222473144531,70266
42.20310568809509,70266
42.204408168792725,70266
42.20529007911682,70266
42.20618271827698,70266
42.20706558227539,70266
42.20836877822876,70266
42.20924925804138,70266
42.21013116836548,70266
42.21101403236389,70266
42.2123167514801,70266
42.21319890022278,70266
42.21407985687256,70266
42.215383529663086,70266
42.21627402305603,70266
42.21715593338013,70266
42.21803641319275,70266
42.21934151649475,70266
42.22022247314453,70266
42.22110319137573,70266
42.22240447998047,70266
42.22328805923462,70266
42.22416973114014,70266
42.225050926208496,70266
42.22636365890503,70266
42.22724413871765,70266
42.228123903274536,70266
42.22900438308716,70266
42.23030924797058,70266
42.23119044303894,70266
42.23207187652588,70266
42.23337459564209,70266
42.23425579071045,70266
42.235137701034546,70266
42.236032247543335,70266
42.2373366355896,70266
42.238219261169434,70266
42.23909878730774,70266
42.24040365219116,70266
42.241286277770996,70266
42.24216818809509,70266
42.24305057525635,70266
42.244349241256714,70266
42.245230197906494,70266
42.24611687660217,70266
42.24741888046265,70266
42.24830389022827,70266
42.24918532371521,70266
42.25006651878357,70266
42.25136756896973,70266
42.25224542617798,70266
42.253124475479126,70266
42.254005908966064,70266
42.255308389663696,70266
42.25619959831238,70266
42.25707745552063,70266
42.25838112831116,70266
42.25926423072815,70266
42.26014566421509,70266
42.26102948188782,70266
42.26233220100403,70266
42.26321291923523,70266
42.264095067977905,70266
42.26539659500122,70266
42.266287088394165,70266
42.267167806625366,70266
42.26804852485657,70266
42.269349336624146,70266
42.27022933959961,70266
42.27110767364502,70266
42.272411823272705,70266
42.27329444885254,70266
42.27417802810669,70266
42.2750608921051,70266
42.27637553215027,70266
42.27725625038147,70266
42.27814030647278,70266
42.279021978378296,70266
42.28032612800598,70266
42.281208992004395,70266
42.28209161758423,70266
42.28339338302612,70266
42.284273862838745,70266
42.28515577316284,70266
42.28605055809021,70266
42.28735637664795,70266
42.288238286972046,70266
42.28911781311035,70266
42.29042100906372,70266
42.2913031578064,70266
42.29218411445618,70266
42.293065786361694,70266
42.29436779022217,70266
42.295246839523315,70266
42.296138763427734,70266
42.29702162742615,70266
42.298327684402466,70266
42.29921007156372,70266
42.300090312957764,70266
42.301393032073975,70266
42.30227565765381,70266
42.30315661430359,70266
42.304039001464844,70266
42.30534100532532,70266
42.306233406066895,70266
42.30711364746094,70266
42.308419704437256,70266
42.30930542945862,70266
42.31018567085266,70266
42.311065912246704,70266
42.312368869781494,70266
42.31324815750122,70266
42.31412744522095,70266
42.315009355545044,70266
42.316322803497314,70266
42.31720209121704,70266
42.318084716796875,70266
42.31938362121582,70266
42.32026410102844,70266
42.321147203445435,70266
42.3220317363739,70266
42.32333946228027,70266
42.324217319488525,70266
42.32509779930115,70266
42.326411485672,70266
42.32729387283325,70266
42.328176498413086,70266
42.329055070877075,70266
42.33035492897034,70266
42.331233978271484,70266
42.332111835479736,70266
42.33341360092163,70266
42.33429527282715,70266
42.335174798965454,70266
42.3360641002655,70266
42.337366342544556,70266
42.338244676589966,70266
42.33912467956543,70266
42.34000539779663,70266
42.34130930900574,70266
42.342190980911255,70266
42.343072175979614,70266
42.344375133514404,70266
42.34526062011719,70266
42.346152782440186,70266
42.34703493118286,70266
42.34833645820618,70266
42.34921622276306,70266
42.350096702575684,70266
42.35139846801758,70266
42.35227966308594,70266
42.35316228866577,70266
42.354042053222656,70266
42.355345726013184,70266
42.35623645782471,70266
42.357115268707275,70266
42.35841751098633,70266
42.35930132865906,70266
42.36018395423889,70266
42.36106777191162,70266
42.362374782562256,70266
42.36325526237488,70266
42.36413931846619,70266
42.36502194404602,70266
42.36633515357971,70266
42.36721634864807,70266
42.36809682846069,70266
42.369396686553955,70266
42.37027931213379,70266
42.37115955352783,70266
42.37203931808472,70266
42.37333965301514,70266
42.37422013282776,70266
42.375102043151855,70266
42.37641716003418,70266
42.377299547195435,70266
42.37818193435669,70266
42.379064083099365,70266
42.380366802215576,70266
42.381248235702515,70266
42.38212752342224,70266
42.38301181793213,70266
42.38431668281555,70266
42.385199546813965,70266
42.38609290122986,70266
42.38739347457886,70266
42.38827610015869,70266
42.389158487319946,70266
42.39004063606262,70266
42.39134216308594,70266
42.39222240447998,70266
42.39310002326965,70266
42.394402742385864,70266
42.39528441429138,70266
42.39617657661438,70266
42.39705753326416,70266
42.39836144447327,70266
42.39924359321594,70266
42.40012502670288,70266
42.401004791259766,70266
42.402305126190186,70266
42.40318512916565,70266
42.404064655303955,70266
42.40536904335022,70266
42.40625715255737,70266
42.40713906288147,70266
42.408021450042725,70266
42.409321784973145,70266
42.410205602645874,70266
42.41108751296997,70266
42.41239261627197,70266
42.41327524185181,70266
42.414156436920166,70266
42.41503691673279,70266
42.41635084152222,70266
42.41722917556763,70266
42.41810894012451,70266
42.41941261291504,70266
42.42029547691345,70266
42.421178102493286,70266
42.42205882072449,70266
42.4233615398407,70266
42.424243450164795,70266
42.425121784210205,70266
42.42601490020752,70266
42.42731547355652,70266
42.4281952381134,70266
42.42907643318176,70266
42.43037819862366,70266
42.43125915527344,70266
42.43213939666748,70266
42.433018922805786,70266
42.434321641922,70266
42.43520212173462,70266
42.43609261512756,70266
42.43739461898804,70266
42.43827772140503,70266
42.43915915489197,70266
42.44003748893738,70266
42.44133710861206,70266
42.4422173500061,70266
42.44309616088867,70266
42.444398164749146,70266
42.44528317451477,70266
42.4461772441864,70266
42.4470579624176,70266
42.448360204696655,70266
42.44923973083496,70266
42.450119495391846,70266
42.451003551483154,70266
42.452306270599365,70266
42.453186988830566,70266
42.45406746864319,70266
42.455371141433716,70266
42.456263303756714,70266
42.45714545249939,70266
42.458027839660645,70266
42.459328413009644,70266
42.46021127700806,70266
42.46108961105347,70266
42.46239185333252,70266
42.4632728099823,70266
42.4641535282135,70266
42.4650342464447,70266
42.466344594955444,70266
42.46722483634949,70266
42.46810436248779,70266
42.46940636634827,70266
42.47028875350952,70266
42.471171855926514,70266
42.47205471992493,70266
42.47335743904114,70266
42.4742386341095,70266
42.475117444992065,70266
42.47600984573364,70266
42.477312326431274,70266
42.47819447517395,70266
42.479074001312256,70266
42.48037648200989,70266
42.481255531311035,70266
42.48213529586792,70266
42.48301577568054,70266
42.484315633773804,70266
42.485196352005005,70266
42.48608684539795,70266
42.487388372421265,70266
42.488271951675415,70266
42.489155292510986,70266
42.49003601074219,70266
42.49134421348572,70266
42.49222230911255,70266
42.49310326576233,70266
42.49440360069275,70266
42.49528479576111,70266
42.49617791175842,70266
42.497058153152466,70266
42.4983606338501,70266
42.499242067337036,70266
42.500123023986816,70266
42.50100493431091,70266
42.502307176589966,70266
42.50319027900696,70266
42.50407266616821,70266
42.50537633895874,70266
42.50626301765442,70266
42.50714111328125,70266
42.50802445411682,70266
42.50932693481445,70266
42.51020789146423,70266
42.51109051704407,70266
42.51238989830017,70266
42.513269901275635,70266
42.51414704322815,70266
42.51502966880798,70266
42.516343116760254,70266
42.51722073554993,70266
42.51810121536255,70266
42.519408226013184,70266
42.5202910900116,70266
42.52117300033569,70266
42.52205491065979,70266
42.52335786819458,70266
42.52423858642578,70266
42.52511739730835,70266
42.52601170539856,70266
42.52731370925903,70266
42.528194189071655,70266
42.52907371520996,70266
42.530389070510864,70266
42.53127121925354,70266
42.5321524143219,70266
42.53303527832031,70266
42.53433895111084,70266
42.53521680831909,70266
42.5361065864563,70266
42.53741478919983,70266
42.538302183151245,70266
42.539186239242554,70266
42.54007005691528,70266
42.54137969017029,70266
42.54226112365723,70266
42.54314637184143,70266
42.54402995109558,70266
42.54533791542053,70266
42.54623079299927,70266
42.54711151123047,70266
42.548415184020996,70266
42.54929780960083,70266
42.550179958343506,70266
42.551063776016235,70266
42.552369356155396,70266
42.55324935913086,70266
42.55413055419922,70266
42.555016040802,70266
42.556328535079956,70266
42.55721092224121,70266
42.55809044837952,70266
42.559393882751465,70266
42.56027412414551,70266
42.56115508079529,70266
42.56203603744507,70266
42.563339710235596,70266
42.564220666885376,70266
42.565104246139526,70266
42.566420793533325,70266
42.56730580329895,70266
42.56819248199463,70266
42.56907367706299,70266
42.5703763961792,70266
42.57125902175903,70266
42.572139739990234,70266
42.5730254650116,70266
42.574328899383545,70266
42.57521152496338,70266
42.57610583305359,70266
42.57741165161133,70266
42.5782949924469,70266
42.57917666435242,70266
42.58005499839783,70266
42.58136010169983,70266
42.58224129676819,70266
42.583120346069336,70266
42.58442497253418,70266
42.58531045913696,70266
42.58620548248291,70266
42.58708572387695,70266
42.58839297294617,70266
42.58927273750305,70266
42.59015440940857,70266
42.59103560447693,70266
42.59234094619751,70266
42.59322261810303,70266
42.59410285949707,70266
42.5954110622406,70266
42.596306800842285,70266
42.59719204902649,70266
42.598074436187744,70266
42.599377393722534,70266
42.60025405883789,70266
42.601136445999146,70266
42.6020188331604,70266
42.60332202911377,70266
42.6042001247406,70266
42.605082273483276,70266
42.60641145706177,70266
42.607301473617554,70266
42.60818839073181,70266
42.60907030105591,70266
42.610373973846436,70266
42.611254930496216,70266
42.612141609191895,70266
42.61302924156189,70266
42.614333629608154,70266
42.61521506309509,70266
42.616103410720825,70266
42.61741232872009,70266
42.618295431137085,70266
42.61917734146118,70266
42.62005853652954,70266
42.62136435508728,70266
42.62224626541138,70266
42.623130083084106,70266
42.624014377593994,70266
42.62531495094299,70266
42.62620759010315,70266
42.627089738845825,70266
42.628397941589355,70266
42.629281520843506,70266
42.63016486167908,70266
42.63104701042175,70266
42.6323504447937,70266
42.63323140144348,70266
42.634113788604736,70266
42.635416746139526,70266
42.636311054229736,70266
42.63719177246094,70266
42.63807249069214,70266
42.63937520980835,70266
42.64026093482971,70266
42.64114427566528,70266
42.642027139663696,70266
42.643330812454224,70266
42.64420938491821,70266
42.645089864730835,70266
42.646403789520264,70266
42.64728593826294,70266
42.6481659412384,70266
42.64904761314392,70266
42.65034890174866,70266
42.65123176574707,70266
42.65211510658264,70266
42.65341901779175,70266
42.65429997444153,70266
42.655184745788574,70266
42.656076192855835,70266
42.65737867355347,70266
42.65825843811035,70266
42.65914583206177,70266
42.66002559661865,70266
42.66132879257202,70266
42.66221022605896,70266
42.663089752197266,70266
42.66439175605774,70266
42.66527557373047,70266
42.66617035865784,70266
42.667054653167725,70266
42.66835975646973,70266
42.669241428375244,70266
42.67012166976929,70266
42.67142152786255,70266
42.672303915023804,70266
42.673184633255005,70266
42.67406630516052,70266
42.67536973953247,70266
42.67625904083252,70266
42.677143812179565,70266
42.678027391433716,70266
42.67932891845703,70266
42.68021011352539,70266
42.681092500686646,70266
42.682398080825806,70266
42.683282136917114,70266
42.684163331985474,70266
42.68504738807678,70266
42.68636465072632,70266
42.68724465370178,70266
42.688124895095825,70266
42.689008951187134,70266
42.69031548500061,70266
42.69120001792908,70266
42.692081928253174,70266
42.69338083267212,70266
42.69425940513611,70266
42.69514226913452,70266
42.696035623550415,70266
42.69733738899231,70266
42.698216915130615,70266
42.699098110198975,70266
42.700401306152344,70266
42.70128417015076,70266
42.70216631889343,70266
42.70304775238037,70266
42.70435047149658,70266
42.7052321434021,70266
42.7061231136322,70266
42.70700407028198,70266
42.70830583572388,70266
42.7091863155365,70266
42.710068225860596,70266
42.711371660232544,70266
42.71225166320801,70266
42.71313405036926,70266
42.714017391204834,70266
42.71532082557678,70266
42.7162127494812,70266
42.71709442138672,70266
42.71840214729309,70266
42.71928262710571,70266
42.720165491104126,70266
42.721046447753906,70266
42.722347021102905,70266
42.723228216171265,70266
42.72410869598389,70266
42.72541379928589,70266
42.72630572319031,70266
42.72718572616577,70266
42.72806692123413,70266
42.72936940193176,70266
42.730249643325806,70266
42.73113012313843,70266
42.73201131820679,70266
42.733311891555786,70266
42.734190940856934,70266
42.73507022857666,70266
42.736385107040405,70266
42.737266540527344,70266
42.73814868927002,70266
42.739033937454224,70266
42.74033808708191,70266
42.741219997406006,70266
42.742103815078735,70266
42.74340486526489,70266
42.74428629875183,70266
42.745166063308716,70266
42.74605584144592,70266
42.747358560562134,70266
42.74824047088623,70266
42.74912071228027,70266
42.75042366981506,70266
42.75130748748779,70266
42.75218892097473,70266
42.753068923950195,70266
42.754372358322144,70266
42.75525164604187,70266
42.75614309310913,70266
42.75702667236328,70266
42.75832724571228,70266
42.759207010269165,70266
42.760087728500366,70266
42.76139044761658,70266
42.7622709274292,70266
42.76315355300903,70266
42.764036655426025,70266
42.765342712402344,70266
42.76623249053955,70266
42.76711130142212,70266
42.76841497421265,70266
42.7692973613739,70266
42.77017951011658,70266
42.771060943603516,70266
42.77236461639404,70266
42.77324604988098,70266
42.77412486076355,70266
42.77500939369202,70266
42.77632665634155,70266
42.77720546722412,70266
42.77808666229248,70266
42.77938914299011,70266
42.78027820587158,70266
42.78115940093994,70266
42.782041788101196,70266
42.783345460891724,70266
42.78422546386719,70266
42.78510546684265,70266
42.78641963005066,70266
42.78730225563049,70266
42.78818464279175,70266
42.78906583786011,70266
42.790369272232056,70266
42.79124927520752,70266
42.79213190078735,70266
42.79301571846008,70266
42.79432272911072,70266
42.79520392417908,70266
42.796096324920654,70266
42.7973997592926,70266
42.79828333854675,70266
42.799166679382324,70266
42.80004668235779,70266
42.80135202407837,70266
42.80222988128662,70266
42.8031108379364,70266
42.804412841796875,70266
42.80529546737671,70266
42.80618929862976,70266
42.807069540023804,70266
42.80837798118591,70266
42.80926179885864,70266
42.81014394760132,70266
42.8110249042511,70266
42.812326192855835,70266
42.813207387924194,70266
42.814088106155396,70266
42.815390825271606,70266
42.81628108024597,70266
42.81716012954712,70266
42.818042278289795,70266
42.81934714317322,70266
42.820226192474365,70266
42.82110905647278,70266
42.822415351867676,70266
42.82330083847046,70266
42.82418441772461,70266
42.825066328048706,70266
42.82638239860535,70266
42.827271938323975,70266
42.828155517578125,70266
42.82903790473938,70266
42.83034157752991,70266
42.83122491836548,70266
42.832101821899414,70266
42.833407163619995,70266
42.834290504455566,70266
42.835174798965454,70266
42.83606433868408,70266
42.83736848831177,70266
42.83824825286865,70266
42.83912992477417,70266
42.84001278877258,70266
42.84131669998169,70266
42.84219717979431,70266
42.84307861328125,70266
42.84438157081604,70266
42.84526324272156,70266
42.84615612030029,70266
42.847036838531494,70266
42.848339796066284,70266
42.84921979904175,70266
42.85009980201721,70266
42.851402759552,70266
42.852283239364624,70266
42.85316443443298,70266
42.85404634475708,70266
42.855347871780396,70266
42.85623741149902,70266
42.85712218284607,70266
42.8580060005188,70266
42.859307527542114,70266
42.860187292099,70266
42.86106753349304,70266
42.86236929893494,70266
42.86325120925903,70266
42.86413073539734,70266
42.865013122558594,70266
42.86632466316223,70266
42.867204904556274,70266
42.86808705329895,70266
42.86938834190369,70266
42.87026906013489,70266
42.87115168571472,70266
42.87203240394592,70266
42.87333703041077,70266
42.87421655654907,70266
42.8750946521759,70266
42.8764111995697,70266
42.877294301986694,70266
42.87817668914795,70266
42.879055976867676,70266
42.88036036491394,70266
42.88123917579651,70266
42.8821177482605,70266
42.883418798446655,70266
42.88430094718933,70266
42.88518047332764,70266
42.88607048988342,70266
42.88737177848816,70266
42.88825082778931,70266
42.88913416862488,70266
42.89001727104187,70266
42.89132022857666,70266
42.89220118522644,70266
42.89308285713196,70266
42.89438581466675,70266
42.895278215408325,70266
42.89616942405701,70266
42.89705300331116,70266
42.89835739135742,70266
42.899237632751465,70266
42.900115728378296,70266
42.90142226219177,70266
42.90230393409729,70266
42.90318560600281,70266
42.90406560897827,70266
42.90536904335022,70266
42.90625715255737,70266
42.90713906288147,70266
42.90803503990173,70266
42.90933704376221,70266
42.91021656990051,70266
42.9110963344574,70266
42.91239881515503,70266
42.913280725479126,70266
42.91416072845459,70266
42.91504383087158,70266
42.91635775566101,70266
42.91723871231079,70266
42.91811800003052,70266
42.91942071914673,70266
42.92031645774841,70266
42.921197175979614,70266
42.92208194732666,70266
42.923386335372925,70266
42.92426633834839,70266
42.925150632858276,70266
42.92604351043701,70266
42.92734622955322,70266
42.92822551727295,70266
42.92910361289978,70266
42.93040680885315,70266
42.93128800392151,70266
42.93216872215271,70266
42.93304705619812,70266
42.93434715270996,70266
42.93523025512695,70266
42.936118364334106,70266
42.93741822242737,70266
42.93829894065857,70266
42.93917632102966,70266
42.94005608558655,70266
42.94135928153992,70266
42.942238092422485,70266
42.943116664886475,70266
42.944422483444214,70266
42.945303440093994,70266
42.94619584083557,70266
42.94707751274109,70266
42.94838094711304,70266
42.949259519577026,70266
42.950140714645386,70266
42.95102119445801,70266
42.952322483062744,70266
42.953203201293945,70266
42.95408391952515,70266
42.95538592338562,70266
42.956275939941406,70266
42.95715641975403,70266
42.958054065704346,70266
42.95936107635498,70266
42.9602427482605,70266
42.961121797561646,70266
42.96200442314148,70266
42.96330809593201,70266
42.96418857574463,70266
42.965068340301514,70266
42.96638298034668,70266
42.9672634601593,70266
42.96814298629761,70266
42.96902656555176,70266
42.97032880783081,70266
42.97165107727051,70266
42.972492694854736,70266
42.973318576812744,70266
42.974151611328125,70266
42.97576832771301,70266
42.976593017578125,70266
42.97741889953613,70266
42.978243827819824,70266
42.979069232940674,70266
42.980679988861084,70266
42.981499910354614,70266
42.98233437538147,70266
42.983160972595215,70266
42.98477339744568,70266
42.98559761047363,70266
42.98643350601196,70266
42.987258434295654,70266
42.98808479309082,70266
42.98969507217407,70266
42.99052619934082,70266
42.991350173950195,70266
42.99217700958252,70266
42.99377369880676,70266
42.99459934234619,70266
42.99543595314026,70266
42.996270179748535,70266
42.99709987640381,70266
42.998703479766846,70266
42.999534606933594,70266
43.000356674194336,70266
43.001179456710815,70266
43.00201058387756,70266
43.00360989570618,70266
43.00443410873413,70266
43.00526571273804,70266
43.006105184555054,70266
43.00771379470825,70266
43.008543968200684,70266
43.00936722755432,70266
43.0101957321167,70266
43.01102614402771,70266
43.012617111206055,70266
43.01344895362854,70266
43.01426601409912,70266
43.0150933265686,70266
43.0167031288147,70266
43.0175359249115,70266
43.01836609840393,70266
43.01919603347778,70266
43.02002000808716,70266
43.021618127822876,70266
43.022446155548096,70266
43.02327561378479,70266
43.0241003036499,70266
43.02570676803589,70266
43.026540994644165,70266
43.02737307548523,70266
43.02820324897766,70266
43.02902412414551,70266
43.03062129020691,70266
43.031452655792236,70266
43.03228044509888,70266
43.03310680389404,70266
43.034709453582764,70266
43.03554058074951,70266
43.03637981414795,70266
43.03720712661743,70266
43.03803849220276,70266
43.03963375091553,70266
43.040464878082275,70266
43.04128980636597,70266
43.0421199798584,70266
43.04371619224548,70266
43.04455041885376,70266
43.04537892341614,70266
43.046215772628784,70266
43.04704308509827,70266
43.04864168167114,70266
43.04947280883789,70266
43.05030632019043,70266
43.05113124847412,70266
43.05273699760437,70266
43.053563356399536,70266
43.05438780784607,70266
43.05521821975708,70266
43.056057929992676,70266
43.05766177177429,70266
43.058496952056885,70266
43.05932068824768,70266
43.060147762298584,70266
43.06174993515015,70266
43.062578439712524,70266
43.0634024143219,70266
43.064229249954224,70266
43.06505990028381,70266
43.06667137145996,70266
43.0674991607666,70266
43.06832838058472,70266
43.06916046142578,70266
43.070773124694824,70266
43.071598291397095,70266
43.072425365448,70266
43.07325458526611,70266
43.07407546043396,70266
43.075690031051636,70266
43.07651233673096,70266
43.07734251022339,70266
43.0781683921814,70266
43.07978272438049,70266
43.080610036849976,70266
43.08143138885498,70266
43.08226132392883,70266
43.08309459686279,70266
43.0846951007843,70266
43.08552622795105,70266
43.086363315582275,70266
43.0871901512146,70266
43.08801889419556,70266
43.08961200714111,70266
43.09044313430786,70266
43.091273069381714,70266
43.09210443496704,70266
43.093711376190186,70266
43.09454131126404,70266
43.095367431640625,70266
43.09619879722595,70266
43.09703016281128,70266
43.09862542152405,70266
43.09945464134216,70266
43.10028314590454,70266
43.10111331939697,70266
43.10272431373596,70266
43.103554010391235,70266
43.10437893867493,70266
43.105204820632935,70266
43.10603952407837,70266
43.10763645172119,70266
43.1084668636322,70266
43.10929608345032,70266
43.11012029647827,70266
43.111732721328735,70266
43.112555265426636,70266
43.11337685585022,70266
43.11420941352844,70266
43.11504030227661,70266
43.11664700508118,70266
43.11747598648071,70266
43.11830806732178,70266
43.11913752555847,70266
43.120752811431885,70266
43.12157702445984,70266
43.12240505218506,70266
43.123234272003174,70266
43.124059200286865,70266
43.125659227371216,70266
43.12649607658386,70266
43.12732267379761,70266
43.128151655197144,70266
43.12975597381592,70266
43.130577087402344,70266
43.13140368461609,70266
43.13223624229431,70266
43.13306474685669,70266
43.134665727615356,70266
43.13549304008484,70266
43.136330366134644,70266
43.13715863227844,70266
43.138771533966064,70266
43.1395959854126,70266
43.140422344207764,70266
43.14125108718872,70266
43.142069816589355,70266
43.143678426742554,70266
43.14450144767761,70266
43.14532446861267,70266
43.146164417266846,70266
43.147765159606934,70266
43.148592472076416,70266
43.14941763877869,70266
43.150243043899536,70266
43.151071310043335,70266
43.152671337127686,70266
43.15350127220154,70266
43.15433216094971,70266
43.15516114234924,70266
43.156784534454346,70266
43.15761041641235,70266
43.15843963623047,70266
43.15926766395569,70266
43.16009545326233,70266
43.161702156066895,70266
43.162532329559326,70266
43.163371324539185,70266
43.16419434547424,70266
43.16502022743225,70266
43.16662645339966,70266
43.16745615005493,70266
43.16828107833862,70266
43.169113874435425,70266
43.17071223258972,70266
43.17154240608215,70266
43.172372579574585,70266
43.17320513725281,70266
43.174033880233765,70266
43.175631523132324,70266
43.17647075653076,70266
43.17729997634888,70266
43.17813062667847,70266
43.17973852157593,70266
43.18056535720825,70266
43.18139910697937,70266
43.18222665786743,70266
43.18305850028992,70266
43.18465876579285,70266
43.185484409332275,70266
43.18632888793945,70266
43.18715476989746,70266
43.188761472702026,70266
43.189587354660034,70266
43.190415143966675,70266
43.19124913215637,70266
43.19207453727722,70266
43.193681716918945,70266
43.19450306892395,70266
43.195335149765015,70266
43.19617295265198,70266
43.19778609275818,70266
43.198610067367554,70266
43.199440002441406,70266
43.20026683807373,70266
43.201090574264526,70266
43.202696800231934,70266
43.203528881073,70266
43.20435309410095,70266
43.20517921447754,70266
43.206016302108765,70266
43.207610845565796,70266
43.20844268798828,70266
43.209266662597656,70266
43.21009683609009,70266
43.21170473098755,70266
43.21253943443298,70266
43.21336364746094,70266
43.21419167518616,70266
43.21502113342285,70266
43.21662616729736,70266
43.21745014190674,70266
43.21828246116638,70266
43.21910905838013,70266
43.22071671485901,70266
43.2215473651886,70266
43.22237467765808,70266
43.223203897476196,70266
43.22403264045715,70266
43.22562599182129,70266
43.22646236419678,70266
43.22729444503784,70266
43.22811937332153,70266
43.2297248840332,70266
43.23055410385132,70266
43.23138427734375,70266
43.2322039604187,70266
43.23302865028381,70266
43.23462200164795,70266
43.23544979095459,70266
43.236281394958496,70266
43.23711013793945,70266
43.2387113571167,70266
43.23954391479492,70266
43.24036455154419,70266
43.241191148757935,70266
43.24201703071594,70266
43.24361562728882,70266
43.24444508552551,70266
43.24526858329773,70266
43.246108531951904,70266
43.247713804244995,70266
43.24854397773743,70266
43.24937629699707,70266
43.2502007484436,70266
43.25103425979614,70266
43.252630949020386,70266
43.25345849990845,70266
43.254284620285034,70266
43.255112648010254,70266
43.256728410720825,70266
43.25755953788757,70266
43.25838375091553,70266
43.259214639663696,70266
43.26004195213318,70266
43.26162886619568,70266
43.26245307922363,70266
43.26328134536743,70266
43.26411008834839,70266
43.26572275161743,70266
43.266557455062866,70266
43.267385482788086,70266
43.26820778846741,70266
43.269033908843994,70266
43.270633935928345,70266
43.27146673202515,70266
43.272300243377686,70266
43.273125648498535,70266
43.27473330497742,70266
43.27555775642395,70266
43.2763946056366,70266
43.27721643447876,70266
43.27804398536682,70266
43.27964234352112,70266
43.2804696559906,70266
43.28130030632019,70266
43.282126903533936,70266
43.28373861312866,70266
43.284562826156616,70266
43.2853844165802,70266
43.28621196746826,70266
43.287044525146484,70266
43.28864526748657,70266
43.28947591781616,70266
43.29030084609985,70266
43.2911274433136,70266
43.29273581504822,70266
43.29356145858765,70266
43.29439425468445,70266
43.29522395133972,70266
43.296061515808105,70266
43.297658920288086,70266
43.29848766326904,70266
43.2993106842041,70266
43.30014109611511,70266
43.301751375198364,70266
43.30258226394653,70266
43.30340218544006,70266
43.304227113723755,70266
43.30505847930908,70266
43.30666470527649,70266
43.307490825653076,70266
43.30832076072693,70266
43.30914807319641,70266
43.310757875442505,70266
43.31158447265625,70266
43.31241011619568,70266
43.31324100494385,70266
43.3140664100647,70266
43.31566596031189,70266
43.316505670547485,70266
43.31733465194702,70266
43.31815958023071,70266
43.31977033615112,70266
43.32059407234192,70266
43.32142448425293,70266
43.322253704071045,70266
43.32308030128479,70266
43.32468104362488,70266
43.32550287246704,70266
43.32634162902832,70266
43.32716989517212,70266
43.32877206802368,70266
43.32959985733032,70266
43.33042526245117,70266
43.331262826919556,70266
43.332088470458984,70266
43.33368992805481,70266
43.33451533317566,70266
43.33534336090088,70266
43.336180448532104,70266
43.337008476257324,70266
43.33861565589905,70266
43.33944511413574,70266
43.34027647972107,70266
43.3411066532135,70266
43.342713832855225,70266
43.34354496002197,70266
43.34437346458435,70266
43.34520483016968,70266
43.34604597091675,70266
43.34764337539673,70266
43.34847450256348,70266
43.349300384521484,70266
43.35012769699097,70266
43.351736545562744,70266
43.352564334869385,70266
43.3533935546875,70266
43.35421633720398,70266
43.35505294799805,70266
43.3566575050354,70266
43.35748529434204,70266
43.35831928253174,70266
43.359143018722534,70266
43.36075806617737,70266
43.36158299446106,70266
43.36240887641907,70266
43.36323285102844,70266
43.36406064033508,70266
43.36566686630249,70266
43.36650204658508,70266
43.367334842681885,70266
43.368162631988525,70266
43.36977553367615,70266
43.370598793029785,70266
43.37142014503479,70266
43.37224888801575,70266
43.37307596206665,70266
43.37468099594116,70266
43.37550449371338,70266
43.376341581344604,70266
43.37717270851135,70266
43.37878179550171,70266
43.379608154296875,70266
43.38044238090515,70266
43.38127017021179,70266
43.38209915161133,70266
43.38370871543884,70266
43.38453912734985,70266
43.385369062423706,70266
43.38620591163635,70266
43.38703513145447,70266
43.388633728027344,70266
43.38946270942688,70266
43.3902850151062,70266
43.39111351966858,70266
43.39271283149719,70266
43.39354205131531,70266
43.39436745643616,70266
43.395195722579956,70266
43.39603233337402,70266
43.39763355255127,70266
43.39846181869507,70266
43.399293422698975,70266
43.40012073516846,70266
43.40172028541565,70266
43.40254807472229,70266
43.403377294540405,70266
43.404197692871094,70266
43.40502643585205,70266
43.406635999679565,70266
43.40746355056763,70266
43.40829133987427,70266
43.40912485122681,70266
43.41073179244995,70266
43.411558866500854,70266
43.41238832473755,70266
43.41321682929993,70266
43.41404318809509,70266
43.4156436920166,70266
43.41648530960083,70266
43.41731286048889,70266
43.418140172958374,70266
43.41975545883179,70266
43.42057824134827,70266
43.42140483856201,70266
43.42223525047302,70266
43.42306113243103,70266
43.42466855049133,70266
43.42549204826355,70266
43.426334619522095,70266
43.42716383934021,70266
43.428773164749146,70266
43.429598569869995,70266
43.43042612075806,70266
43.4312584400177,70266
43.432085037231445,70266
43.43369650840759,70266
43.43451929092407,70266
43.43534255027771,70266
43.43618392944336,70266
43.4370059967041,70266
43.43860340118408,70266
43.439430475234985,70266
43.44025897979736,70266
43.441086530685425,70266
43.44269323348999,70266
43.44352674484253,70266
43.444358587265015,70266
43.44518733024597,70266
43.44602179527283,70266
43.44762086868286,70266
43.448447465896606,70266
43.44928050041199,70266
43.45011067390442,70266
43.451717376708984,70266
43.452542781829834,70266
43.453373193740845,70266
43.45420742034912,70266
43.45503640174866,70266
43.45663905143738,70266
43.45746827125549,70266
43.45829486846924,70266
43.459126234054565,70266
43.460739850997925,70266
43.461567878723145,70266
43.46239733695984,70266
43.46322417259216,70266
43.464051246643066,70266
43.465646505355835,70266
43.4664831161499,70266
43.46731495857239,70266
43.468140602111816,70266
43.4697527885437,70266
43.470579624176025,70266
43.47140145301819,70266
43.472229957580566,70266
43.47306227684021,70266
43.47465419769287,70266
43.475483894348145,70266
43.47632098197937,70266
43.47714686393738,70266
43.47875189781189,70266
43.47957992553711,70266
43.48041319847107,70266
43.48124670982361,70266
43.482073068618774,70266
43.483684062957764,70266
43.48450779914856,70266
43.485334396362305,70266
43.48617386817932,70266
43.487778663635254,70266
43.488605260849,70266
43.48942756652832,70266
43.49025774002075,70266
43.49108648300171,70266
43.492687940597534,70266
43.49351382255554,70266
43.494335651397705,70266
43.49516844749451,70266
43.49600863456726,70266
43.49760580062866,70266
43.49843239784241,70266
43.499266624450684,70266
43.50010085105896,70266
43.501697063446045,70266
43.50252556800842,70266
43.50335240364075,70266
43.50418019294739,70266
43.5050151348114,70266
43.50661849975586,70266
43.50744152069092,70266
43.508270263671875,70266
43.50909972190857,70266
43.51070284843445,70266
43.511534214019775,70266
43.51235294342041,70266
43.51318311691284,70266
43.514010429382324,70266
43.5156044960022,70266
43.51643705368042,70266
43.51726222038269,70266
43.51809048652649,70266
43.51970458030701,70266
43.520533084869385,70266
43.52136182785034,70266
43.52218842506409,70266
43.523011207580566,70266
43.524609327316284,70266
43.52543783187866,70266
43.52626657485962,70266
43.527098417282104,70266
43.52869987487793,70266
43.52952790260315,70266
43.53035640716553,70266
43.53118586540222,70266
43.53201508522034,70266
43.53361654281616,70266
43.53444266319275,70266
43.53527045249939,70266
43.53610682487488,70266
43.537712812423706,70266
43.538546562194824,70266
43.53937554359436,70266
43.540204763412476,70266
43.54102969169617,70266
43.54262185096741,70266
43.543447494506836,70266
43.544275522232056,70266
43.54510498046875,70266
43.546717166900635,70266
43.547548055648804,70266
43.54837512969971,70266
43.54920482635498,70266
43.55003213882446,70266
43.55163550376892,70266
43.552462100982666,70266
43.5532910823822,70266
43.554121255874634,70266
43.55574297904968,70266
43.55657148361206,70266
43.557395935058594,70266
43.55822396278381,70266
43.559048891067505,70266
43.56065392494202,70266
43.56148624420166,70266
43.56231904029846,70266
43.56314015388489,70266
43.5647406578064,70266
43.56556940078735,70266
43.566402196884155,70266
43.56723165512085,70266
43.56805944442749,70266
43.56965780258179,70266
43.57048773765564,70266
43.57131624221802,70266
43.57214832305908,70266
43.57374453544617,70266
43.574572801589966,70266
43.575401067733765,70266
43.576242446899414,70266
43.57707405090332,70266
43.57868003845215,70266
43.57950305938721,70266
43.58032774925232,70266
43.58116006851196,70266
43.58276677131653,70266
43.58359360694885,70266
43.58442401885986,70266
43.58525228500366,70266
43.58608651161194,70266
43.58769202232361,70266
43.588518142700195,70266
43.589346408843994,70266
43.5901734828949,70266
43.591787576675415,70266
43.59261178970337,70266
43.59343862533569,70266
43.5942645072937,70266
43.59509348869324,70266
43.59670972824097,70266
43.59754157066345,70266
43.59836721420288,70266
43.59919476509094,70266
43.600019693374634,70266
43.60160946846008,70266
43.602437257766724,70266
43.60326623916626,70266
43.60409235954285,70266
43.605706214904785,70266
43.6065411567688,70266
43.60735869407654,70266
43.608189821243286,70266
43.609018087387085,70266
43.610618114471436,70266
43.61145353317261,70266
43.61228108406067,70266
43.61311221122742,70266
43.614718198776245,70266
43.61555290222168,70266
43.61638021469116,70266
43.61721110343933,70266
43.61803126335144,70266
43.61962676048279,70266
43.62045073509216,70266
43.621275901794434,70266
43.62210154533386,70266
43.6237096786499,70266
43.62454533576965,70266
43.625367879867554,70266
43.626206398010254,70266
43.62702751159668,70266
43.6286244392395,70266
43.62945032119751,70266
43.63027834892273,70266
43.63110899925232,70266
43.632713317871094,70266
43.63354253768921,70266
43.634368658065796,70266
43.63519477844238,70266
43.636035442352295,70266
43.63763236999512,70266
43.63846278190613,70266
43.6392867565155,70266
43.64011359214783,70266
43.641727924346924,70266
43.642558336257935,70266
43.64337944984436,70266
43.6442084312439,70266
43.64503335952759,70266
43.64663505554199,70266
43.64746427536011,70266
43.64828944206238,70266
43.6491162776947,70266
43.65071940422058,70266
43.65154552459717,70266
43.65237259864807,70266
43.65320181846619,70266
43.6540310382843,70266
43.65563082695007,70266
43.65646576881409,70266
43.65729880332947,70266
43.65812659263611,70266
43.65973162651062,70266
43.66055703163147,70266
43.661386489868164,70266
43.66221237182617,70266
43.6630425453186,70266
43.66464447975159,70266
43.66547393798828,70266
43.666309118270874,70266
43.66714286804199,70266
43.66875243186951,70266
43.669578313827515,70266
43.67040824890137,70266
43.67122936248779,70266
43.672054290771484,70266
43.67365002632141,70266
43.674479246139526,70266
43.675310134887695,70266
43.676151514053345,70266
43.67775893211365,70266
43.67858028411865,70266
43.67940545082092,70266
43.680232763290405,70266
43.681053161621094,70266
43.682661294937134,70266
43.68349599838257,70266
43.68432092666626,70266
43.68514966964722,70266
43.68675994873047,70266
43.68758988380432,70266
43.68842005729675,70266
43.689247369766235,70266
43.69007873535156,70266
43.691686391830444,70266
43.69250965118408,70266
43.69334077835083,70266
43.69416570663452,70266
43.69579553604126,70266
43.69662141799927,70266
43.69745111465454,70266
43.69828009605408,70266
43.69911050796509,70266
43.700716495513916,70266
43.70154333114624,70266
43.702375650405884,70266
43.703200340270996,70266
43.704028367996216,70266
43.705628633499146,70266
43.70646595954895,70266
43.70728945732117,70266
43.70811939239502,70266
43.70971870422363,70266
43.710546255111694,70266
43.711371421813965,70266
43.712196350097656,70266
43.7130241394043,70266
43.71462154388428,70266
43.715447425842285,70266
43.71628499031067,70266
43.717113733291626,70266
43.718719482421875,70266
43.71955466270447,70266
43.72038388252258,70266
43.72121453285217,70266
43.722041845321655,70266
43.72364020347595,70266
43.72446846961975,70266
43.72529649734497,70266
43.72613501548767,70266
43.72774624824524,70266
43.72857403755188,70266
43.72940182685852,70266
43.73023462295532,70266
43.73106837272644,70266
43.732666969299316,70266
43.7334942817688,70266
43.73432445526123,70266
43.73515486717224,70266
43.736780405044556,70266
43.73761177062988,70266
43.738436460494995,70266
43.7392680644989,70266
43.74008750915527,70266
43.741692781448364,70266
43.74252223968506,70266
43.74334716796875,70266
43.74417304992676,70266
43.7457857131958,70266
43.746607065200806,70266
43.74743700027466,70266
43.74826192855835,70266
43.74909329414368,70266
43.75069522857666,70266
43.75152564048767,70266
43.75234866142273,70266
43.7531795501709,70266
43.754011154174805,70266
43.7556095123291,70266
43.75644874572754,70266
43.75727581977844,70266
43.75810766220093,70266
43.7597119808197,70266
43.760547161102295,70266
43.761372566223145,70266
43.76219892501831,70266
43.763028383255005,70266
43.7646210193634,70266
43.76545023918152,70266
43.76628804206848,70266
43.76711893081665,70266
43.768728494644165,70266
43.7695529460907,70266
43.77038073539734,70266
43.77120852470398,70266
43.77204155921936,70266
43.773643016815186,70266
43.77447056770325,70266
43.77529764175415,70266
43.776132106781006,70266
43.77773642539978,70266
43.77856516838074,70266
43.77939319610596,70266
43.78022575378418,70266
43.78105401992798,70266
43.78264617919922,70266
43.78347587585449,70266
43.784302949905396,70266
43.78513550758362,70266
43.78675317764282,70266
43.78757190704346,70266
43.788400173187256,70266
43.78922963142395,70266
43.79006576538086,70266
43.79165697097778,70266
43.79248309135437,70266
43.793312311172485,70266
43.794140100479126,70266
43.79575729370117,70266
43.79658246040344,70266
43.7974054813385,70266
43.79823899269104,70266
43.799065351486206,70266
43.80067038536072,70266
43.80150127410889,70266
43.80233073234558,70266
43.803160190582275,70266
43.8047661781311,70266
43.80559062957764,70266
43.80642890930176,70266
43.80725693702698,70266
43.80807709693909,70266
43.80968904495239,70266
43.81050968170166,70266
43.811338663101196,70266
43.812169790267944,70266
43.81377720832825,70266
43.814608097076416,70266
43.81542706489563,70266
43.816269636154175,70266
43.817091941833496,70266
43.818692684173584,70266
43.81951665878296,70266
43.82034420967102,70266
43.82116889953613,70266
43.82276964187622,70266
43.82358932495117,70266
43.824416637420654,70266
43.82524561882019,70266
43.82608366012573,70266
43.82768702507019,70266
43.82850956916809,70266
43.829336404800415,70266
43.83016514778137,70266
43.83176922798157,70266
43.83259296417236,70266
43.83342242240906,70266
43.834250688552856,70266
43.83508062362671,70266
43.83669877052307,70266
43.837531328201294,70266
43.83835530281067,70266
43.83917856216431,70266
43.84077739715576,70266
43.84160256385803,70266
43.84242868423462,70266
43.84324884414673,70266
43.8440797328949,70266
43.84569835662842,70266
43.846524477005005,70266
43.84734797477722,70266
43.84817409515381,70266
43.84978413581848,70266
43.85061693191528,70266
43.8514461517334,70266
43.852269887924194,70266
43.853097915649414,70266
43.8546941280365,70266
43.85552644729614,70266
43.85635566711426,70266
43.8571834564209,70266
43.85801434516907,70266
43.859604358673096,70266
43.86042785644531,70266
43.861252784729004,70266
43.86208486557007,70266
43.86369442939758,70266
43.86451435089111,70266
43.86533999443054,70266
43.86617469787598,70266
43.867780685424805,70266
43.86860775947571,70266
43.8694269657135,70266
43.870256185531616,70266
43.87108755111694,70266
43.87268781661987,70266
43.87351322174072,70266
43.87433695793152,70266
43.87516164779663,70266
43.876787185668945,70266
43.87761211395264,70266
43.87843608856201,70266
43.87926483154297,70266
43.88009285926819,70266
43.88169622421265,70266
43.88252520561218,70266
43.8833532333374,70266
43.88418173789978,70266
43.88500928878784,70266
43.88661503791809,70266
43.88744235038757,70266
43.88826823234558,70266
43.889097929000854,70266
43.890697717666626,70266
43.891531229019165,70266
43.89235758781433,70266
43.893187046051025,70266
43.89401388168335,70266
43.895609855651855,70266
43.896448373794556,70266
43.89727330207825,70266
43.89810109138489,70266
43.899704933166504,70266
43.900535345077515,70266
43.90137028694153,70266
43.902199268341064,70266
43.903029441833496,70266
43.904627084732056,70266
43.90545439720154,70266
43.90628910064697,70266
43.90711832046509,70266
43.9087233543396,70266
43.909557819366455,70266
43.910374879837036,70266
43.91120195388794,70266
43.912028074264526,70266
43.91362524032593,70266
43.91445541381836,70266
43.915282249450684,70266
43.91612195968628,70266
43.91773056983948,70266
43.91856622695923,70266
43.919397592544556,70266
43.920222997665405,70266
43.921053647994995,70266
43.922653913497925,70266
43.923484802246094,70266
43.924309968948364,70266
43.9251434803009,70266
43.92676544189453,70266
43.927589416503906,70266
43.92841649055481,70266
43.9292471408844,70266
43.93007802963257,70266
43.93166923522949,70266
43.93250226974487,70266
43.93332862854004,70266
43.934154987335205,70266
43.93577337265015,70266
43.93659687042236,70266
43.93742370605469,70266
43.9382529258728,70266
43.939075231552124,70266
43.94068384170532,70266
43.9415078163147,70266
43.942331075668335,70266
43.94316101074219,70266
43.94477605819702,70266
43.94560098648071,70266
43.946431398391724,70266
43.94726276397705,70266
43.94808745384216,70266
43.94969725608826,70266
43.95052909851074,70266
43.95135474205017,70266
43.95217967033386,70266
43.953014850616455,70266
43.95461368560791,70266
43.9554340839386,70266
43.9562668800354,70266
43.95709776878357,70266
43.95870018005371,70266
43.95953011512756,70266
43.96035671234131,70266
43.96118450164795,70266
43.96201729774475,70266
43.96361494064331,70266
43.96444344520569,70266
43.965269804000854,70266
43.9661078453064,70266
43.96770763397217,70266
43.96854496002197,70266
43.9693717956543,70266
43.97020077705383,70266
43.971027135849,70266
43.97262501716614,70266
43.97344923019409,70266
43.97427558898926,70266
43.975104570388794,70266
43.97672176361084,70266
43.97754979133606,70266
43.97837591171265,70266
43.97919988632202,70266
43.980032444000244,70266
43.981629848480225,70266
43.98245811462402,70266
43.98328351974487,70266
43.984111309051514,70266
43.98572063446045,70266
43.986554861068726,70266
43.98738193511963,70266
43.98820424079895,70266
43.98902487754822,70266
43.99062132835388,70266
43.9914448261261,70266
43.99227023124695,70266
43.99310040473938,70266
43.994704723358154,70266
43.99553561210632,70266
43.99637413024902,70266
43.99720525741577,70266
43.99802899360657,70266
43.99962544441223,70266
44.00045037269592,70266
44.00128626823425,70266
44.002110958099365,70266
44.003729581832886,70266
44.00456142425537,70266
44.00537919998169,70266
44.0062210559845,70266
44.00704789161682,70266
44.00864624977112,70266
44.0094780921936,70266
44.01030445098877,70266
44.01113748550415,70266
44.012741565704346,70266
44.013569593429565,70266
44.01440143585205,70266
44.015230894088745,70266
44.01606488227844,70266
44.017661809921265,70266
44.018492221832275,70266
44.01932191848755,70266
44.020151138305664,70266
44.021761894226074,70266
44.0225887298584,70266
44.023412227630615,70266
44.024242877960205,70266
44.02507281303406,70266
44.02669429779053,70266
44.02751612663269,70266
44.02833652496338,70266
44.02916383743286,70266
44.03077721595764,70266
44.03160309791565,70266
44.0324273109436,70266
44.03325176239014,70266
44.03408241271973,70266
44.03570342063904,70266
44.03652834892273,70266
44.03736114501953,70266
44.03818941116333,70266
44.03901791572571,70266
44.040618896484375,70266
44.04144477844238,70266
44.0422682762146,70266
44.04310202598572,70266
44.044703245162964,70266
44.04553771018982,70266
44.04636812210083,70266
44.047197341918945,70266
44.0480260848999,70266
44.04961585998535,70266
44.05044627189636,70266
44.05127787590027,70266
44.05209922790527,70266
44.053704023361206,70266
44.05453872680664,70266
44.05536651611328,70266
44.0562059879303,70266
44.05703163146973,70266
44.05862879753113,70266
44.05945682525635,70266
44.060288429260254,70266
44.061118364334106,70266
44.06272339820862,70266
44.063554525375366,70266
44.06437587738037,70266
44.06520700454712,70266
44.066044330596924,70266
44.067649364471436,70266
44.06847858428955,70266
44.069308042526245,70266
44.07013773918152,70266
44.07174324989319,70266
44.072571754455566,70266
44.07339429855347,70266
44.07422709465027,70266
44.07505655288696,70266
44.07665991783142,70266
44.07748794555664,70266
44.078309774398804,70266
44.07913088798523,70266
44.08074426651001,70266
44.0815691947937,70266
44.0823929309845,70266
44.083218812942505,70266
44.08405256271362,70266
44.08564567565918,70266
44.08648061752319,70266
44.087311029434204,70266
44.088141679763794,70266
44.08975386619568,70266
44.09057855606079,70266
44.09140753746033,70266
44.092233657836914,70266
44.09306073188782,70266
44.094666957855225,70266
44.095497608184814,70266
44.09633421897888,70266
44.09716439247131,70266
44.09877324104309,70266
44.099600076675415,70266
44.10043144226074,70266
44.101258516311646,70266
44.10208582878113,70266
44.1036913394928,70266
44.104514837265015,70266
44.10533690452576,70266
44.10617804527283,70266
44.107013463974,70266
44.10861325263977,70266
44.109440326690674,70266
44.110267639160156,70266
44.11109638214111,70266
44.11269688606262,70266
44.11352729797363,70266
44.114354610443115,70266
44.11518597602844,70266
44.11602187156677,70266
44.11762237548828,70266
44.11844873428345,70266
44.11928081512451,70266
44.120110273361206,70266
44.121716022491455,70266
44.122549057006836,70266
44.1233766078949,70266
44.124204874038696,70266
44.12503433227539,70266
44.12664556503296,70266
44.12747645378113,70266
44.12830424308777,70266
44.12913370132446,70266
44.130741119384766,70266
44.13156318664551,70266
44.132391929626465,70266
44.13321542739868,70266
44.13404083251953,70266
44.13563871383667,70266
44.1364803314209,70266
44.13730525970459,70266
44.138134479522705,70266
44.13974118232727,70266
44.14056754112244,70266
44.14139652252197,70266
44.142220973968506,70266
44.14304876327515,70266
44.144646644592285,70266
44.14547777175903,70266
44.14631509780884,70266
44.14714050292969,70266
44.14875102043152,70266
44.14957594871521,70266
44.15040993690491,70266
44.15123271942139,70266
44.15205979347229,70266
44.15366053581238,70266
44.15449237823486,70266
44.15531849861145,70266
44.156158685684204,70266
44.15775752067566,70266
44.15858316421509,70266
44.1594123840332,70266
44.160237312316895,70266
44.16106629371643,70266
44.162665367126465,70266
44.16349768638611,70266
44.16432809829712,70266
44.16515517234802,70266
44.16677451133728,70266
44.16759729385376,70266
44.16842269897461,70266
44.16924548149109,70266
44.17007350921631,70266
44.1716890335083,70266
44.17251133918762,70266
44.17333459854126,70266
44.17416000366211,70266
44.175782918930054,70266
44.17660641670227,70266
44.17743372917175,70266
44.17825746536255,70266
44.17907667160034,70266
44.18068504333496,70266
44.18150997161865,70266
44.182332038879395,70266
44.18316102027893,70266
44.18476438522339,70266
44.185590982437134,70266
44.18642473220825,70266
44.18724846839905,70266
44.18807578086853,70266
44.18968057632446,70266
44.19050097465515,70266
44.19133162498474,70266
44.192158699035645,70266
44.1937735080719,70266
44.19459772109985,70266
44.19542860984802,70266
44.196266889572144,70266
44.19709086418152,70266
44.198697328567505,70266
44.1995313167572,70266
44.200359582901,70266
44.201186418533325,70266
44.20201516151428,70266
44.20360779762268,70266
44.20443773269653,70266
44.20526957511902,70266
44.20611047744751,70266
44.207716941833496,70266
44.208550453186035,70266
44.209378719329834,70266
44.21020245552063,70266
44.211031913757324,70266
44.21262884140015,70266
44.213458776474,70266
44.21428990364075,70266
44.21511793136597,70266
44.216731786727905,70266
44.2175612449646,70266
44.218390226364136,70266
44.21921634674072,70266
44.22004413604736,70266
44.22164177894592,70266
44.222472190856934,70266
44.22329521179199,70266
44.22412633895874,70266
44.225730657577515,70266
44.22656297683716,70266
44.22739315032959,70266
44.22822117805481,70266
44.22904825210571,70266
44.23064208030701,70266
44.23146891593933,70266
44.232298135757446,70266
44.23311638832092,70266
44.234724044799805,70266
44.235551834106445,70266
44.236380100250244,70266
44.237210273742676,70266
44.23803377151489,70266
44.23963284492493,70266
44.240458488464355,70266
44.24128556251526,70266
44.242114782333374,70266
44.24371337890625,70266
44.244548320770264,70266
44.24537706375122,70266
44.246214628219604,70266
44.24704599380493,70266
44.24863815307617,70266
44.249467849731445,70266
44.25029897689819,70266
44.251129150390625,70266
44.2527379989624,70266
44.25356388092041,70266
44.254379749298096,70266
44.25520896911621,70266
44.256046295166016,70266
44.25765013694763,70266
44.25848078727722,70266
44.259310483932495,70266
44.2601420879364,70266
44.26174712181091,70266
44.26257348060608,70266
44.26340174674988,70266
44.26423001289368,70266
44.26506209373474,70266
44.26667904853821,70266
44.267497539520264,70266
44.26832628250122,70266
44.26915383338928,70266
44.27075910568237,70266
44.27158808708191,70266
44.27240967750549,70266
44.273237228393555,70266
44.2740695476532,70266
44.275665044784546,70266
44.276509523391724,70266
44.277339458465576,70266
44.27816915512085,70266
44.27977728843689,70266
44.280601263046265,70266
44.28142428398132,70266
44.28225040435791,70266
44.28307771682739,70266
44.284669160842896,70266
44.28549575805664,70266
44.28633213043213,70266
44.287158489227295,70266
44.288766860961914,70266
44.28958988189697,70266
44.29041862487793,70266
44.29124689102173,70266
44.29207706451416,70266
44.29368615150452,70266
44.29451394081116,70266
44.29533553123474,70266
44.296178579330444,70266
44.29700779914856,70266
44.29861330986023,70266
44.29944062232971,70266
44.30026698112488,70266
44.301093339920044,70266
44.30269479751587,70266
44.303526401519775,70266
44.304354190826416,70266
44.30518651008606,70266
44.30602717399597,70266
44.30762219429016,70266
44.308449268341064,70266
44.309276819229126,70266
44.31010174751282,70266
44.311710357666016,70266
44.31253528594971,70266
44.31336307525635,70266
44.314192056655884,70266
44.31501746177673,70266
44.31662583351135,70266
44.31745147705078,70266
44.318283796310425,70266
44.31911277770996,70266
44.32071328163147,70266
44.32154607772827,70266
44.32237529754639,70266
44.32320189476013,70266
44.32402420043945,70266
44.32561779022217,70266
44.326459646224976,70266
44.32728958129883,70266
44.32811903953552,70266
44.32972264289856,70266
44.33055257797241,70266
44.33137059211731,70266
44.33219265937805,70266
44.33302092552185,70266
44.3346049785614,70266
44.33543014526367,70266
44.33626747131348,70266
44.33709526062012,70266
44.3387131690979,70266
44.33954930305481,70266
44.340378284454346,70266
44.341209173202515,70266
44.34203791618347,70266
44.34363532066345,70266
44.34446573257446,70266
44.34528946876526,70266
44.346129417419434,70266
44.34774088859558,70266
44.34856700897217,70266
44.34939432144165,70266
44.350221395492554,70266
44.35104322433472,70266
44.35264039039612,70266
44.35347032546997,70266
44.354300022125244,70266
44.35512590408325,70266
44.356743812561035,70266
44.35757350921631,70266
44.358402729034424,70266
44.3592324256897,70266
44.360063314437866,70266
44.36167049407959,70266
44.36250185966492,70266
44.3633291721344,70266
44.36415481567383,70266
44.36577868461609,70266
44.36660408973694,70266
44.36742639541626,70266
44.368253231048584,70266
44.36908173561096,70266
44.370681285858154,70266
44.37150764465332,70266
44.37233567237854,70266
44.37316536903381,70266
44.374778032302856,70266
44.37559914588928,70266
44.37643837928772,70266
44.37727189064026,70266
44.37810039520264,70266
44.37971496582031,70266
44.38054895401001,70266
44.381375312805176,70266
44.382201194763184,70266
44.383031368255615,70266
44.38462257385254,70266
44.38545227050781,70266
44.38628959655762,70266
44.387107372283936,70266
44.388712644577026,70266
44.389546632766724,70266
44.39037871360779,70266
44.39120364189148,70266
44.39203643798828,70266
44.39364218711853,70266
44.39447331428528,70266
44.39530634880066,70266
44.3961455821991,70266
44.39775252342224,70266
44.39857888221741,70266
44.39940547943115,70266
44.40023636817932,70266
44.40106439590454,70266
44.40267896652222,70266
44.40350341796875,70266
44.404330253601074,70266
44.40515351295471,70266
44.406779050827026,70266
44.407604455947876,70266
44.40843439102173,70266
44.409260511398315,70266
44.41008520126343,70266
44.411691665649414,70266
44.4125120639801,70266
44.41334533691406,70266
44.41417384147644,70266
44.415005922317505,70266
44.41660928726196,70266
44.41743588447571,70266
44.41826415061951,70266
44.41909575462341,70266
44.42070150375366,70266
44.42153215408325,70266
44.42235350608826,70266
44.42318391799927,70266
44.424007415771484,70266
44.42560887336731,70266
44.42644715309143,70266
44.427276849746704,70266
44.42810106277466,70266
44.429709672927856,70266
44.43053984642029,70266
44.43136548995972,70266
44.43219542503357,70266
44.43302345275879,70266
44.43461871147156,70266
44.435439109802246,70266
44.43627715110779,70266
44.437110900878906,70266
44.43871355056763,70266
44.4395432472229,70266
44.440367698669434,70266
44.44119668006897,70266
44.44202661514282,70266
44.443628787994385,70266
44.44445466995239,70266
44.445279121398926,70266
44.44611644744873,70266
44.44771647453308,70266
44.44854927062988,70266
44.449371576309204,70266
44.45020270347595,70266
44.45103192329407,70266
44.45263051986694,70266
44.453460454940796,70266
44.45428133010864,70266
44.45511054992676,70266
44.456722259521484,70266
44.45755362510681,70266
44.458380937576294,70266
44.45921230316162,70266
44.46003603935242,70266
44.46163988113403,70266
44.46246576309204,70266
44.46329355239868,70266
44.46412253379822,70266
44.465740442276,70266
44.466572284698486,70266
44.46739864349365,70266
44.46822810173035,70266
44.46905541419983,70266
44.470654010772705,70266
44.4714879989624,70266
44.47231078147888,70266
44.47314119338989,70266
44.47475051879883,70266
44.47557544708252,70266
44.476409673690796,70266
44.47723436355591,70266
44.47806525230408,70266
44.47966814041138,70266
44.4804961681366,70266
44.48132014274597,70266
44.48214817047119,70266
44.483760833740234,70266
44.48458766937256,70266
44.48542070388794,70266
44.48625683784485,70266
44.487080812454224,70266
44.48868656158447,70266
44.48951268196106,70266
44.49033737182617,70266
44.491167068481445,70266
44.492775440216064,70266
44.49359655380249,70266
44.494425535202026,70266
44.495256423950195,70266
44.496092557907104,70266
44.49769926071167,70266
44.498528480529785,70266
44.499356269836426,70266
44.5001745223999,70266
44.501792907714844,70266
44.50262093544006,70266
44.50344896316528,70266
44.50427985191345,70266
44.50511145591736,70266
44.50673270225525,70266
44.507572650909424,70266
44.50839185714722,70266
44.509217977523804,70266
44.5100474357605,70266
44.51164102554321,70266
44.51247549057007,70266
44.51330542564392,70266
44.51413321495056,70266
44.51575517654419,70266
44.51658272743225,70266
44.517411947250366,70266
44.5182409286499,70266
44.519073724746704,70266
44.52068018913269,70266
44.521501541137695,70266
44.52233004570007,70266
44.52316331863403,70266
44.52476906776428,70266
44.525591135025024,70266
44.52643036842346,70266
44.52725601196289,70266
44.52808237075806,70266
44.52969717979431,70266
44.53050518035889,70266
44.53133201599121,70266
44.532161235809326,70266
44.533772468566895,70266
44.53459692001343,70266
44.53542709350586,70266
44.53626537322998,70266
44.537097454071045,70266
44.53870511054993,70266
44.539538621902466,70266
44.54036545753479,70266
44.541189432144165,70266
44.54202055931091,70266
44.54362392425537,70266
44.544453620910645,70266
44.54528212547302,70266
44.546117544174194,70266
44.547730684280396,70266
44.54855561256409,70266
44.54938197135925,70266
44.55020999908447,70266
44.55103921890259,70266
44.5526385307312,70266
44.55346703529358,70266
44.55429530143738,70266
44.55512833595276,70266
44.55674648284912,70266
44.557570695877075,70266
44.558398485183716,70266
44.55922865867615,70266
44.56006050109863,70266
44.56166386604309,70266
44.562493085861206,70266
44.56332063674927,70266
44.56414866447449,70266
44.56576657295227,70266
44.56659388542175,70266
44.56742191314697,70266
44.56824970245361,70266
44.569077253341675,70266
44.57068228721619,70266
44.57150864601135,70266
44.57233691215515,70266
44.57316327095032,70266
44.574777603149414,70266
44.57559633255005,70266
44.57642698287964,70266
44.5772442817688,70266
44.578070402145386,70266
44.57967138290405,70266
44.58049964904785,70266
44.58132767677307,70266
44.5821475982666,70266
44.58375644683838,70266
44.584588289260864,70266
44.58541297912598,70266
44.586246728897095,70266
44.58707785606384,70266
44.58868050575256,70266
44.58950400352478,70266
44.59033012390137,70266
44.591161251068115,70266
44.59276080131531,70266
44.593585729599,70266
44.59440994262695,70266
44.59523916244507,70266
44.596076250076294,70266
44.597681283950806,70266
44.59850072860718,70266
44.59933114051819,70266
44.60015916824341,70266
44.60177254676819,70266
44.6025972366333,70266
44.60341835021973,70266
44.60424995422363,70266
44.6050763130188,70266
44.60669541358948,70266
44.60752296447754,70266
44.6083550453186,70266
44.60918974876404,70266
44.61001777648926,70266
44.61161780357361,70266
44.6124484539032,70266
44.61327123641968,70266
44.61410117149353,70266
44.61572074890137,70266
44.616554737091064,70266
44.61737942695618,70266
44.6182119846344,70266
44.619043588638306,70266
44.62064599990845,70266
44.62147760391235,70266
44.62230610847473,70266
44.623135805130005,70266
44.62474584579468,70266
44.62557649612427,70266
44.62641167640686,70266
44.62724447250366,70266
44.62805986404419,70266
44.629661083221436,70266
44.63049101829529,70266
44.63132119178772,70266
44.63215088844299,70266
44.63375902175903,70266
44.63458251953125,70266
44.63540601730347,70266
44.63624691963196,70266
44.63707232475281,70266
44.63866567611694,70266
44.63949203491211,70266
44.64032244682312,70266
44.64114785194397,70266
44.6427481174469,70266
44.643569231033325,70266
44.644397020339966,70266
44.64522862434387,70266
44.64606332778931,70266
44.647658824920654,70266
44.648486852645874,70266
44.649314641952515,70266
44.65014290809631,70266
44.6517539024353,70266
44.65258240699768,70266
44.65341401100159,70266
44.65424084663391,70266
44.65507245063782,70266
44.656684160232544,70266
44.657498836517334,70266
44.65833044052124,70266
44.65915393829346,70266
44.66076159477234,70266
44.66158485412598,70266
44.662415504455566,70266
44.663243532180786,70266
44.664072036743164,70266
44.66566872596741,70266
44.666502714157104,70266
44.667327880859375,70266
44.66816186904907,70266
44.66976547241211,70266
44.67058968544006,70266
44.6714186668396,70266
44.672245502471924,70266
44.67307424545288,70266
44.674681186676025,70266
44.67551350593567,70266
44.67634725570679,70266
44.67716979980469,70266
44.678773641586304,70266
44.679600954055786,70266
44.6804256439209,70266
44.68125605583191,70266
44.68208456039429,70266
44.68369793891907,70266
44.684528827667236,70266
44.68535661697388,70266
44.6861937046051,70266
44.68702292442322,70266
44.688615798950195,70266
44.689446210861206,70266
44.69027233123779,70266
44.69109344482422,70266
44.69270348548889,70266
44.693532943725586,70266
44.69436550140381,70266
44.695191860198975,70266
44.69603157043457,70266
44.6976273059845,70266
44.698453187942505,70266
44.69928574562073,70266
44.700117349624634,70266
44.70173406600952,70266
44.7025671005249,70266
44.703391313552856,70266
44.704222202301025,70266
44.70505118370056,70266
44.706658124923706,70266
44.707491397857666,70266
44.708317041397095,70266
44.709147691726685,70266
44.71075987815857,70266
44.711586236953735,70266
44.712416648864746,70266
44.713244676589966,70266
44.714075803756714,70266
44.71569275856018,70266
44.71652054786682,70266
44.71735095977783,70266
44.71817493438721,70266
44.719006299972534,70266
44.720611810684204,70266
44.72143292427063,70266
44.72226428985596,70266
44.72309136390686,70266
44.724703788757324,70266
44.72553610801697,70266
44.726372718811035,70266
44.72719979286194,70266
44.728029012680054,70266
44.72962498664856,70266
44.73045372962952,70266
44.73128032684326,70266
44.73211431503296,70266
44.73370909690857,70266
44.73453736305237,70266
44.735366344451904,70266
44.736205101013184,70266
44.73703646659851,70266
44.738630056381226,70266
44.739460945129395,70266
44.74029064178467,70266
44.74112367630005,70266
44.74272894859314,70266
44.74355697631836,70266
44.74438810348511,70266
44.74521994590759,70266
44.74605083465576,70266
44.74764394760132,70266
44.74847173690796,70266
44.749300718307495,70266
44.750128746032715,70266
44.75172972679138,70266
44.752557039260864,70266
44.75337791442871,70266
44.75420522689819,70266
44.75502371788025,70266
44.75663089752197,70266
44.75745916366577,70266
44.758288860321045,70266
44.75912070274353,70266
44.760719537734985,70266
44.76155185699463,70266
44.76237916946411,70266
44.76321196556091,70266
44.76403760910034,70266
44.76563835144043,70266
44.766475677490234,70266
44.76730537414551,70266
44.76813268661499,70266
44.76973247528076,70266
44.77056050300598,70266
44.771389961242676,70266
44.77221727371216,70266
44.77304172515869,70266
44.77464175224304,70266
44.77546834945679,70266
44.77630376815796,70266
44.77712845802307,70266
44.77873659133911,70266
44.7795627117157,70266
44.78038716316223,70266
44.78121519088745,70266
44.78204083442688,70266
44.78364372253418,70266
44.784472942352295,70266
44.785301208496094,70266
44.78613877296448,70266
44.787742376327515,70266
44.78856658935547,70266
44.78939414024353,70266
44.79022145271301,70266
44.79105281829834,70266
44.79264831542969,70266
44.793479919433594,70266
44.794305086135864,70266
44.795135498046875,70266
44.79675817489624,70266
44.7975857257843,70266
44.798412561416626,70266
44.79924297332764,70266
44.800069093704224,70266
44.80166697502136,70266
44.80250000953674,70266
44.80333185195923,70266
44.80415654182434,70266
44.805779218673706,70266
44.8065972328186,70266
44.80742955207825,70266
44.808253049850464,70266
44.80907583236694,70266
44.81066870689392,70266
44.81149482727051,70266
44.81232690811157,70266
44.813145875930786,70266
44.814759731292725,70266
44.81558346748352,70266
44.81641983985901,70266
44.81725025177002,70266
44.81807851791382,70266
44.81968450546265,70266
44.82050681114197,70266
44.82133674621582,70266
44.82216238975525,70266
44.82377362251282,70266
44.824596881866455,70266
44.82542133331299,70266
44.826258182525635,70266
44.82708668708801,70266
44.82869005203247,70266
44.829517126083374,70266
44.83034586906433,70266
44.83117318153381,70266
44.832778453826904,70266
44.83360528945923,70266
44.83442783355713,70266
44.835256814956665,70266
44.836097955703735,70266
44.83771204948425,70266
44.83854413032532,70266
44.83936810493469,70266
44.840195417404175,70266
44.84102439880371,70266
44.842618227005005,70266
44.843456745147705,70266
44.84428644180298,70266
44.84511637687683,70266
44.84672665596008,70266
44.84755778312683,70266
44.84838509559631,70266
44.84921050071716,70266
44.85003662109375,70266
44.851633071899414,70266
44.85246419906616,70266
44.85329246520996,70266
44.85411882400513,70266
44.85573053359985,70266
44.85656666755676,70266
44.85739612579346,70266
44.858219146728516,70266
44.85904812812805,70266
44.86064863204956,70266
44.86147665977478,70266
44.862303495407104,70266
44.86313486099243,70266
44.86474084854126,70266
44.865570068359375,70266
44.86640739440918,70266
44.86723208427429,70266
44.868061780929565,70266
44.86966800689697,70266
44.87049579620361,70266
44.87132215499878,70266
44.872151374816895,70266
44.87375998497009,70266
44.87458801269531,70266
44.875418186187744,70266
44.87625527381897,70266
44.87708401679993,70266
44.87868857383728,70266
44.87950921058655,70266
44.88033723831177,70266
44.88117170333862,70266
44.88277077674866,70266
44.88359713554382,70266
44.88442587852478,70266
44.88525390625,70266
44.88609576225281,70266
44.88770031929016,70266
44.88853335380554,70266
44.889357805252075,70266
44.890185594558716,70266
44.89101457595825,70266
44.892613887786865,70266
44.893444776535034,70266
44.89427042007446,70266
44.89509654045105,70266
44.896708726882935,70266
44.89753866195679,70266
44.898367166519165,70266
44.899197578430176,70266
44.9000244140625,70266
44.901620388031006,70266
44.90244817733765,70266
44.90327286720276,70266
44.904101848602295,70266
44.90571355819702,70266
44.90654635429382,70266
44.90737533569336,70266
44.90820026397705,70266
44.9090301990509,70266
44.91062092781067,70266
44.91144609451294,70266
44.91227340698242,70266
44.91309976577759,70266
44.91470694541931,70266
44.91553997993469,70266
44.91637349128723,70266
44.917195320129395,70266
44.91802430152893,70266
44.919612407684326,70266
44.92043709754944,70266
44.921265840530396,70266
44.92209339141846,70266
44.92369365692139,70266
44.92452359199524,70266
44.925357818603516,70266
44.9261953830719,70266
44.92701840400696,70266
44.9286150932312,70266
44.92944002151489,70266
44.93026280403137,70266
44.93109369277954,70266
44.932700634002686,70266
44.933533668518066,70266
44.934361696243286,70266
44.93519711494446,70266
44.93602776527405,70266
44.93763303756714,70266
44.93846273422241,70266
44.93928909301758,70266
44.94011402130127,70266
44.94172143936157,70266
44.942548990249634,70266
44.94337558746338,70266
44.94420647621155,70266
44.94503617286682,70266
44.946635246276855,70266
44.94746804237366,70266
44.948294162750244,70266
44.9491240978241,70266
44.950735092163086,70266
44.95156383514404,70266
44.95239210128784,70266
44.953221797943115,70266
44.95405054092407,70266
44.955650806427,70266
44.95649480819702,70266
44.95732235908508,70266
44.958150148391724,70266
44.9597589969635,70266
44.960580825805664,70266
44.96140909194946,70266
44.96223473548889,70266
44.963059425354004,70266
44.96465849876404,70266
44.965487003326416,70266
44.966320514678955,70266
44.96714687347412,70266
44.968759059906006,70266
44.96958947181702,70266
44.9704110622406,70266
44.971238136291504,70266
44.972063302993774,70266
44.97365975379944,70266
44.9744918346405,70266
44.975318908691406,70266
44.976160764694214,70266
44.97776746749878,70266
44.97858929634094,70266
44.97941875457764,70266
44.98024272918701,70266
44.98107171058655,70266
44.98267936706543,70266
44.98350143432617,70266
44.984333753585815,70266
44.98516225814819,70266
44.986780881881714,70266
44.987605810165405,70266
44.98843431472778,70266
44.98925971984863,70266
44.990092039108276,70266
44.99169707298279,70266
44.99252653121948,70266
44.99335265159607,70266
44.9941828250885,70266
44.99579477310181,70266
44.996612787246704,70266
44.99743700027466,70266
44.99826192855835,70266
44.999085426330566,70266
45.00069284439087,70266
45.001524925231934,70266
45.00235033035278,70266
45.003180742263794,70266
45.00401711463928,70266
45.00560688972473,70266
45.00643277168274,70266
45.00725483894348,70266
45.00807809829712,70266
45.00968551635742,70266
45.010512590408325,70266
45.01134920120239,70266
45.01217818260193,70266
45.01300859451294,70266
45.01461386680603,70266
45.015432357788086,70266
45.01626467704773,70266
45.017091274261475,70266
45.01870131492615,70266
45.01953673362732,70266
45.02036499977112,70266
45.0211877822876,70266
45.02202081680298,70266
45.02362108230591,70266
45.0244517326355,70266
45.025280475616455,70266
45.02611947059631,70266
45.027724504470825,70266
45.028555393218994,70266
45.029377460479736,70266
45.03020429611206,70266
45.03103017807007,70266
45.032630920410156,70266
45.03346061706543,70266
45.034292221069336,70266
45.03512215614319,70266
45.036739349365234,70266
45.03756499290466,70266
45.038392305374146,70266
45.03921937942505,70266
45.04004788398743,70266
45.04164528846741,70266
45.04247450828552,70266
45.04329872131348,70266
45.04412841796875,70266
45.04575228691101,70266
45.046576499938965,70266
45.0474054813385,70266
45.04823398590088,70266
45.04905891418457,70266
45.05065417289734,70266
45.051480293273926,70266
45.05230951309204,70266
45.05313563346863,70266
45.054744482040405,70266
45.05557370185852,70266
45.05641317367554,70266
45.057239294052124,70266
45.05806303024292,70266
45.059666872024536,70266
45.060495376586914,70266
45.06132745742798,70266
45.06215310096741,70266
45.06376552581787,70266
45.06459331512451,70266
45.065412759780884,70266
45.066245317459106,70266
45.06707191467285,70266
45.068684101104736,70266
45.06951117515564,70266
45.07033610343933,70266
45.07116484642029,70266
45.07276511192322,70266
45.07358980178833,70266
45.0744206905365,70266
45.07524800300598,70266
45.07608771324158,70266
45.07768964767456,70266
45.07851219177246,70266
45.07933831214905,70266
45.080169439315796,70266
45.081766843795776,70266
45.08259081840515,70266
45.0834219455719,70266
45.08425331115723,70266
45.08507561683655,70266
45.086692094802856,70266
45.087515354156494,70266
45.08834195137024,70266
45.089165687561035,70266
45.09077501296997,70266
45.09160304069519,70266
45.09242248535156,70266
45.09325098991394,70266
45.09407949447632,70266
45.09569573402405,70266
45.09652495384216,70266
45.09734869003296,70266
45.09818124771118,70266
45.099008560180664,70266
45.10060143470764,70266
45.10143065452576,70266
45.1022527217865,70266
45.10308218002319,70266
45.10468816757202,70266
45.10551357269287,70266
45.1063506603241,70266
45.10717988014221,70266
45.10800766944885,70266
45.109596967697144,70266
45.11042904853821,70266
45.11125612258911,70266
45.1120879650116,70266
45.113698959350586,70266
45.11453413963318,70266
45.115357875823975,70266
45.116194009780884,70266
45.117023229599,70266
45.11862397193909,70266
45.11945414543152,70266
45.12027859687805,70266
45.12110424041748,70266
45.12271070480347,70266
45.123539686203,70266
45.12436628341675,70266
45.125197410583496,70266
45.12603044509888,70266
45.127630949020386,70266
45.12846231460571,70266
45.12928318977356,70266
45.13010501861572,70266
45.131712675094604,70266
45.1325409412384,70266
45.13336944580078,70266
45.13419485092163,70266
45.135024547576904,70266
45.136632442474365,70266
45.1374568939209,70266
45.138280153274536,70266
45.13911199569702,70266
45.1407151222229,70266
45.14154624938965,70266
45.14236855506897,70266
45.143195152282715,70266
45.144026041030884,70266
45.14562177658081,70266
45.14646530151367,70266
45.14728856086731,70266
45.148117780685425,70266
45.1497278213501,70266
45.15055322647095,70266
45.15138125419617,70266
45.15220665931702,70266
45.15303611755371,70266
45.15464997291565,70266
45.15547227859497,70266
45.15631151199341,70266
45.15715503692627,70266
45.158766984939575,70266
45.159589767456055,70266
45.16042423248291,70266
45.161255836486816,70266
45.162089347839355,70266
45.16369986534119,70266
45.16452193260193,70266
45.16536045074463,70266
45.16620206832886,70266
45.167035818099976,70266
45.16863656044006,70266
45.16947364807129,70266
45.17030739784241,70266
45.17114210128784,70266
45.17275905609131,70266
45.17358183860779,70266
45.174415826797485,70266
45.17525243759155,70266
45.17609882354736,70266
45.1777069568634,70266
45.17853116989136,70266
45.17937207221985,70266
45.18022012710571,70266
45.18105149269104,70266
45.182655334472656,70266
45.18349742889404,70266
45.18433237075806,70266
45.18516206741333,70266
45.1860077381134,70266
45.18761491775513,70266
45.188448905944824,70266
45.189284324645996,70266
45.19011735916138,70266
45.19172930717468,70266
45.19255185127258,70266
45.193384647369385,70266
45.194215536117554,70266
45.19505023956299,70266
45.19666314125061,70266
45.19749355316162,70266
45.19832944869995,70266
45.199164390563965,70266
45.20077347755432,70266
45.201597690582275,70266
45.20243287086487,70266
45.20327019691467,70266
45.204102754592896,70266
45.20571422576904,70266
45.20653700828552,70266
45.20737409591675,70266
45.208205699920654,70266
45.20904064178467,70266
45.21064615249634,70266
45.21148109436035,70266
45.212316036224365,70266
45.213146448135376,70266
45.214760065078735,70266
45.21558213233948,70266
45.21642327308655,70266
45.217257261276245,70266
45.21808981895447,70266
45.21970200538635,70266
45.22052574157715,70266
45.22136211395264,70266
45.22219634056091,70266
45.22302842140198,70266
45.224631547927856,70266
45.22546672821045,70266
45.22631502151489,70266
45.22715187072754,70266
45.228764057159424,70266
45.229586124420166,70266
45.23042011260986,70266
45.231255292892456,70266
45.23208975791931,70266
45.233702421188354,70266
45.23452615737915,70266
45.23536157608032,70266
45.23620581626892,70266
45.23704242706299,70266
45.23864412307739,70266
45.23947787284851,70266
45.240314245224,70266
45.241148948669434,70266
45.24276328086853,70266
45.24358558654785,70266
45.24441862106323,70266
45.245251178741455,70266
45.246094703674316,70266
45.24770760536194,70266
45.248531341552734,70266
45.24936628341675,70266
45.25019717216492,70266
45.25103139877319,70266
45.25263452529907,70266
45.25346779823303,70266
45.25430631637573,70266
45.255138874053955,70266
45.256757974624634,70266
45.257580041885376,70266
45.25841498374939,70266
45.25925016403198,70266
45.26008200645447,70266
45.2616925239563,70266
45.26252102851868,70266
45.2633535861969,70266
45.26418733596802,70266
45.265018939971924,70266
45.266637325286865,70266
45.26747226715088,70266
45.26830792427063,70266
45.269144773483276,70266
45.27075982093811,70266
45.271583557128906,70266
45.27241611480713,70266
45.27324843406677,70266
45.274083852767944,70266
45.27570676803589,70266
45.276530265808105,70266
45.277366399765015,70266
45.278202056884766,70266
45.27903652191162,70266
45.28064513206482,70266
45.281479358673096,70266
45.282310962677,70266
45.28314757347107,70266
45.28476166725159,70266
45.28558683395386,70266
45.28642821311951,70266
45.28726243972778,70266
45.28809857368469,70266
45.289708852767944,70266
45.29053354263306,70266
45.29136824607849,70266
45.29219961166382,70266
45.29303526878357,70266
45.29463601112366,70266
45.295472621917725,70266
45.29631543159485,70266
45.297149896621704,70266
45.298760652542114,70266
45.29958200454712,70266
45.3004150390625,70266
45.301246881484985,70266
45.30207586288452,70266
45.30368638038635,70266
45.30451560020447,70266
45.30535316467285,70266
45.30619716644287,70266
45.30703091621399,70266
45.30862808227539,70266
45.3094642162323,70266
45.31030225753784,70266
45.311135053634644,70266
45.31274724006653,70266
45.31357026100159,70266
45.314404010772705,70266
45.315237522125244,70266
45.31608200073242,70266
45.317694664001465,70266
45.318522930145264,70266
45.31935739517212,70266
45.32018804550171,70266
45.32102394104004,70266
45.32262444496155,70266
45.3234601020813,70266
45.32429242134094,70266
45.32512307167053,70266
45.32674169540405,70266
45.32756519317627,70266
45.328399419784546,70266
45.329230070114136,70266
45.33006286621094,70266
45.33166551589966,70266
45.332499980926514,70266
45.33333873748779,70266
45.33417558670044,70266
45.33501195907593,70266
45.336623191833496,70266
45.33745837211609,70266
45.338292360305786,70266
45.339125871658325,70266
45.34073996543884,70266
45.34155774116516,70266
45.34239220619202,70266
45.343222856521606,70266
45.344059467315674,70266
45.34566378593445,70266
45.34650993347168,70266
45.34735441207886,70266
45.3481879234314,70266
45.3490252494812,70266
45.35062551498413,70266
45.351460456848145,70266
45.35229420661926,70266
45.353127241134644,70266
45.35473966598511,70266
45.355560541152954,70266
45.35640287399292,70266
45.35723876953125,70266
45.35807251930237,70266
45.35968327522278,70266
45.36051297187805,70266
45.361347913742065,70266
45.362186670303345,70266
45.363019943237305,70266
45.36462450027466,70266
45.36545920372009,70266
45.366302728652954,70266
45.36713933944702,70266
45.368749141693115,70266
45.369572162628174,70266
45.37040567398071,70266
45.371237993240356,70266
45.37207531929016,70266
45.373682260513306,70266
45.37451171875,70266
45.375349044799805,70266
45.376192569732666,70266
45.3770272731781,70266
45.37863039970398,70266
45.37946128845215,70266
45.380297899246216,70266
45.381131649017334,70266
45.38274097442627,70266
45.383562326431274,70266
45.38439893722534,70266
45.385234117507935,70266
45.38607907295227,70266
45.38768696784973,70266
45.38851594924927,70266
45.38934779167175,70266
45.39018368721008,70266
45.39101958274841,70266
45.392624378204346,70266
45.393457889556885,70266
45.394290924072266,70266
45.39512324333191,70266
45.39674782752991,70266
45.39756894111633,70266
45.3984055519104,70266
45.399235010147095,70266
45.400070905685425,70266
45.401668310165405,70266
45.40250253677368,70266
45.403343200683594,70266
45.40417551994324,70266
45.40500831604004,70266
45.40662384033203,70266
45.40745711326599,70266
45.408289194107056,70266
45.40912652015686,70266
45.4107346534729,70266
45.411555767059326,70266
45.41238975524902,70266
45.41322112083435,70266
45.41405439376831,70266
45.415653228759766,70266
45.416497468948364,70266
45.417333364486694,70266
45.4181706905365,70266
45.41900610923767,70266
45.42060685157776,70266
45.42144227027893,70266
45.42227268218994,70266
45.42310547828674,70266
45.42471385002136,70266
45.42553496360779,70266
45.42637348175049,70266
45.427210330963135,70266
45.428046464920044,70266
45.42965126037598,70266
45.4304895401001,70266
45.431323289871216,70266
45.43215799331665,70266
45.43377161026001,70266
45.434595823287964,70266
45.43543267250061,70266
45.4362735748291,70266
45.43710422515869,70266
45.43871450424194,70266
45.439539432525635,70266
45.44037461280823,70266
45.4412100315094,70266
45.44204235076904,70266
45.44364953041077,70266
45.44448471069336,70266
45.44531512260437,70266
45.44616150856018,70266
45.44776725769043,70266
45.44859027862549,70266
45.4494264125824,70266
45.45025968551636,70266
45.4510931968689,70266
45.45269727706909,70266
45.45352649688721,70266
45.454363107681274,70266
45.45519828796387,70266
45.45604467391968,70266
45.4576473236084,70266
45.458484172821045,70266
45.45932126045227,70266
45.46015501022339,70266
45.46176481246948,70266
45.46258473396301,70266
45.463417291641235,70266
45.46425127983093,70266
45.46508479118347,70266
45.46670651435852,70266
45.46752953529358,70266
45.46836590766907,70266
45.46919798851013,70266
45.47003102302551,70266
45.47162914276123,70266
45.47246241569519,70266
45.47329640388489,70266
45.47413396835327,70266
45.47575664520264,70266
45.476582050323486,70266
45.47741484642029,70266
45.47824764251709,70266
45.4790825843811,70266
45.48069381713867,70266
45.48152136802673,70266
45.482359886169434,70266
45.483192682266235,70266
45.48402738571167,70266
45.485634088516235,70266
45.486478328704834,70266
45.487313747406006,70266
45.488147258758545,70266
45.48975610733032,70266
45.49057602882385,70266
45.4914116859436,70266
45.49224281311035,70266
45.4930784702301,70266
45.494688510894775,70266
45.49551701545715,70266
45.49636650085449,70266
45.49720644950867,70266
45.498040199279785,70266
45.49964213371277,70266
45.5004780292511,70266
45.501315116882324,70266
45.50215148925781,70266
45.503762006759644,70266
45.5045850276947,70266
45.50542140007019,70266
45.50626492500305,70266
45.50710153579712,70266
45.50870895385742,70266
45.509531021118164,70266
45.51036310195923,70266
45.51119780540466,70266
45.51203107833862,70266
45.51363468170166,70266
45.51447105407715,70266
45.51531410217285,70266
45.51615810394287,70266
45.517767667770386,70266
45.518593072891235,70266
45.51942443847656,70266
45.520259380340576,70266
45.521092653274536,70266
45.522701025009155,70266
45.523524045944214,70266
45.52435874938965,70266
45.52519154548645,70266
45.52603840827942,70266
45.52764105796814,70266
45.52847480773926,70266
45.52931046485901,70266
45.530147314071655,70266
45.53176283836365,70266
45.532585859298706,70266
45.53341770172119,70266
45.534249782562256,70266
45.53508734703064,70266
45.536702156066895,70266
45.537524938583374,70266
45.53836011886597,70266
45.5391902923584,70266
45.54002404212952,70266
45.54162883758545,70266
45.5424644947052,70266
45.54330134391785,70266
45.544137716293335,70266
45.54575753211975,70266
45.546581983566284,70266
45.54741907119751,70266
45.548253536224365,70266
45.5490882396698,70266
45.550697565078735,70266
45.55152773857117,70266
45.55236101150513,70266
45.553200006484985,70266
45.55403232574463,70266
45.55563163757324,70266
45.55647563934326,70266
45.557310819625854,70266
45.558146238327026,70266
45.55976057052612,70266
45.56058406829834,70266
45.561418294906616,70266
45.56225323677063,70266
45.56308650970459,70266
45.56469988822937,70266
45.56552791595459,70266
45.56637620925903,70266
45.5672128200531,70266
45.56804323196411,70266
45.569645404815674,70266
45.570478677749634,70266
45.571317195892334,70266
45.572150230407715,70266
45.57376194000244,70266
45.574584007263184,70266
45.57541537284851,70266
45.57625937461853,70266
45.577099323272705,70266
45.57870602607727,70266
45.57952809333801,70266
45.5803656578064,70266
45.58119797706604,70266
45.582035541534424,70266
45.583637714385986,70266
45.58447504043579,70266
45.585306882858276,70266
45.586151123046875,70266
45.58776259422302,70266
45.58858823776245,70266
45.58942103385925,70266
45.59025812149048,70266
45.59108805656433,70266
45.59269833564758,70266
45.593525409698486,70266
45.59436273574829,70266
45.59520077705383,70266
45.59604573249817,70266
45.59764313697815,70266
45.59847664833069,70266
45.59930992126465,70266
45.60014033317566,70266
45.60175347328186,70266
45.60257601737976,70266
45.60340642929077,70266
45.604241132736206,70266
45.605074644088745,70266
45.60669565200806,70266
45.60752606391907,70266
45.60836100578308,70266
45.60919713973999,70266
45.61004018783569,70266
45.61164450645447,70266
45.61247968673706,70266
45.613314390182495,70266
45.61414813995361,70266
45.61577391624451,70266
45.616591453552246,70266
45.61742949485779,70266
45.61826515197754,70266
45.6191029548645,70266
45.620713233947754,70266
45.62153768539429,70266
45.62237286567688,70266
45.62320399284363,70266
45.62404108047485,70266
45.6256422996521,70266
45.626484394073486,70266
45.62731862068176,70266
45.62815070152283,70266
45.62976574897766,70266
45.630587100982666,70266
45.63142228126526,70266
45.632259130477905,70266
45.6330931186676,70266
45.63470482826233,70266
45.63552713394165,70266
45.63637065887451,70266
45.637205362319946,70266
45.638038873672485,70266
45.639641523361206,70266
45.6404755115509,70266
45.641311168670654,70266
45.64214849472046,70266
45.64376139640808,70266
45.644585371017456,70266
45.645421504974365,70266
45.64626359939575,70266
45.64710068702698,70266
45.64871048927307,70266
45.64953279495239,70266
45.65036869049072,70266
45.651203632354736,70266
45.652040004730225,70266
45.65364456176758,70266
45.65447807312012,70266
45.655311822891235,70266
45.65616011619568,70266
45.65777325630188,70266
45.65859317779541,70266
45.65942907333374,70266
45.6602623462677,70266
45.66109824180603,70266
45.66270709037781,70266
45.66352987289429,70266
45.664363384246826,70266
45.665197134017944,70266
45.666038274765015,70266
45.667646646499634,70266
45.66848134994507,70266
45.6693172454834,70266
45.67015290260315,70266
45.67176270484924,70266
45.67258286476135,70266
45.67341899871826,70266
45.67425084114075,70266
45.67508101463318,70266
45.6766996383667,70266
45.67752408981323,70266
45.67836117744446,70266
45.679192781448364,70266
45.6800262928009,70266
45.681631326675415,70266
45.68246865272522,70266
45.6833131313324,70266
45.68414282798767,70266
45.6857693195343,70266
45.6865918636322,70266
45.687427282333374,70266
45.688260078430176,70266
45.68909573554993,70266
45.69070839881897,70266
45.691529512405396,70266
45.692363023757935,70266
45.69319462776184,70266
45.69403004646301,70266
45.69563555717468,70266
45.696478843688965,70266
45.69731163978577,70266
45.69814491271973,70266
45.69975829124451,70266
45.700581789016724,70266
45.701417446136475,70266
45.70225477218628,70266
45.70308804512024,70266
45.70469832420349,70266
45.70552587509155,70266
45.7063684463501,70266
45.70720434188843,70266
45.70804214477539,70266
45.709644079208374,70266
45.710476875305176,70266
45.71131467819214,70266
45.71214580535889,70266
45.713762283325195,70266
45.71458196640015,70266
45.71541428565979,70266
45.7162549495697,70266
45.71708846092224,70266
45.71869707107544,70266
45.71952486038208,70266
45.72036075592041,70266
45.721195697784424,70266
45.72202944755554,70266
45.723633766174316,70266
45.724467277526855,70266
45.725303411483765,70266
45.72614598274231,70266
45.72775959968567,70266
45.728583335876465,70266
45.729419231414795,70266
45.73025107383728,70266
45.73108458518982,70266
45.732696294784546,70266
45.733524799346924,70266
45.73435974121094,70266
45.735193729400635,70266
45.73604679107666,70266
45.73763990402222,70266
45.73847556114197,70266
45.73930764198303,70266
45.7401442527771,70266
45.74175953865051,70266
45.74258732795715,70266
45.74341821670532,70266
45.74425268173218,70266
45.745086431503296,70266
45.74670219421387,70266
45.74752736091614,70266
45.7483606338501,70266
45.74919414520264,70266
45.75003004074097,70266
45.75163006782532,70266
45.75246572494507,70266
45.75330066680908,70266
45.7541344165802,70266
45.75575566291809,70266
45.75657558441162,70266
45.757410526275635,70266
45.758241176605225,70266
45.75907325744629,70266
45.76068305969238,70266
45.761513233184814,70266
45.762351751327515,70266
45.76318335533142,70266
45.764018297195435,70266
45.765623807907104,70266
45.766464710235596,70266
45.767297983169556,70266
45.76813077926636,70266
45.76974129676819,70266
45.77056431770325,70266
45.77139949798584,70266
45.77223253250122,70266
45.77306842803955,70266
45.77466869354248,70266
45.77550172805786,70266
45.77634906768799,70266
45.77718544006348,70266
45.77802300453186,70266
45.77963066101074,70266
45.78046703338623,70266
45.78130125999451,70266
45.782135009765625,70266
45.78374624252319,70266
45.78456997871399,70266
45.78540229797363,70266
45.786243200302124,70266
45.78707551956177,70266
45.788681983947754,70266
45.78951096534729,70266
45.79034638404846,70266
45.791178703308105,70266
45.79201030731201,70266
45.79361176490784,70266
45.79444718360901,70266
45.79527997970581,70266
45.79612898826599,70266
45.797736406326294,70266
45.7985577583313,70266
45.799391746520996,70266
45.80022740364075,70266
45.801060914993286,70266
45.80266284942627,70266
45.80349850654602,70266
45.80433368682861,70266
45.80516839027405,70266
45.80601215362549,70266
45.807618618011475,70266
45.80845236778259,70266
45.80928945541382,70266
45.810120820999146,70266
45.811726808547974,70266
45.812549114227295,70266
45.81338095664978,70266
45.81421113014221,70266
45.81504487991333,70266
45.81665658950806,70266
45.81749439239502,70266
45.81832766532898,70266
45.81916308403015,70266
45.82077670097351,70266
45.821601152420044,70266
45.822433948516846,70266
45.823269844055176,70266
45.8241024017334,70266
45.825719594955444,70266
45.82654070854187,70266
45.82737708091736,70266
45.82820916175842,70266
45.82904243469238,70266
45.83065056800842,70266
45.83148550987244,70266
45.83232307434082,70266
45.83315706253052,70266
45.834771394729614,70266
45.835594177246094,70266
45.83643889427185,70266
45.83727216720581,70266
45.83811092376709,70266
45.83971905708313,70266
45.840540647506714,70266
45.841373920440674,70266
45.84221029281616,70266
45.8430438041687,70266
45.84464740753174,70266
45.845481872558594,70266
45.846325159072876,70266
45.847155809402466,70266
45.8487708568573,70266
45.84959316253662,70266
45.85042905807495,70266
45.851269483566284,70266
45.85210204124451,70266
45.853716135025024,70266
45.8545401096344,70266
45.85537672042847,70266
45.856221199035645,70266
45.8570556640625,70266
45.85866045951843,70266
45.85949659347534,70266
45.86032724380493,70266
45.8611626625061,70266
45.86276960372925,70266
45.86359214782715,70266
45.86442542076111,70266
45.8652560710907,70266
45.86609745025635,70266
45.8677122592926,70266
45.8685348033905,70266
45.86936616897583,70266
45.87020134925842,70266
45.87103223800659,70266
45.87263607978821,70266
45.87347078323364,70266
45.8743040561676,70266
45.875136613845825,70266
45.876753091812134,70266
45.87757134437561,70266
45.878406286239624,70266
45.879239082336426,70266
45.88007664680481,70266
45.88168406486511,70266
45.88251233100891,70266
45.88335156440735,70266
45.88418412208557,70266
45.885019302368164,70266
45.88663101196289,70266
45.887465953826904,70266
45.88829970359802,70266
45.88913655281067,70266
45.89075231552124,70266
45.89157485961914,70266
45.89240908622742,70266
45.893243074417114,70266
45.89407825469971,70266
45.89569640159607,70266
45.896522760391235,70266
45.8973593711853,70266
45.89819073677063,70266
45.899024963378906,70266
45.900630712509155,70266
45.901466846466064,70266
45.90230083465576,70266
45.903133153915405,70266
45.90474557876587,70266
45.90557146072388,70266
45.9064154624939,70266
45.907249212265015,70266
45.90808439254761,70266
45.90969514846802,70266
45.910521507263184,70266
45.91135931015015,70266
45.91219472885132,70266
45.91302752494812,70266
45.91462755203247,70266
45.915462493896484,70266
45.91630816459656,70266
45.91714262962341,70266
45.918750286102295,70266
45.91957139968872,70266
45.920406103134155,70266
45.92124032974243,70266
45.9220769405365,70266
45.92368149757385,70266
45.92451286315918,70266
45.92534780502319,70266
45.92619276046753,70266
45.92702865600586,70266
45.92863392829895,70266
45.92947340011597,70266
45.93031024932861,70266
45.93114233016968,70266
45.932750940322876,70266
45.93357300758362,70266
45.934406995773315,70266
45.93524193763733,70266
45.9360830783844,70266
45.93769407272339,70266
45.93852090835571,70266
45.939353942871094,70266
45.94019341468811,70266
45.941028356552124,70266
45.94262981414795,70266
45.94346356391907,70266
45.94430136680603,70266
45.94513702392578,70266
45.94675827026367,70266
45.94758176803589,70266
45.94841384887695,70266
45.9492449760437,70266
45.9500834941864,70266
45.951690435409546,70266
45.952521085739136,70266
45.953354835510254,70266
45.954188108444214,70266
45.95502042770386,70266
45.95663070678711,70266
45.95746326446533,70266
45.95829939842224,70266
45.959134101867676,70266
45.96074986457825,70266
45.961572885513306,70266
45.96240711212158,70266
45.963242053985596,70266
45.96407723426819,70266
45.96569514274597,70266
45.96652364730835,70266
45.967355251312256,70266
45.968191385269165,70266
45.96902585029602,70266
45.97063112258911,70266
45.97146725654602,70266
45.97230243682861,70266
45.97313976287842,70266
45.974753618240356,70266
45.97557520866394,70266
45.9764187335968,70266
45.97725701332092,70266
45.978089332580566,70266
45.97969913482666,70266
45.98052740097046,70266
45.981364488601685,70266
45.98219442367554,70266
45.98302984237671,70266
45.98463153839111,70266
45.9854679107666,70266
45.986313343048096,70266
45.98715114593506,70266
45.98876070976257,70266
45.989585161209106,70266
45.99041700363159,70266
45.991254568099976,70266
45.99208998680115,70266
45.99370241165161,70266
45.994526863098145,70266
45.99536371231079,70266
45.9962043762207,70266
45.99704074859619,70266
45.99864387512207,70266
45.99947905540466,70266
46.00031042098999,70266
46.00114631652832,70266
46.002753019332886,70266
46.00357246398926,70266
46.00440454483032,70266
46.005239963531494,70266
46.0060830116272,70266
46.007692098617554,70266
46.0085186958313,70266
46.00935626029968,70266
46.01019239425659,70266
46.01102590560913,70266
46.012633085250854,70266
46.013466596603394,70266
46.01430296897888,70266
46.01513648033142,70266
46.01675724983215,70266
46.01758027076721,70266
46.01841425895691,70266
46.0192551612854,70266
46.02009105682373,70266
46.02170157432556,70266
46.02252745628357,70266
46.02336359024048,70266
46.02419662475586,70266
46.02502655982971,70266
46.02664113044739,70266
46.02747416496277,70266
46.02830481529236,70266
46.02914023399353,70266
46.030757904052734,70266
46.03158235549927,70266
46.032416105270386,70266
46.033246994018555,70266
46.03408432006836,70266
46.0357027053833,70266
46.03652858734131,70266
46.03736186027527,70266
46.03819441795349,70266
46.03902745246887,70266
46.040632009506226,70266
46.0414662361145,70266
46.042301416397095,70266
46.04313945770264,70266
46.04475402832031,70266
46.04557657241821,70266
46.04642033576965,70266
46.04725408554077,70266
46.04809021949768,70266
46.049696922302246,70266
46.0505256652832,70266
46.05136036872864,70266
46.05219483375549,70266
46.05302929878235,70266
46.054633140563965,70266
46.05546808242798,70266
46.05631160736084,70266
46.0571448802948,70266
46.05875873565674,70266
46.059579372406006,70266
46.060415506362915,70266
46.06124997138977,70266
46.06208419799805,70266
46.063695192337036,70266
46.06452512741089,70266
46.06535816192627,70266
46.0661997795105,70266
46.06703424453735,70266
46.0686411857605,70266
46.06947350502014,70266
46.070308685302734,70266
46.071147441864014,70266
46.07275605201721,70266
46.07357859611511,70266
46.07441258430481,70266
46.07524871826172,70266
46.07609009742737,70266
46.07770013809204,70266
46.07852745056152,70266
46.07936120033264,70266
46.0801944732666,70266
46.08102536201477,70266
46.08262753486633,70266
46.08346462249756,70266
46.084298610687256,70266
46.08513259887695,70266
46.086755990982056,70266
46.08757424354553,70266
46.08840799331665,70266
46.08924198150635,70266
46.09007453918457,70266
46.09168601036072,70266
46.092514753341675,70266
46.09335231781006,70266
46.0941858291626,70266
46.095022678375244,70266
46.09663534164429,70266
46.09746789932251,70266
46.09830379486084,70266
46.099138259887695,70266
46.10074853897095,70266
46.101571798324585,70266
46.102405071258545,70266
46.103241205215454,70266
46.10407567024231,70266
46.105695962905884,70266
46.106525182724,70266
46.10736298561096,70266
46.10819602012634,70266
46.109030961990356,70266
46.1106379032135,70266
46.1114706993103,70266
46.11230230331421,70266
46.11313319206238,70266
46.114744663238525,70266
46.11556696891785,70266
46.11640954017639,70266
46.11724352836609,70266
46.118079662323,70266
46.11969208717346,70266
46.12052011489868,70266
46.121354818344116,70266
46.12219023704529,70266
46.12302875518799,70266
46.124629974365234,70266
46.12546491622925,70266
46.12631058692932,70266
46.12714409828186,70266
46.12875819206238,70266
46.12957835197449,70266
46.1304132938385,70266
46.13124680519104,70266
46.13207697868347,70266
46.13369131088257,70266
46.13451862335205,70266
46.135353803634644,70266
46.13619661331177,70266
46.137027978897095,70266
46.13863158226013,70266
46.13946723937988,70266
46.14030599594116,70266
46.141138553619385,70266
46.14274883270264,70266
46.14357280731201,70266
46.14440846443176,70266
46.145241498947144,70266
46.14608383178711,70266
46.14769887924194,70266
46.148524045944214,70266
46.14935898780823,70266
46.150192975997925,70266
46.151029109954834,70266
46.15263032913208,70266
46.153464555740356,70266
46.15429997444153,70266
46.15513849258423,70266
46.156757831573486,70266
46.15758204460144,70266
46.15841555595398,70266
46.15925145149231,70266
46.16008281707764,70266
46.16169333457947,70266
46.16252088546753,70266
46.16335940361023,70266
46.16419267654419,70266
46.16502928733826,70266
46.166667461395264,70266
46.167508125305176,70266
46.16834807395935,70266
46.16918992996216,70266
46.17003083229065,70266
46.171653032302856,70266
46.17249274253845,70266
46.173333168029785,70266
46.17417573928833,70266
46.175015926361084,70266
46.176642656326294,70266
46.17748427391052,70266
46.178322076797485,70266
46.179166316986084,70266
46.180007219314575,70266
46.18162941932678,70266
46.18247079849243,70266
46.183310985565186,70266
46.18415307998657,70266
46.185791015625,70266
46.18662071228027,70266
46.18746638298035,70266
46.18830728530884,70266
46.18915104866028,70266
46.19078063964844,70266
46.19161367416382,70266
46.19245362281799,70266
46.19329833984375,70266
46.194138526916504,70266
46.195775508880615,70266
46.19660687446594,70266
46.19744396209717,70266
46.19828248023987,70266
46.1991240978241,70266
46.20074987411499,70266
46.201579093933105,70266
46.20242190361023,70266
46.20325994491577,70266
46.20410132408142,70266
46.205740213394165,70266
46.20656991004944,70266
46.20741009712219,70266
46.208253622055054,70266
46.20909523963928,70266
46.21072602272034,70266
46.2115581035614,70266
46.212400913238525,70266
46.21324276924133,70266
46.21408271789551,70266
46.215715408325195,70266
46.21655082702637,70266
46.21739339828491,70266
46.21823692321777,70266
46.21907639503479,70266
46.22070336341858,70266
46.221534967422485,70266
46.22237515449524,70266
46.22321557998657,70266
46.224055767059326,70266
46.225693225860596,70266
46.22652769088745,70266
46.22736644744873,70266
46.228209257125854,70266
46.22904706001282,70266
46.23067021369934,70266
46.231507301330566,70266
46.23235106468201,70266
46.23318886756897,70266
46.234028816223145,70266
46.2356538772583,70266
46.236502170562744,70266
46.23734784126282,70266
46.23818778991699,70266
46.23902654647827,70266
46.24065017700195,70266
46.24148774147034,70266
46.24232816696167,70266
46.243168115615845,70266
46.24400782585144,70266
46.24563550949097,70266
46.246482133865356,70266
46.24732208251953,70266
46.248159646987915,70266
46.2497832775116,70266
46.25061631202698,70266
46.251455307006836,70266
46.25230026245117,70266
46.253137826919556,70266
46.254756689071655,70266
46.25558948516846,70266
46.25644063949585,70266
46.25728249549866,70266
46.258121967315674,70266
46.259748458862305,70266
46.26058006286621,70266
46.26141834259033,70266
46.26225757598877,70266
46.263097286224365,70266
46.264721155166626,70266
46.26555347442627,70266
46.26640701293945,70266
46.26724696159363,70266
46.26808953285217,70266
46.26971244812012,70266
46.270543336868286,70266
46.27138042449951,70266
46.27222037315369,70266
46.273062229156494,70266
46.27468538284302,70266
46.27552127838135,70266
46.2763671875,70266
46.27720665931702,70266
46.278043031692505,70266
46.279662132263184,70266
46.28049874305725,70266
46.281334400177,70266
46.282177686691284,70266
46.28301668167114,70266
46.28463935852051,70266
46.28548049926758,70266
46.286330223083496,70266
46.28717374801636,70266
46.288015604019165,70266
46.28964185714722,70266
46.290480852127075,70266
46.291321754455566,70266
46.29215860366821,70266
46.29378843307495,70266
46.294620990753174,70266
46.29546117782593,70266
46.29630899429321,70266
46.29714751243591,70266
46.298774003982544,70266
46.29960870742798,70266
46.30044627189636,70266
46.30129075050354,70266
46.30212998390198,70266
46.303757429122925,70266
46.304590940475464,70266
46.3054313659668,70266
46.30628228187561,70266
46.30712270736694,70266
46.30874681472778,70266
46.309582233428955,70266
46.310423612594604,70266
46.31126427650452,70266
46.31210660934448,70266
46.313730239868164,70266
46.31456470489502,70266
46.315407037734985,70266
46.3162567615509,70266
46.31709623336792,70266
46.31872582435608,70266
46.31955885887146,70266
46.320401191711426,70266
46.32123923301697,70266
46.322078704833984,70266
46.323705434799194,70266
46.32454252243042,70266
46.32538175582886,70266
46.32623052597046,70266
46.3270742893219,70266
46.32870054244995,70266
46.329535484313965,70266
46.33037734031677,70266
46.331220865249634,70266
46.33206248283386,70266
46.33369517326355,70266
46.33452916145325,70266
46.33536887168884,70266
46.336220026016235,70266
46.33706331253052,70266
46.338690519332886,70266
46.33952569961548,70266
46.34036660194397,70266
46.34120535850525,70266
46.342042446136475,70266
46.343661308288574,70266
46.34449887275696,70266
46.3453414440155,70266
46.34619426727295,70266
46.34703207015991,70266
46.348652839660645,70266
46.34949231147766,70266
46.35033202171326,70266
46.35116744041443,70266
46.35200595855713,70266
46.35362696647644,70266
46.35446858406067,70266
46.35531163215637,70266
46.35616445541382,70266
46.35779118537903,70266
46.358627796173096,70266
46.3594651222229,70266
46.360307455062866,70266
46.361145973205566,70266
46.36277747154236,70266
46.363611698150635,70266
46.3644483089447,70266
46.36529016494751,70266
46.366140604019165,70266
46.367769956588745,70266
46.36860370635986,70266
46.36944818496704,70266
46.37028646469116,70266
46.37112760543823,70266
46.37275314331055,70266
46.37358903884888,70266
46.37442922592163,70266
46.37527346611023,70266
46.376118659973145,70266
46.377747774124146,70266
46.37857961654663,70266
46.379416704177856,70266
46.38025903701782,70266
46.381099462509155,70266
46.38272976875305,70266
46.383562088012695,70266
46.3844051361084,70266
46.38524532318115,70266
46.3860924243927,70266
46.3877227306366,70266
46.388556241989136,70266
46.38939619064331,70266
46.39023804664612,70266
46.39108061790466,70266
46.39271283149719,70266
46.393548250198364,70266
46.39439010620117,70266
46.39522862434387,70266
46.39607787132263,70266
46.397709608078,70266
46.398542404174805,70266
46.39938473701477,70266
46.40022540092468,70266
46.40106391906738,70266
46.40269160270691,70266
46.40352439880371,70266
46.40436267852783,70266
46.40519976615906,70266
46.40605068206787,70266
46.40767765045166,70266
46.40851068496704,70266
46.40934872627258,70266
46.41019082069397,70266
46.41103196144104,70266
46.4126558303833,70266
46.413493156433105,70266
46.414334535598755,70266
46.41517424583435,70266
46.416022539138794,70266
46.41764426231384,70266
46.418482303619385,70266
46.4193229675293,70266
46.42016363143921,70266
46.42179250717163,70266
46.42262148857117,70266
46.42346215248108,70266
46.42429995536804,70266
46.42514181137085,70266
46.4267795085907,70266
46.42761516571045,70266
46.428455114364624,70266
46.429299116134644,70266
46.43014168739319,70266
46.4317684173584,70266
46.43260192871094,70266
46.433443784713745,70266
46.43428635597229,70266
46.43512320518494,70266
46.43675923347473,70266
46.437591552734375,70266
46.438432931900024,70266
46.43927025794983,70266
46.440109968185425,70266
46.44173741340637,70266
46.442569732666016,70266
46.44340896606445,70266
46.44424748420715,70266
46.445085763931274,70266
46.44672203063965,70266
46.44755959510803,70266
46.44839644432068,70266
46.44923758506775,70266
46.4500789642334,70266
46.45170974731445,70266
46.452542304992676,70266
46.453383684158325,70266
46.454222679138184,70266
46.45506572723389,70266
46.45670485496521,70266
46.4575400352478,70266
46.458377838134766,70266
46.45921778678894,70266
46.46005964279175,70266
46.46168494224548,70266
46.46252179145813,70266
46.46336841583252,70266
46.464205503463745,70266
46.46504878997803,70266
46.466684103012085,70266
46.46751856803894,70266
46.46835708618164,70266
46.46919870376587,70266
46.47004199028015,70266
46.4716591835022,70266
46.47249937057495,70266
46.47333812713623,70266
46.47417593002319,70266
46.47501611709595,70266
46.47665047645569,70266
46.47748947143555,70266
46.478331327438354,70266
46.47917175292969,70266
46.48000979423523,70266
46.48163199424744,70266
46.4824755191803,70266
46.483314037323,70266
46.48415493965149,70266
46.48579406738281,70266
46.486626386642456,70266
46.48746705055237,70266
46.48830842971802,70266
46.489147901535034,70266
46.490774393081665,70266
46.491614818573,70266
46.492454051971436,70266
46.49329495429993,70266
46.49413728713989,70266
46.49577784538269,70266
46.496609926223755,70266
46.49744629859924,70266
46.498286962509155,70266
46.49912977218628,70266
46.50075602531433,70266
46.50158476829529,70266
46.50242519378662,70266
46.50326418876648,70266
46.50410437583923,70266
46.50574088096619,70266
46.50657415390015,70266
46.507413387298584,70266
46.50825357437134,70266
46.509093046188354,70266
46.51072120666504,70266
46.51155376434326,70266
46.51239633560181,70266
46.51323962211609,70266
46.514079332351685,70266
46.515713930130005,70266
46.51654410362244,70266
46.517380714416504,70266
46.518224477767944,70266
46.51906752586365,70266
46.52069640159607,70266
46.521528244018555,70266
46.52236819267273,70266
46.523207664489746,70266
46.52404808998108,70266
46.525665521621704,70266
46.52651262283325,70266
46.52735161781311,70266
46.52819585800171,70266
46.52903437614441,70266
46.530654191970825,70266
46.53149104118347,70266
46.53233003616333,70266
46.533172369003296,70266
46.53400921821594,70266
46.535632371902466,70266
46.53648328781128,70266
46.53732514381409,70266
46.53817558288574,70266
46.53901433944702,70266
46.54063606262207,70266
46.54147505760193,70266
46.5423150062561,70266
46.543155670166016,70266
46.5447838306427,70266
46.54561972618103,70266
46.546465158462524,70266
46.54730296134949,70266
46.548142194747925,70266
46.54977035522461,70266
46.550602436065674,70266
46.55144262313843,70266
46.55228519439697,70266
46.55312395095825,70266
46.55475401878357,70266
46.55558490753174,70266
46.556435346603394,70266
46.55727982521057,70266
46.55811929702759,70266
46.55974864959717,70266
46.56057810783386,70266
46.56142282485962,70266
46.56225800514221,70266
46.56309747695923,70266
46.5647246837616,70266
46.56555771827698,70266
46.56640601158142,70266
46.567243337631226,70266
46.56808137893677,70266
46.56970715522766,70266
46.57053542137146,70266
46.57137584686279,70266
46.57221746444702,70266
46.57305574417114,70266
46.57467746734619,70266
46.5755136013031,70266
46.57636499404907,70266
46.577203035354614,70266
46.57804536819458,70266
46.57966995239258,70266
46.58051013946533,70266
46.581347703933716,70266
46.58219051361084,70266
46.583029985427856,70266
46.584654569625854,70266
46.58549427986145,70266
46.586342334747314,70266
46.587183237075806,70266
46.58802247047424,70266
46.589643478393555,70266
46.59048008918762,70266
46.59131860733032,70266
46.59216260910034,70266
46.593793869018555,70266
46.594629764556885,70266
46.59546756744385,70266
46.59631967544556,70266
46.597156286239624,70266
46.59879112243652,70266
46.599624156951904,70266
46.60046458244324,70266
46.60130429267883,70266
46.602144718170166,70266
46.6037712097168,70266
46.60460376739502,70266
46.605443477630615,70266
46.60629606246948,70266
46.607136487960815,70266
46.60876417160034,70266
46.60959792137146,70266
46.61043906211853,70266
46.6112859249115,70266
46.612125396728516,70266
46.61375141143799,70266
46.614583253860474,70266
46.6154248714447,70266
46.61627244949341,70266
46.61711597442627,70266
46.618738889694214,70266
46.61957383155823,70266
46.620410680770874,70266
46.62125301361084,70266
46.6220920085907,70266
46.623724699020386,70266
46.624558448791504,70266
46.62540245056152,70266
46.62625336647034,70266
46.62709641456604,70266
46.628726959228516,70266
46.62956094741821,70266
46.630399227142334,70266
46.63124084472656,70266
46.632084369659424,70266
46.633711099624634,70266
46.63454270362854,70266
46.63538575172424,70266
46.63623833656311,70266
46.63707756996155,70266
46.63870334625244,70266
46.63953375816345,70266
46.64037227630615,70266
46.6412136554718,70266
46.642056941986084,70266
46.643683195114136,70266
46.64451575279236,70266
46.6453595161438,70266
46.646212100982666,70266
46.64705157279968,70266
46.64868187904358,70266
46.64951705932617,70266
46.65035557746887,70266
46.65119981765747,70266
46.652037620544434,70266
46.65366196632385,70266
46.654500007629395,70266
46.65534472465515,70266
46.65619397163391,70266
46.657036781311035,70266
46.6586549282074,70266
46.65949273109436,70266
46.66033601760864,70266
46.66118049621582,70266
46.66201901435852,70266
46.66363978385925,70266
46.66447877883911,70266
46.6653196811676,70266
46.6661696434021,70266
46.6670081615448,70266
46.66863203048706,70266
46.66947078704834,70266
46.67031121253967,70266
46.67115068435669,70266
46.67277669906616,70266
46.673609018325806,70266
46.67445158958435,70266
46.675288677215576,70266
46.67614030838013,70266
46.677769899368286,70266
46.678601026535034,70266
46.67944002151489,70266
46.68027949333191,70266
46.68112325668335,70266
46.682748317718506,70266
46.683584451675415,70266
46.684427976608276,70266
46.6852707862854,70266
46.686121225357056,70266
46.687745094299316,70266
46.6885769367218,70266
46.68941593170166,70266
46.69025659561157,70266
46.691099643707275,70266
46.692726135253906,70266
46.69355893135071,70266
46.694400787353516,70266
46.69523859024048,70266
46.69609189033508,70266
46.697715759277344,70266
46.69854998588562,70266
46.69939064979553,70266
46.70023250579834,70266
46.70107340812683,70266
46.702701807022095,70266
46.70353555679321,70266
46.70437502861023,70266
46.70521545410156,70266
46.70606732368469,70266
46.70769906044006,70266
46.7085325717926,70266
46.709373235702515,70266
46.71021509170532,70266
46.71105337142944,70266
46.712684631347656,70266
46.713517904281616,70266
46.714359283447266,70266
46.71519899368286,70266
46.71604800224304,70266
46.717670917510986,70266
46.71850848197937,70266
46.71935319900513,70266
46.720192193984985,70266
46.721033334732056,70266
46.72265672683716,70266
46.72349715232849,70266
46.72433876991272,70266
46.72518014907837,70266
46.72602462768555,70266
46.72764301300049,70266
46.72847819328308,70266
46.72931933403015,70266
46.73015832901001,70266
46.73178029060364,70266
46.732616662979126,70266
46.73345708847046,70266
46.73429727554321,70266
46.7351393699646,70266
46.73677444458008,70266
46.73760747909546,70266
46.738449573516846,70266
46.73928689956665,70266
46.74012565612793,70266
46.74175834655762,70266
46.74259376525879,70266
46.743427753448486,70266
46.744269132614136,70266
46.745110511779785,70266
46.74675512313843,70266
46.74758815765381,70266
46.748427629470825,70266
46.74926996231079,70266
46.75010633468628,70266
46.75173473358154,70266
46.752564430236816,70266
46.7534019947052,70266
46.754244327545166,70266
46.75508260726929,70266
46.756715536117554,70266
46.75755023956299,70266
46.75839114189148,70266
46.75923275947571,70266
46.76007127761841,70266
46.761696577072144,70266
46.76252746582031,70266
46.763370752334595,70266
46.764211654663086,70266
46.76505136489868,70266
46.76668977737427,70266
46.7675244808197,70266
46.76836180686951,70266
46.76920223236084,70266
46.77004051208496,70266
46.771663665771484,70266
46.772499799728394,70266
46.77333855628967,70266
46.774179220199585,70266
46.77501678466797,70266
46.7766432762146,70266
46.777480602264404,70266
46.77831768989563,70266
46.779157638549805,70266
46.78078508377075,70266
46.781617641448975,70266
46.78245806694031,70266
46.78329610824585,70266
46.7841362953186,70266
46.78577709197998,70266
46.786606311798096,70266
46.78744554519653,70266
46.7882878780365,70266
46.78912663459778,70266
46.790751695632935,70266
46.79158568382263,70266
46.792425870895386,70266
46.79326772689819,70266
46.79411029815674,70266
46.79574513435364,70266
46.79657554626465,70266
46.79741668701172,70266
46.798255443573,70266
46.79909372329712,70266
46.80072474479675,70266
46.80155634880066,70266
46.802398920059204,70266
46.803240060806274,70266
46.80408263206482,70266
46.80571937561035,70266
46.806554079055786,70266
46.80739498138428,70266
46.80823636054993,70266
46.80908012390137,70266
46.81070637702942,70266
46.81154155731201,70266
46.81238007545471,70266
46.813220500946045,70266
46.81405735015869,70266
46.81569290161133,70266
46.81652498245239,70266
46.81736898422241,70266
46.818209648132324,70266
46.819048166275024,70266
46.82067131996155,70266
46.82150721549988,70266
46.822346210479736,70266
46.823188066482544,70266
46.82402944564819,70266
46.82564997673035,70266
46.82649850845337,70266
46.827340602874756,70266
46.828181743621826,70266
46.829023122787476,70266
46.83064413070679,70266
46.831482887268066,70266
46.83232307434082,70266
46.83316469192505,70266
46.83400535583496,70266
46.835625648498535,70266
46.83647060394287,70266
46.83731174468994,70266
46.83815026283264,70266
46.83977913856506,70266
46.84061145782471,70266
46.84144973754883,70266
46.84229254722595,70266
46.8431339263916,70266
46.84476375579834,70266
46.84559369087219,70266
46.846442461013794,70266
46.847283124923706,70266
46.84812378883362,70266
46.84975290298462,70266
46.850589752197266,70266
46.851430892944336,70266
46.85227179527283,70266
46.85311245918274,70266
46.85473990440369,70266
46.85557460784912,70266
46.85642075538635,70266
46.857261419296265,70266
46.85810565948486,70266
46.85973882675171,70266
46.86057209968567,70266
46.86141490936279,70266
46.86225485801697,70266
46.863091707229614,70266
46.864720582962036,70266
46.86555361747742,70266
46.86640691757202,70266
46.86724638938904,70266
46.86808514595032,70266
46.86971569061279,70266
46.870548725128174,70266
46.8713903427124,70266
46.87222981452942,70266
46.873072147369385,70266
46.87469792366028,70266
46.87552809715271,70266
46.87637710571289,70266
46.87721586227417,70266
46.878053188323975,70266
46.87967920303345,70266
46.88051438331604,70266
46.88135552406311,70266
46.88219738006592,70266
46.88303780555725,70266
46.88466024398804,70266
46.885499238967896,70266
46.88634514808655,70266
46.8871865272522,70266
46.88802433013916,70266
46.88964819908142,70266
46.89048743247986,70266
46.89132618904114,70266
46.89216470718384,70266
46.89379286766052,70266
46.894622802734375,70266
46.895461320877075,70266
46.89631462097168,70266
46.89715576171875,70266
46.89878606796265,70266
46.89962291717529,70266
46.90045952796936,70266
46.90130138397217,70266
46.90214228630066,70266
46.903769969940186,70266
46.90460515022278,70266
46.90544247627258,70266
46.906294107437134,70266
46.90713357925415,70266
46.90879535675049,70266
46.90960359573364,70266
46.9104380607605,70266
46.91126894950867,70266
46.912107944488525,70266
46.91372108459473,70266
46.91454744338989,70266
46.91537833213806,70266
46.916218757629395,70266
46.91705513000488,70266
46.91866707801819,70266
46.919496059417725,70266
46.92033076286316,70266
46.92116570472717,70266
46.92278027534485,70266
46.92360234260559,70266
46.924434185028076,70266
46.925267696380615,70266
46.92611289024353,70266
46.92772459983826,70266
46.9285523891449,70266
46.929386138916016,70266
46.930219650268555,70266
46.93105125427246,70266
46.93266415596008,70266
46.933494091033936,70266
46.934327125549316,70266
46.93516135215759,70266
46.936784505844116,70266
46.937604665756226,70266
46.93843626976013,70266
46.939268350601196,70266
46.94010519981384,70266
46.94171404838562,70266
46.94253730773926,70266
46.943368434906006,70266
46.944201946258545,70266
46.9450364112854,70266
46.946651458740234,70266
46.94748282432556,70266
46.94831895828247,70266
46.94915580749512,70266
46.95076942443848,70266
46.951592683792114,70266
46.95242643356323,70266
46.95326328277588,70266
46.95409965515137,70266
46.95572090148926,70266
46.95654368400574,70266
46.95737600326538,70266
46.958210945129395,70266
46.959049224853516,70266
46.96065711975098,70266
46.96149158477783,70266
46.96232223510742,70266
46.96315622329712,70266
46.96477484703064,70266
46.9655978679657,70266
46.96644186973572,70266
46.96727776527405,70266
46.96811246871948,70266
46.969728231430054,70266
46.970553398132324,70266
46.97109055519104,70266
46.972399950027466,70266
46.97328329086304,70266
46.974167346954346,70266
46.975061655044556,70266
46.976380586624146,70266
46.977264642715454,70266
46.978148460388184,70266
46.97904634475708,70266
46.98034954071045,70266
46.98123097419739,70266
46.98211169242859,70266
46.983007192611694,70266
46.98431587219238,70266
46.985199213027954,70266
46.98609185218811,70266
46.9873948097229,70266
46.98828148841858,70266
46.98916292190552,70266
46.99004673957825,70266
46.99135160446167,70266
46.992233991622925,70266
46.99311375617981,70266
46.99442100524902,70266
46.99530482292175,70266
46.99619507789612,70266
46.997074842453,70266
46.99837851524353,70266
46.99925923347473,70266
47.000141620635986,70266
47.001023054122925,70266
47.00232768058777,70266
47.00321102142334,70266
47.00409436225891,70266
47.00539946556091,70266
47.00629425048828,70266
47.00717759132385,70266
47.00805926322937,70266
47.0093629360199,70266
47.01024389266968,70266
47.01112389564514,70266
47.01200580596924,70266
47.0133101940155,70266
47.01419115066528,70266
47.01507091522217,70266
47.01638340950012,70266
47.017266035079956,70266
47.01814651489258,70266
47.01903033256531,70266
47.020334005355835,70266
47.02121353149414,70266
47.02209448814392,70266
47.02339768409729,70266
47.02428102493286,70266
47.02516269683838,70266
47.02605748176575,70266
47.027369260787964,70266
47.02824568748474,70266
47.029125452041626,70266
47.03000998497009,70266
47.0313138961792,70266
47.03219294548035,70266
47.0330753326416,70266
47.03437924385071,70266
47.03525972366333,70266
47.03615617752075,70266
47.03703856468201,70266
47.03834390640259,70266
47.039225816726685,70266
47.0401074886322,70266
47.041412115097046,70266
47.04229664802551,70266
47.04318046569824,70266
47.04405975341797,70266
47.04536151885986,70266
47.04625225067139,70266
47.047130823135376,70266
47.04801416397095,70266
47.049317598342896,70266
47.05019760131836,70266
47.0510790348053,70266
47.052380084991455,70266
47.053260803222656,70266
47.05414032936096,70266
47.05502271652222,70266
47.056339263916016,70266
47.0572190284729,70266
47.058099031448364,70266
47.059404134750366,70266
47.060285568237305,70266
47.06116604804993,70266
47.0620481967926,70266
47.06335401535034,70266
47.06423735618591,70266
47.06511950492859,70266
47.06601357460022,70266
47.06731843948364,70266
47.06819987297058,70266
47.06908106803894,70266
47.07038426399231,70266
47.07126426696777,70266
47.07214379310608,70266
47.073025703430176,70266
47.07432794570923,70266
47.07520818710327,70266
47.07609748840332,70266
47.07740139961243,70266
47.07828164100647,70266
47.07916331291199,70266
47.080047369003296,70266
47.081353187561035,70266
47.082234621047974,70266
47.08311486244202,70266
47.084418058395386,70266
47.0852997303009,70266
47.08619236946106,70266
47.08707332611084,70266
47.088377475738525,70266
47.08925938606262,70266
47.09014320373535,70266
47.09102463722229,70266
47.09232759475708,70266
47.093207597732544,70266
47.0940899848938,70266
47.0953950881958,70266
47.09628653526306,70266
47.09716749191284,70266
47.09805083274841,70266
47.099353313446045,70266
47.100231647491455,70266
47.101113080978394,70266
47.10241627693176,70266
47.103299140930176,70266
47.104180574417114,70266
47.10506081581116,70266
47.10637831687927,70266
47.107261419296265,70266
47.10814142227173,70266
47.109026193618774,70266
47.110334157943726,70266
47.11121702194214,70266
47.1120982170105,70266
47.11340618133545,70266
47.11429190635681,70266
47.115175008773804,70266
47.11606550216675,70266
47.11737084388733,70266
47.11825251579285,70266
47.119133710861206,70266
47.12001657485962,70266
47.12132430076599,70266
47.12220811843872,70266
47.123090505599976,70266
47.12439513206482,70266
47.12527680397034,70266
47.12616848945618,70266
47.127052307128906,70266
47.128358125686646,70266
47.129236936569214,70266
47.13011717796326,70266
47.131420850753784,70266
47.13230276107788,70266
47.13318395614624,70266
47.13406682014465,70266
47.13537335395813,70266
47.13626551628113,70266
47.13714671134949,70266
47.13802623748779,70266
47.13932991027832,70266
47.14021062850952,70266
47.1410927772522,70266
47.14239573478699,70266
47.14327692985535,70266
47.14415979385376,70266
47.14504265785217,70266
47.14635705947876,70266
47.14723825454712,70266
47.14812207221985,70266
47.14900469779968,70266
47.150310039520264,70266
47.151190996170044,70266
47.152071952819824,70266
47.15337586402893,70266
47.15426063537598,70266
47.15514159202576,70266
47.156033515930176,70266
47.15734004974365,70266
47.158220529556274,70266
47.15910053253174,70266
47.160407304763794,70266
47.16129016876221,70266
47.162169456481934,70266
47.163050174713135,70266
47.16435623168945,70266
47.165236711502075,70266
47.166125774383545,70266
47.16700839996338,70266
47.16831111907959,70266
47.169193744659424,70266
47.170074224472046,70266
47.17137932777405,70266
47.172261238098145,70266
47.17314386367798,70266
47.17402696609497,70266
47.17532968521118,70266
47.17622184753418,70266
47.17710566520691,70266
47.178409576416016,70266
47.1792938709259,70266
47.18017554283142,70266
47.18105721473694,70266
47.18235898017883,70266
47.183239221572876,70266
47.18411946296692,70266
47.185423612594604,70266
47.18631672859192,70266
47.187201499938965,70266
47.1880829334259,70266
47.18938207626343,70266
47.190260887145996,70266
47.19114351272583,70266
47.19202494621277,70266
47.193328857421875,70266
47.194210052490234,70266
47.195096492767334,70266
47.19641184806824,70266
47.19729447364807,70266
47.1981737613678,70266
47.19905376434326,70266
47.20035934448242,70266
47.20124053955078,70266
47.20211935043335,70266
47.20342183113098,70266
47.204304456710815,70266
47.20518612861633,70266
47.20607614517212,70266
47.20737886428833,70266
47.20826005935669,70266
47.209142446517944,70266
47.21003174781799,70266
47.21133589744568,70266
47.212218284606934,70266
47.213101387023926,70266
47.214404821395874,70266
47.215287923812866,70266
47.21618032455444,70266
47.217063188552856,70266
47.218366622924805,70266
47.21924901008606,70266
47.2201292514801,70266
47.22101306915283,70266
47.22231698036194,70266
47.223196506500244,70266
47.2240788936615,70266
47.22538232803345,70266
47.22627139091492,70266
47.227149963378906,70266
47.228031635284424,70266
47.22933602333069,70266
47.23021960258484,70266
47.23110103607178,70266
47.23240423202515,70266
47.2332878112793,70266
47.23417043685913,70266
47.23505139350891,70266
47.23636484146118,70266
47.237245082855225,70266
47.238126277923584,70266
47.239009141922,70266
47.24031352996826,70266
47.24119591712952,70266
47.24207830429077,70266
47.24337911605835,70266
47.244261026382446,70266
47.24514293670654,70266
47.246037006378174,70266
47.24734115600586,70266
47.248220920562744,70266
47.24910354614258,70266
47.25041055679321,70266
47.251293659210205,70266
47.2521755695343,70266
47.25305724143982,70266
47.25435948371887,70266
47.2552375793457,70266
47.256131172180176,70266
47.25701451301575,70266
47.25831699371338,70266
47.259196758270264,70266
47.260077476501465,70266
47.26138186454773,70266
47.262264251708984,70266
47.26314687728882,70266
47.264029026031494,70266
47.265334129333496,70266
47.26622486114502,70266
47.26710295677185,70266
47.26840567588806,70266
47.26928734779358,70266
47.27016878128052,70266
47.271048069000244,70266
47.27235293388367,70266
47.27323627471924,70266
47.27411866188049,70266
47.27542448043823,70266
47.27631902694702,70266
47.277202129364014,70266
47.27808499336243,70266
47.279390811920166,70266
47.28027606010437,70266
47.28115725517273,70266
47.28204274177551,70266
47.283347606658936,70266
47.28422999382019,70266
47.28511166572571,70266
47.28600525856018,70266
47.287309408187866,70266
47.288193464279175,70266
47.289074659347534,70266
47.29038143157959,70266
47.29126334190369,70266
47.29214668273926,70266
47.293030977249146,70266
47.29433345794678,70266
47.2952139377594,70266
47.29609966278076,70266
47.297404289245605,70266
47.29828929901123,70266
47.299172163009644,70266
47.30005216598511,70266
47.301355600357056,70266
47.30223608016968,70266
47.30311727523804,70266
47.30441975593567,70266
47.30530285835266,70266
47.30619478225708,70266
47.3070764541626,70266
47.30837821960449,70266
47.309261322021484,70266
47.31014347076416,70266
47.31102538108826,70266
47.312326192855835,70266
47.31320571899414,70266
47.314085245132446,70266
47.31539058685303,70266
47.31628179550171,70266
47.31716299057007,70266
47.31804394721985,70266
47.31934905052185,70266
47.320231676101685,70266
47.321112394332886,70266
47.32241630554199,70266
47.32330060005188,70266
47.324182987213135,70266
47.32506442070007,70266
47.32637882232666,70266
47.32726192474365,70266
47.3281466960907,70266
47.32903027534485,70266
47.33033490180969,70266
47.33121466636658,70266
47.33209466934204,70266
47.33339715003967,70266
47.334280014038086,70266
47.335163831710815,70266
47.33605408668518,70266
47.33735799789429,70266
47.338239431381226,70266
47.3391170501709,70266
47.34041881561279,70266
47.34130263328552,70266
47.34218502044678,70266
47.34306359291077,70266
47.344369649887085,70266
47.34524965286255,70266
47.34614109992981,70266
47.34702444076538,70266
47.34832572937012,70266
47.34920811653137,70266
47.35009050369263,70266
47.35139608383179,70266
47.352277755737305,70266
47.3531596660614,70266
47.35404300689697,70266
47.35534453392029,70266
47.3562331199646,70266
47.357112407684326,70266
47.35841774940491,70266
47.35930156707764,70266
47.36018252372742,70266
47.36106276512146,70266
47.362369537353516,70266
47.363259077072144,70266
47.364142179489136,70266
47.365025758743286,70266
47.36634039878845,70266
47.36722183227539,70266
47.36810231208801,70266
47.369402170181274,70266
47.370283365249634,70266
47.37116885185242,70266
47.3720498085022,70266
47.3733491897583,70266
47.37422752380371,70266
47.37510681152344,70266
47.37641954421997,70266
47.37730407714844,70266
47.378185749053955,70266
47.37906455993652,70266
47.38036894798279,70266
47.38124942779541,70266
47.3821325302124,70266
47.38301634788513,70266
47.38432192802429,70266
47.38520336151123,70266
47.38609862327576,70266
47.38740849494934,70266
47.38829469680786,70266
47.38917851448059,70266
47.39005923271179,70266
47.39136338233948,70266
47.39224362373352,70266
47.39312243461609,70266
47.394004583358765,70266
47.39530897140503,70266
47.39620018005371,70266
47.39708065986633,70266
47.39838147163391,70266
47.399263858795166,70266
47.40014576911926,70266
47.40103030204773,70266
47.40232992172241,70266
47.40321063995361,70266
47.40409016609192,70266
47.405391693115234,70266
47.40628266334534,70266
47.407166719436646,70266
47.40804696083069,70266
47.409350633621216,70266
47.41023063659668,70266
47.41111183166504,70266
47.41241455078125,70266
47.41329741477966,70266
47.414177894592285,70266
47.41505789756775,70266
47.4163703918457,70266
47.41725182533264,70266
47.41813564300537,70266
47.419018507003784,70266
47.42032289505005,70266
47.42120432853699,70266
47.422086238861084,70266
47.42339086532593,70266
47.42427206039429,70266
47.42515540122986,70266
47.426047801971436,70266
47.42735314369202,70266
47.428234815597534,70266
47.42911458015442,70266
47.43042039871216,70266
47.43130326271057,70266
47.43218374252319,70266
47.43306303024292,70266
47.4343683719635,70266
47.435248374938965,70266
47.43614101409912,70266
47.43702507019043,70266
47.43832540512085,70266
47.439204454422,70266
47.440086364746094,70266
47.44138979911804,70266
47.44227409362793,70266
47.44315505027771,70266
47.444037199020386,70266
47.44534230232239,70266
47.44623255729675,70266
47.44711351394653,70266
47.448413372039795,70266
47.44929361343384,70266
47.45017743110657,70266
47.45105791091919,70266
47.452359676361084,70266
47.45323872566223,70266
47.454118490219116,70266
47.455421686172485,70266
47.45631122589111,70266
47.45719385147095,70266
47.45807480812073,70266
47.459375619888306,70266
47.46025633811951,70266
47.4611382484436,70266
47.462018728256226,70266
47.46331810951233,70266
47.46419978141785,70266
47.46508502960205,70266
47.46639847755432,70266
47.46727919578552,70266
47.46816110610962,70266
47.46904277801514,70266
47.47034525871277,70266
47.47122526168823,70266
47.472105979919434,70266
47.47341203689575,70266
47.47429370880127,70266
47.47517657279968,70266
47.47606444358826,70266
47.477367639541626,70266
47.47824764251709,70266
47.4791305065155,70266
47.48001313209534,70266
47.48131537437439,70266
47.48219442367554,70266
47.483078718185425,70266
47.48437857627869,70266
47.485260009765625,70266
47.48615121841431,70266
47.48703455924988,70266
47.48834013938904,70266
47.4892213344574,70266
47.490102767944336,70266
47.49140763282776,70266
47.49229073524475,70266
47.493173122406006,70266
47.49405241012573,70266
47.495357275009155,70266
47.4962477684021,70266
47.49713063240051,70266
47.498013496398926,70266
47.49931740760803,70266
47.50019836425781,70266
47.50107765197754,70266
47.50237846374512,70266
47.503258228302,70266
47.50413942337036,70266
47.505021810531616,70266
47.506335496902466,70266
47.5072181224823,70266
47.5081000328064,70266
47.50940299034119,70266
47.510284662246704,70266
47.51116704940796,70266
47.51204824447632,70266
47.51335144042969,70266
47.51423239707947,70266
47.51510977745056,70266
47.51600623130798,70266
47.517311096191406,70266
47.51819396018982,70266
47.51907467842102,70266
47.520376682281494,70266
47.521255016326904,70266
47.52213668823242,70266
47.52301859855652,70266
47.52432155609131,70266
47.525203466415405,70266
47.52609395980835,70266
47.527395248413086,70266
47.52827715873718,70266
47.52916145324707,70266
47.53004503250122,70266
47.531357288360596,70266
47.53224277496338,70266
47.533127307891846,70266
47.534011363983154,70266
47.535314321517944,70266
47.536203384399414,70266
47.53708481788635,70266
47.538392066955566,70266
47.53927278518677,70266
47.54015231132507,70266
47.54103469848633,70266
47.54233932495117,70266
47.54322147369385,70266
47.544102907180786,70266
47.54540395736694,70266
47.546295404434204,70266
47.547176122665405,70266
47.548059701919556,70266
47.54936647415161,70266
47.55024814605713,70266
47.55112934112549,70266
47.552011251449585,70266
47.55331301689148,70266
47.554197549819946,70266
47.5550799369812,70266
47.55639386177063,70266
47.55727577209473,70266
47.55815649032593,70266
47.559038400650024,70266
47.560341596603394,70266
47.561222076416016,70266
47.562103033065796,70266
47.563406229019165,70266
47.56428909301758,70266
47.56517291069031,70266
47.566062927246094,70266
47.56736922264099,70266
47.568248987197876,70266
47.569130420684814,70266
47.570013761520386,70266
47.571316719055176,70266
47.572198152542114,70266
47.57307982444763,70266
47.57438397407532,70266
47.57526183128357,70266
47.57615065574646,70266
47.577033281326294,70266
47.578338623046875,70266
47.57921886444092,70266
47.580098390579224,70266
47.58140325546265,70266
47.58228898048401,70266
47.58317017555237,70266
47.5840528011322,70266
47.58536076545715,70266
47.5862512588501,70266
47.58713388442993,70266
47.58801507949829,70266
47.58931565284729,70266
47.590192556381226,70266
47.59107184410095,70266
47.5923752784729,70266
47.593257188797,70266
47.594141483306885,70266
47.59502363204956,70266
47.5963351726532,70266
47.59721541404724,70266
47.59809494018555,70266
47.59939908981323,70266
47.60028147697449,70266
47.60116481781006,70266
47.60204267501831,70266
47.60334300994873,70266
47.60422372817993,70266
47.60510468482971,70266
47.60641860961914,70266
47.607300758361816,70266
47.60818099975586,70266
47.60906219482422,70266
47.61036705970764,70266
47.611249923706055,70266
47.61213755607605,70266
47.61302328109741,70266
47.61432862281799,70266
47.61521124839783,70266
47.61610007286072,70266
47.61740493774414,70266
47.61828422546387,70266
47.619165897369385,70266
47.62004613876343,70266
47.62135028839111,70266
47.62222981452942,70266
47.62310814857483,70266
47.62441110610962,70266
47.625293016433716,70266
47.626185178756714,70266
47.62706661224365,70266
47.628369092941284,70266
47.62924861907959,70266
47.63012886047363,70266
47.63101029396057,70266
47.63231110572815,70266
47.63319277763367,70266
47.63407278060913,70266
47.635377168655396,70266
47.63626551628113,70266
47.63714647293091,70266
47.638028144836426,70266
47.63932943344116,70266
47.64021015167236,70266
47.64108896255493,70266
47.642393350601196,70266
47.64327549934387,70266
47.64415693283081,70266
47.6450400352478,70266
47.646350145339966,70266
47.647228479385376,70266
47.64811110496521,70266
47.64941668510437,70266
47.65029978752136,70266
47.6511812210083,70266
47.65206432342529,70266
47.653369665145874,70266
47.654247999191284,70266
47.65512943267822,70266
47.65602421760559,70266
47.65733242034912,70266
47.658215284347534,70266
47.65909671783447,70266
47.66040301322937,70266
47.66128969192505,70266
47.66217303276062,70266
47.66305375099182,70266
47.66435885429382,70266
47.66524028778076,70266
47.66613268852234,70266
47.66701626777649,70266
47.66832160949707,70266
47.66920709609985,70266
47.67008876800537,70266
47.67139554023743,70266
47.67227482795715,70266
47.67315626144409,70266
47.67403960227966,70266
47.67534303665161,70266
47.67623782157898,70266
47.67711877822876,70266
47.67842173576355,70266
47.67930579185486,70266
47.68018937110901,70266
47.68106937408447,70266
47.68237042427063,70266
47.68325400352478,70266
47.68413472175598,70266
47.685017824172974,70266
47.686333894729614,70266
47.687214851379395,70266
47.688098669052124,70266
47.68940258026123,70266
47.690285444259644,70266
47.691166639328,70266
47.69204926490784,70266
47.6933536529541,70266
47.69423508644104,70266
47.69511818885803,70266
47.69601345062256,70266
47.697319746017456,70266
47.69820475578308,70266
47.69909381866455,70266
47.700398445129395,70266
47.70128536224365,70266
47.702167987823486,70266
47.70304608345032,70266
47.704347372055054,70266
47.705227851867676,70266
47.706117391586304,70266
47.70742058753967,70266
47.708303689956665,70266
47.70918560028076,70266
47.710066080093384,70266
47.71137094497681,70266
47.712249517440796,70266
47.713133811950684,70266
47.714020013809204,70266
47.715322494506836,70266
47.7162127494812,70266
47.71709370613098,70266
47.718395709991455,70266
47.719279289245605,70266
47.72015929222107,70266
47.721044063568115,70266
47.72234630584717,70266
47.72322607040405,70266
47.724106311798096,70266
47.72540760040283,70266
47.726303815841675,70266
47.72718858718872,70266
47.72807240486145,70266
47.72938108444214,70266
47.73026156425476,70266
47.73114514350891,70266
47.73202872276306,70266
47.73333144187927,70266
47.73421096801758,70266
47.73508930206299,70266
47.73640537261963,70266
47.73728609085083,70266
47.73816967010498,70266
47.73905611038208,70266
47.74036002159119,70266
47.741241693496704,70266
47.74212026596069,70266
47.74300503730774,70266
47.74431276321411,70266
47.74519443511963,70266
47.74608659744263,70266
47.74739122390747,70266
47.7482705116272,70266
47.749152183532715,70266
47.75003623962402,70266
47.75134015083313,70266
47.75222134590149,70266
47.75310230255127,70266
47.75440526008606,70266
47.75528836250305,70266
47.75618267059326,70266
47.75706434249878,70266
47.75836658477783,70266
47.75924730300903,70266
47.760128021240234,70266
47.76101207733154,70266
47.762314796447754,70266
47.763197898864746,70266
47.76407980918884,70266
47.765384674072266,70266
47.76627540588379,70266
47.76715683937073,70266
47.768038749694824,70266
47.76934194564819,70266
47.770222663879395,70266
47.77110433578491,70266
47.77241110801697,70266
47.773295879364014,70266
47.77418231964111,70266
47.77506422996521,70266
47.77638101577759,70266
47.77726149559021,70266
47.778143882751465,70266
47.77902579307556,70266
47.78032827377319,70266
47.781208992004395,70266
47.78209114074707,70266
47.78339695930481,70266
47.78428077697754,70266
47.785165548324585,70266
47.78605818748474,70266
47.787365674972534,70266
47.78824782371521,70266
47.78912854194641,70266
47.79001331329346,70266
47.791319131851196,70266
47.792202949523926,70266
47.79308724403381,70266
47.79439330101013,70266
47.79527449607849,70266
47.7961642742157,70266
47.79704737663269,70266
47.79835653305054,70266
47.799240827560425,70266
47.80012059211731,70266
47.80100607872009,70266
47.80231070518494,70266
47.80319309234619,70266
47.80407929420471,70266
47.80538487434387,70266
47.80627679824829,70266
47.80716109275818,70266
47.80804491043091,70266
47.80935096740723,70266
47.81022930145264,70266
47.81111240386963,70266
47.81241798400879,70266
47.81330180168152,70266
47.814183950424194,70266
47.8150680065155,70266
47.81638526916504,70266
47.81726813316345,70266
47.818153619766235,70266
47.81903839111328,70266
47.820343017578125,70266
47.82122325897217,70266
47.82210445404053,70266
47.823407888412476,70266
47.82429003715515,70266
47.82517194747925,70266
47.82606077194214,70266
47.827370166778564,70266
47.82825207710266,70266
47.82913303375244,70266
47.830018043518066,70266
47.831321477890015,70266
47.83220434188843,70266
47.83308815956116,70266
47.834392070770264,70266
47.8352746963501,70266
47.836167097091675,70266
47.83704710006714,70266
47.838351249694824,70266
47.839232444763184,70266
47.840113162994385,70266
47.84141778945923,70266
47.84230375289917,70266
47.84318709373474,70266
47.84406876564026,70266
47.845372915267944,70266
47.846261739730835,70266
47.84714365005493,70266
47.848026275634766,70266
47.849332332611084,70266
47.85021424293518,70266
47.851094007492065,70266
47.85239934921265,70266
47.8532829284668,70266
47.854164600372314,70266
47.855048179626465,70266
47.856361389160156,70266
47.857242822647095,70266
47.858121156692505,70266
47.85900616645813,70266
47.860312700271606,70266
47.8611946105957,70266
47.86207890510559,70266
47.863381147384644,70266
47.86426544189453,70266
47.86514902114868,70266
47.86604571342468,70266
47.86735725402832,70266
47.86823844909668,70266
47.86911988258362,70266
47.87042450904846,70266
47.87130904197693,70266
47.872193813323975,70266
47.87307596206665,70266
47.87437844276428,70266
47.87526082992554,70266
47.87615251541138,70266
47.877037525177,70266
47.87834286689758,70266
47.87922430038452,70266
47.88010239601135,70266
47.8814058303833,70266
47.882288694381714,70266
47.88317251205444,70266
47.8840548992157,70266
47.88535952568054,70266
47.886252641677856,70266
47.88713359832764,70266
47.88801670074463,70266
47.88931965827942,70266
47.89020538330078,70266
47.891090631484985,70266
47.89239692687988,70266
47.893279790878296,70266
47.89416193962097,70266
47.89504551887512,70266
47.89635729789734,70266
47.897239446640015,70266
47.89812088012695,70266
47.899006366729736,70266
47.90030813217163,70266
47.90119194984436,70266
47.902071475982666,70266
47.90337610244751,70266
47.90425658226013,70266
47.905139446258545,70266
47.90603280067444,70266
47.9073383808136,70266
47.90822196006775,70266
47.909101247787476,70266
47.910404682159424,70266
47.91128921508789,70266
47.912172079086304,70266
47.913055181503296,70266
47.91435956954956,70266
47.91524267196655,70266
47.91613268852234,70266
47.91701889038086,70266
47.91832423210144,70266
47.919204235076904,70266
47.92008686065674,70266
47.921391248703,70266
47.922271728515625,70266
47.923152685165405,70266
47.92403531074524,70266
47.925341844558716,70266
47.92623543739319,70266
47.927120208740234,70266
47.9280059337616,70266
47.92931318283081,70266
47.93019890785217,70266
47.931079626083374,70266
47.932392597198486,70266
47.933276891708374,70266
47.93415904045105,70266
47.935044050216675,70266
47.93635702133179,70266
47.93723678588867,70266
47.93811750411987,70266
47.9394211769104,70266
47.94030785560608,70266
47.941192388534546,70266
47.94208288192749,70266
47.943387508392334,70266
47.94427013397217,70266
47.945152759552,70266
47.94604516029358,70266
47.94735050201416,70266
47.94823670387268,70266
47.94911813735962,70266
47.95042443275452,70266
47.95130944252014,70266
47.95219445228577,70266
47.95307540893555,70266
47.95438289642334,70266
47.95526599884033,70266
47.95615768432617,70266
47.95703983306885,70266
47.9583466053009,70266
47.95922827720642,70266
47.960110664367676,70266
47.961416244506836,70266
47.962300300598145,70266
47.963184118270874,70266
47.9640691280365,70266
47.96537470817566,70266
47.96626353263855,70266
47.96714663505554,70266
47.96802878379822,70266
47.96933388710022,70266
47.97021293640137,70266
47.971094608306885,70266
47.9724018573761,70266
47.973286390304565,70266
47.97416853904724,70266
47.975053548812866,70266
47.9763708114624,70266
47.977259159088135,70266
47.978140115737915,70266
47.97902059555054,70266
47.980324268341064,70266
47.98120617866516,70266
47.982085943222046,70266
47.983392000198364,70266
47.98427367210388,70266
47.98515748977661,70266
47.98604989051819,70266
47.98735475540161,70266
47.98823404312134,70266
47.9891140460968,70266
47.99041700363159,70266
47.99129843711853,70266
47.99217963218689,70266
47.99306106567383,70266
47.99436569213867,70266
47.995246171951294,70266
47.996135234832764,70266
47.99701714515686,70266
47.9983184337616,70266
47.999197006225586,70266
48.000079870224,70266
48.001384258270264,70266
48.00226902961731,70266
48.00315237045288,70266
48.00403547286987,70266
48.00534200668335,70266
48.00623607635498,70266
48.0071165561676,70266
48.00842070579529,70266
48.0093047618866,70266
48.01018691062927,70266
48.01106905937195,70266
48.01237511634827,70266
48.013256549835205,70266
48.014140129089355,70266
48.01502251625061,70266
48.016334533691406,70266
48.017212867736816,70266
48.018094301223755,70266
48.0193977355957,70266
48.020280838012695,70266
48.02116298675537,70266
48.0220468044281,70266
48.023353576660156,70266
48.02423405647278,70266
48.0251145362854,70266
48.026007890701294,70266
48.02731275558472,70266
48.028194427490234,70266
48.029075384140015,70266
48.03037977218628,70266
48.031262159347534,70266
48.032142639160156,70266
48.03302526473999,70266
48.03433108329773,70266
48.035218477249146,70266
48.036107778549194,70266
48.037410736083984,70266
48.03829550743103,70266
48.03917598724365,70266
48.04005408287048,70266
48.04135751724243,70266
48.042240381240845,70266
48.04312014579773,70266
48.04442238807678,70266
48.04530477523804,70266
48.046194076538086,70266
48.04707479476929,70266
48.048375606536865,70266
48.049254417419434,70266
48.05013680458069,70266
48.05101919174194,70266
48.052321672439575,70266
48.05320405960083,70266
48.05408477783203,70266
48.05539059638977,70266
48.05628252029419,70266
48.05716395378113,70266
48.05804467201233,70266
48.059348583221436,70266
48.06023168563843,70266
48.061110496520996,70266
48.06241273880005,70266
48.063294410705566,70266
48.06417536735535,70266
48.06505751609802,70266
48.06636643409729,70266
48.06724405288696,70266
48.06812310218811,70266
48.069005250930786,70266
48.07030463218689,70266
48.07118582725525,70266
48.07206463813782,70266
48.07336902618408,70266
48.07424759864807,70266
48.075130224227905,70266
48.07602405548096,70266
48.077332973480225,70266
48.078213691711426,70266
48.07909297943115,70266
48.08039569854736,70266
48.081278562545776,70266
48.08216309547424,70266
48.08304572105408,70266
48.084348917007446,70266
48.08522963523865,70266
48.08612012863159,70266
48.08700489997864,70266
48.08831310272217,70266
48.08919548988342,70266
48.09007906913757,70266
48.09138464927673,70266
48.09226751327515,70266
48.09315085411072,70266
48.094033002853394,70266
48.09533643722534,70266
48.09622836112976,70266
48.09711050987244,70266
48.098413705825806,70266
48.09929871559143,70266
48.10018301010132,70266
48.101064682006836,70266
48.10236716270447,70266
48.103248596191406,70266
48.10413312911987,70266
48.10501575469971,70266
48.10632920265198,70266
48.107208013534546,70266
48.10808873176575,70266
48.10939121246338,70266
48.11027431488037,70266
48.1111581325531,70266
48.11204266548157,70266
48.11334586143494,70266
48.114227294921875,70266
48.11510872840881,70266
48.11642003059387,70266
48.117302894592285,70266
48.118184089660645,70266
48.119064807891846,70266
48.12036848068237,70266
48.121249198913574,70266
48.122132301330566,70266
48.123016357421875,70266
48.12432074546814,70266
48.12520408630371,70266
48.126097202301025,70266
48.12740397453308,70266
48.12828850746155,70266
48.12917160987854,70266
48.130053997039795,70266
48.131359577178955,70266
48.132242918014526,70266
48.1331250667572,70266
48.134007692337036,70266
48.135313749313354,70266
48.13620924949646,70266
48.13709115982056,70266
48.138397455215454,70266
48.13927745819092,70266
48.140159606933594,70266
48.141042709350586,70266
48.142345666885376,70266
48.14322566986084,70266
48.14410853385925,70266
48.14541482925415,70266
48.1463086605072,70266
48.14719200134277,70266
48.148075103759766,70266
48.149378061294556,70266
48.150256872177124,70266
48.15113973617554,70266
48.15202236175537,70266
48.15332746505737,70266
48.15420651435852,70266
48.15509057044983,70266
48.15640830993652,70266
48.15728998184204,70266
48.15817332267761,70266
48.15905570983887,70266
48.16036033630371,70266
48.16123962402344,70266
48.16211700439453,70266
48.16300392150879,70266
48.164308071136475,70266
48.16519212722778,70266
48.16608452796936,70266
48.16738772392273,70266
48.16826939582825,70266
48.16915559768677,70266
48.17003798484802,70266
48.17134165763855,70266
48.17222189903259,70266
48.173102378845215,70266
48.17440342903137,70266
48.17528557777405,70266
48.17617630958557,70266
48.177058696746826,70266
48.17836332321167,70266
48.179242849349976,70266
48.18012356758118,70266
48.18100666999817,70266
48.182310819625854,70266
48.18319320678711,70266
48.184077739715576,70266
48.185383558273315,70266
48.186275005340576,70266
48.187156438827515,70266
48.1880419254303,70266
48.18934774398804,70266
48.19023060798645,70266
48.191112756729126,70266
48.19241762161255,70266
48.193299293518066,70266
48.194183588027954,70266
48.19506621360779,70266
48.19638276100159,70266
48.197265625,70266
48.198148012161255,70266
48.19903111457825,70266
48.20033574104309,70266
48.2012197971344,70266
48.20210385322571,70266
48.203413248062134,70266
48.204296588897705,70266
48.20517873764038,70266
48.20606827735901,70266
48.2073712348938,70266
48.208253622055054,70266
48.20913624763489,70266
48.21001887321472,70266
48.21132469177246,70266
48.21220564842224,70266
48.21308732032776,70266
48.21439051628113,70266
48.21527123451233,70266
48.216164350509644,70266
48.21704721450806,70266
48.218350648880005,70266
48.219234228134155,70266
48.220115423202515,70266
48.22141909599304,70266
48.22230124473572,70266
48.22318196296692,70266
48.22406196594238,70266
48.22536635398865,70266
48.2262544631958,70266
48.22713780403137,70266
48.22802376747131,70266
48.229328632354736,70266
48.23020958900452,70266
48.2310905456543,70266
48.232391357421875,70266
48.23327016830444,70266
48.2341525554657,70266
48.23503518104553,70266
48.236348152160645,70266
48.23722815513611,70266
48.23810935020447,70266
48.23941254615784,70266
48.240294456481934,70266
48.241177797317505,70266
48.24205923080444,70266
48.24336004257202,70266
48.24423885345459,70266
48.245116233825684,70266
48.24601149559021,70266
48.24731731414795,70266
48.24820160865784,70266
48.24908375740051,70266
48.25039100646973,70266
48.251272201538086,70266
48.2521538734436,70266
48.253034591674805,70266
48.25433802604675,70266
48.25521802902222,70266
48.25610637664795,70266
48.25741195678711,70266
48.25829362869263,70266
48.259177684783936,70266
48.260058641433716,70266
48.26136231422424,70266
48.26224064826965,70266
48.26311993598938,70266
48.264004707336426,70266
48.26531195640564,70266
48.266202211380005,70266
48.26708698272705,70266
48.26839065551758,70266
48.26927161216736,70266
48.270153284072876,70266
48.27103590965271,70266
48.2723388671875,70266
48.27321767807007,70266
48.2740957736969,70266
48.2753963470459,70266
48.27628779411316,70266
48.27717041969299,70266
48.27805209159851,70266
48.27935481071472,70266
48.28023338317871,70266
48.28111410140991,70266
48.282413959503174,70266
48.28329515457153,70266
48.28417420387268,70266
48.285053968429565,70266
48.286367416381836,70266
48.287245988845825,70266
48.28812646865845,70266
48.28900623321533,70266
48.290310859680176,70266
48.29119277000427,70266
48.29207396507263,70266
48.29337692260742,70266
48.29425883293152,70266
48.29514145851135,70266
48.2960364818573,70266
48.297340393066406,70266
48.2982177734375,70266
48.29909944534302,70266
48.30040121078491,70266
48.30128359794617,70266
48.30216455459595,70266
48.30304765701294,70266
48.3043532371521,70266
48.30523371696472,70266
48.30612134933472,70266
48.30700397491455,70266
48.308308124542236,70266
48.30919027328491,70266
48.310070753097534,70266
48.31137251853943,70266
48.312251567840576,70266
48.313132762908936,70266
48.31401467323303,70266
48.315319776535034,70266
48.31621789932251,70266
48.31709933280945,70266
48.31840491294861,70266
48.319289207458496,70266
48.3201699256897,70266
48.32105278968811,70266
48.32235908508301,70266
48.32323932647705,70266
48.32411789894104,70266
48.32542181015015,70266
48.326314210891724,70266
48.32719850540161,70266
48.32808184623718,70266
48.3293879032135,70266
48.330270290374756,70266
48.331151723861694,70266
48.332035064697266,70266
48.333338022232056,70266
48.33422040939331,70266
48.335100412368774,70266
48.33641266822815,70266
48.33729434013367,70266
48.338175535202026,70266
48.33905363082886,70266
48.340354919433594,70266
48.34123492240906,70266
48.3421151638031,70266
48.34341859817505,70266
48.34430193901062,70266
48.34518337249756,70266
48.34607434272766,70266
48.34738111495972,70266
48.34826302528381,70266
48.34914517402649,70266
48.35002827644348,70266
48.3513298034668,70266
48.352208852767944,70266
48.35309100151062,70266
48.35439324378967,70266
48.35527586936951,70266
48.35616850852966,70266
48.357048749923706,70266
48.35835337638855,70266
48.35923361778259,70266
48.360114336013794,70266
48.36141514778137,70266
48.36229729652405,70266
48.363176584243774,70266
48.36405825614929,70266
48.36536622047424,70266
48.36625695228577,70266
48.367138147354126,70266
48.36802053451538,70266
48.369327783584595,70266
48.37020993232727,70266
48.371098041534424,70266
48.372400522232056,70266
48.37328338623047,70266
48.37416648864746,70266
48.3750479221344,70266
48.376362323760986,70266
48.37724184989929,70266
48.37812423706055,70266
48.37900710105896,70266
48.38031053543091,70266
48.38119101524353,70266
48.38207244873047,70266
48.383376598358154,70266
48.38425827026367,70266
48.38513803482056,70266
48.38603186607361,70266
48.387338399887085,70266
48.38822031021118,70266
48.38909959793091,70266
48.3904013633728,70266
48.391282081604004,70266
48.392162799835205,70266
48.393046140670776,70266
48.39434814453125,70266
48.39522981643677,70266
48.39611744880676,70266
48.39742302894592,70266
48.39831185340881,70266
48.399197578430176,70266
48.40008306503296,70266
48.401387453079224,70266
48.402268409729004,70266
48.4031503200531,70266
48.40403389930725,70266
48.40534067153931,70266
48.406230449676514,70266
48.40711045265198,70266
48.40841364860535,70266
48.40929579734802,70266
48.41017508506775,70266
48.41105556488037,70266
48.412358045578,70266
48.41323637962341,70266
48.414119482040405,70266
48.415003538131714,70266
48.41631770133972,70266
48.41719841957092,70266
48.418078660964966,70266
48.41938304901123,70266
48.42026233673096,70266
48.421144008636475,70266
48.42202711105347,70266
48.423330783843994,70266
48.42420935630798,70266
48.425089836120605,70266
48.42640399932861,70266
48.427284717559814,70266
48.42816519737244,70266
48.429046630859375,70266
48.43035006523132,70266
48.43122863769531,70266
48.43211007118225,70266
48.4334135055542,70266
48.434295654296875,70266
48.435176849365234,70266
48.43606615066528,70266
48.43736934661865,70266
48.438249826431274,70266
48.43913412094116,70266
48.44001579284668,70266
48.44132137298584,70266
48.442203998565674,70266
48.44308567047119,70266
48.44439244270325,70266
48.445271730422974,70266
48.44616341590881,70266
48.44704604148865,70266
48.44835114479065,70266
48.44922876358032,70266
48.45010685920715,70266
48.451411962509155,70266
48.45229458808899,70266
48.453176975250244,70266
48.4540581703186,70266
48.455363273620605,70266
48.456252336502075,70266
48.45713567733765,70266
48.45801615715027,70266
48.45931887626648,70266
48.46020197868347,70266
48.4610857963562,70266
48.46238970756531,70266
48.463271379470825,70266
48.464152574539185,70266
48.46503829956055,70266
48.466355085372925,70266
48.46723389625549,70266
48.46811294555664,70266
48.46941637992859,70266
48.47030210494995,70266
48.47118353843689,70266
48.47206449508667,70266
48.4733681678772,70266
48.474249601364136,70266
48.47513151168823,70266
48.4760262966156,70266
48.47733235359192,70266
48.47821640968323,70266
48.47910022735596,70266
48.48040580749512,70266
48.481290102005005,70266
48.48217511177063,70266
48.48305678367615,70266
48.48436212539673,70266
48.48524284362793,70266
48.48613166809082,70266
48.487013816833496,70266
48.48832154273987,70266
48.48920750617981,70266
48.490092754364014,70266
48.4913969039917,70266
48.4922821521759,70266
48.49316692352295,70266
48.494048833847046,70266
48.49535393714905,70266
48.496246099472046,70266
48.497132301330566,70266
48.49801564216614,70266
48.49931812286377,70266
48.50019884109497,70266
48.50108027458191,70266
48.50238370895386,70266
48.50326442718506,70266
48.50414752960205,70266
48.50503063201904,70266
48.50634241104126,70266
48.50722408294678,70266
48.508105993270874,70266
48.50940823554993,70266
48.5102915763855,70266
48.511173248291016,70266
48.51205372810364,70266
48.51335859298706,70266
48.514238357543945,70266
48.515116930007935,70266
48.51601004600525,70266
48.51731204986572,70266
48.51819467544556,70266
48.51907706260681,70266
48.52037978172302,70266
48.52126097679138,70266
48.52214169502258,70266
48.52302622795105,70266
48.524330854415894,70266
48.52520966529846,70266
48.52609705924988,70266
48.527400970458984,70266
48.5282826423645,70266
48.5291645526886,70266
48.5300555229187,70266
48.53135848045349,70266
48.53224039077759,70266
48.533122301101685,70266
48.53400540351868,70266
48.535306453704834,70266
48.536200523376465,70266
48.537081718444824,70266
48.5383825302124,70266
48.53926968574524,70266
48.540154457092285,70266
48.541038036346436,70266
48.54234480857849,70266
48.54322862625122,70266
48.54411268234253,70266
48.54541754722595,70266
48.54631209373474,70266
48.54719591140747,70266
48.54807996749878,70266
48.54938364028931,70266
48.55026340484619,70266
48.55114555358887,70266
48.55202889442444,70266
48.55333375930786,70266
48.554216384887695,70266
48.55509853363037,70266
48.556416749954224,70266
48.55730056762695,70266
48.5581841468811,70266
48.55906891822815,70266
48.56037425994873,70266
48.56125521659851,70266
48.562140464782715,70266
48.563026905059814,70266
48.564332723617554,70266
48.56521487236023,70266
48.566105365753174,70266
48.56741237640381,70266
48.56829786300659,70266
48.56918215751648,70266
48.570063829422,70266
48.571368932724,70266
48.57225275039673,70266
48.57313418388367,70266
48.574015855789185,70266
48.575318336486816,70266
48.576212644577026,70266
48.577094316482544,70266
48.57840180397034,70266
48.57928824424744,70266
48.58017373085022,70266
48.58105778694153,70266
48.58236289024353,70266
48.58324456214905,70266
48.58413052558899,70266
48.58501648902893,70266
48.58633494377136,70266
48.58722114562988,70266
48.58810377120972,70266
48.58940887451172,70266
48.59029030799866,70266
48.591174840927124,70266
48.59205460548401,70266
48.59335780143738,70266
48.59423780441284,70266
48.59511995315552,70266
48.59601378440857,70266
48.59732007980347,70266
48.598203897476196,70266
48.59908723831177,70266
48.60039019584656,70266
48.601271867752075,70266
48.602155447006226,70266
48.6030387878418,70266
48.6043438911438,70266
48.605226039886475,70266
48.606114864349365,70266
48.607420682907104,70266
48.60830473899841,70266
48.609184980392456,70266
48.61006689071655,70266
48.611371755599976,70266
48.6122522354126,70266
48.6131374835968,70266
48.614023208618164,70266
48.615328311920166,70266
48.61621618270874,70266
48.61709713935852,70266
48.618401527404785,70266
48.61928653717041,70266
48.620168685913086,70266
48.6210503578186,70266
48.622353315353394,70266
48.6232328414917,70266
48.62411332130432,70266
48.62541627883911,70266
48.62630891799927,70266
48.62719202041626,70266
48.628073930740356,70266
48.629377365112305,70266
48.63026213645935,70266
48.63114547729492,70266
48.63202905654907,70266
48.63333463668823,70266
48.634217977523804,70266
48.635098457336426,70266
48.63641571998596,70266
48.637298822402954,70266
48.638179302215576,70266
48.63906240463257,70266
48.64036965370178,70266
48.64125180244446,70266
48.642136335372925,70266
48.643022537231445,70266
48.64432764053345,70266
48.64521241188049,70266
48.64610433578491,70266
48.64740824699402,70266
48.64829421043396,70266
48.64917707443237,70266
48.65005898475647,70266
48.65136241912842,70266
48.652244091033936,70266
48.65312480926514,70266
48.65401029586792,70266
48.655317306518555,70266
48.656211376190186,70266
48.65709328651428,70266
48.65840029716492,70266
48.659284353256226,70266
48.660167932510376,70266
48.66105008125305,70266
48.66235303878784,70266
48.66323518753052,70266
48.66411638259888,70266
48.66542172431946,70266
48.66631579399109,70266
48.66719675064087,70266
48.66807770729065,70266
48.66937875747681,70266
48.67025876045227,70266
48.671136140823364,70266
48.67201852798462,70266
48.67332577705383,70266
48.6742148399353,70266
48.67509579658508,70266
48.676411151885986,70266
48.677294969558716,70266
48.67817568778992,70266
48.6790566444397,70266
48.68036198616028,70266
48.68124604225159,70266
48.68212819099426,70266
48.68301272392273,70266
48.68431496620178,70266
48.68519878387451,70266
48.68609046936035,70266
48.687395334243774,70266
48.688278913497925,70266
48.68916058540344,70266
48.69004464149475,70266
48.69135022163391,70266
48.692232608795166,70266
48.69311308860779,70266
48.69441866874695,70266
48.69529962539673,70266
48.69619154930115,70266
48.6970739364624,70266
48.69837832450867,70266
48.69925856590271,70266
48.700143575668335,70266
48.70102643966675,70266
48.702330350875854,70266
48.70321249961853,70266
48.704095125198364,70266
48.70539903640747,70266
48.706292152404785,70266
48.70718026161194,70266
48.70806050300598,70266
48.70936441421509,70266
48.71024227142334,70266
48.711121559143066,70266
48.71200513839722,70266
48.71330738067627,70266
48.71418786048889,70266
48.71506881713867,70266
48.71638560295105,70266
48.71726846694946,70266
48.71815061569214,70266
48.71903395652771,70266
48.720338582992554,70266
48.72121810913086,70266
48.72209715843201,70266
48.72339940071106,70266
48.72428321838379,70266
48.72516679763794,70266
48.72605848312378,70266
48.72736406326294,70266
48.72824573516846,70266
48.72912621498108,70266
48.73001289367676,70266
48.73131823539734,70266
48.73220086097717,70266
48.733083963394165,70266
48.73438906669617,70266
48.7352728843689,70266
48.73616886138916,70266
48.73704981803894,70266
48.738359212875366,70266
48.73923969268799,70266
48.74011945724487,70266
48.7410032749176,70266
48.742307901382446,70266
48.74318790435791,70266
48.744070529937744,70266
48.745378255844116,70266
48.74627065658569,70266
48.747153997421265,70266
48.748037815093994,70266
48.749343395233154,70266
48.75022649765015,70266
48.75110673904419,70266
48.752416372299194,70266
48.75330352783203,70266
48.75418663024902,70266
48.75506925582886,70266
48.756386518478394,70266
48.75727105140686,70266
48.75815463066101,70266
48.759037256240845,70266
48.760342597961426,70266
48.761224031448364,70266
48.762104988098145,70266
48.76340627670288,70266
48.76428961753845,70266
48.76517343521118,70266
48.76606488227844,70266
48.76736783981323,70266
48.76824951171875,70266
48.769131898880005,70266
48.77001404762268,70266
48.77131962776184,70266
48.77220129966736,70266
48.77308630943298,70266
48.7743935585022,70266
48.77527570724487,70266
48.776169538497925,70266
48.77705407142639,70266
48.77835774421692,70266
48.77923846244812,70266
48.780118227005005,70266
48.78142237663269,70266
48.782307624816895,70266
48.783191204071045,70266
48.7840735912323,70266
48.78537917137146,70266
48.78627061843872,70266
48.78715634346008,70266
48.78803992271423,70266
48.78934335708618,70266
48.79022717475891,70266
48.7911057472229,70266
48.79241156578064,70266
48.79329490661621,70266
48.79417872428894,70266
48.795063495635986,70266
48.79637956619263,70266
48.79726266860962,70266
48.79814696311951,70266
48.79903173446655,70266
48.800334453582764,70266
48.80121684074402,70266
48.802098512649536,70266
48.80340337753296,70266
48.80428910255432,70266
48.80517315864563,70266
48.80606293678284,70266
48.8073673248291,70266
48.80824875831604,70266
48.8091299533844,70266
48.810012340545654,70266
48.81131911277771,70266
48.812201738357544,70266
48.81308698654175,70266
48.814390659332275,70266
48.815274715423584,70266
48.81617045402527,70266
48.817052364349365,70266
48.818360805511475,70266
48.81924605369568,70266
48.820131063461304,70266
48.82101607322693,70266
48.82232356071472,70266
48.82320690155029,70266
48.82408833503723,70266
48.82539105415344,70266
48.82628321647644,70266
48.82716512680054,70266
48.82805037498474,70266
48.82935619354248,70266
48.830235958099365,70266
48.831117391586304,70266
48.8324248790741,70266
48.83330750465393,70266
48.83419322967529,70266
48.83507704734802,70266
48.83639335632324,70266
48.83727693557739,70266
48.838162422180176,70266
48.8390474319458,70266
48.84035348892212,70266
48.8412344455719,70266
48.8421151638031,70266
48.84342408180237,70266
48.84430932998657,70266
48.845192193984985,70266
48.84608292579651,70266
48.84738898277283,70266
48.84827208518982,70266
48.84915328025818,70266
48.85003447532654,70266
48.85134220123291,70266
48.85222554206848,70266
48.85310745239258,70266
48.85441040992737,70266
48.85529136657715,70266
48.85618472099304,70266
48.857067823410034,70266
48.85837388038635,70266
48.859254360198975,70266
48.86013650894165,70266
48.86102032661438,70266
48.86232542991638,70266
48.86320734024048,70266
48.864089012145996,70266
48.86539316177368,70266
48.866283655166626,70266
48.86716818809509,70266
48.86805009841919,70266
48.86935901641846,70266
48.87023901939392,70266
48.87112236022949,70266
48.87200689315796,70266
48.873311042785645,70266
48.87419557571411,70266
48.87508749961853,70266
48.876402378082275,70266
48.87728714942932,70266
48.87817192077637,70266
48.87905478477478,70266
48.88035583496094,70266
48.881237506866455,70266
48.88211750984192,70266
48.88341975212097,70266
48.88430309295654,70266
48.88518691062927,70266
48.88607716560364,70266
48.88738393783569,70266
48.88826560974121,70266
48.88914704322815,70266
48.89003014564514,70266
48.891335248947144,70266
48.8922164440155,70266
48.893094301223755,70266
48.89439868927002,70266
48.89528179168701,70266
48.89617371559143,70266
48.897053956985474,70266
48.898361921310425,70266
48.899245500564575,70266
48.90013003349304,70266
48.90101671218872,70266
48.9023232460022,70266
48.90320682525635,70266
48.904088497161865,70266
48.90539193153381,70266
48.90628528594971,70266
48.90716576576233,70266
48.90804696083069,70266
48.90935134887695,70266
48.91023135185242,70266
48.91111207008362,70266
48.91241383552551,70266
48.91329526901245,70266
48.914177656173706,70266
48.91505813598633,70266
48.91637110710144,70266
48.91725182533264,70266
48.91813039779663,70266
48.91901254653931,70266
48.920320987701416,70266
48.92120170593262,70266
48.92208385467529,70266
48.92338490486145,70266
48.92426681518555,70266
48.925148487091064,70266
48.926042318344116,70266
48.92734718322754,70266
48.92823028564453,70266
48.929113149642944,70266
48.93041753768921,70266
48.931302547454834,70266
48.932185649871826,70266
48.933067083358765,70266
48.93437314033508,70266
48.935253858566284,70266
48.93614649772644,70266
48.93703031539917,70266
48.938334703445435,70266
48.93921899795532,70266
48.940102100372314,70266
48.941407680511475,70266
48.94229292869568,70266
48.943177700042725,70266
48.944061517715454,70266
48.945369482040405,70266
48.946260929107666,70266
48.94714617729187,70266
48.94802904129028,70266
48.94933366775513,70266
48.950217723846436,70266
48.95109939575195,70266
48.95240330696106,70266
48.95328879356384,70266
48.95417094230652,70266
48.95505356788635,70266
48.956372022628784,70266
48.95725393295288,70266
48.958138942718506,70266
48.95902490615845,70266
48.96032953262329,70266
48.961211919784546,70266
48.962093353271484,70266
48.96339774131775,70266
48.964282274246216,70266
48.9651665687561,70266
48.96605920791626,70266
48.967369079589844,70266
48.96825051307678,70266
48.96913504600525,70266
48.9700186252594,70266
48.97132635116577,70266
48.972208976745605,70266
48.97309112548828,70266
48.9743971824646,70266
48.97528076171875,70266
48.97617292404175,70266
48.97705340385437,70266
48.97835683822632,70266
48.97923517227173,70266
48.98011755943298,70266
48.98142147064209,70266
48.98230576515198,70266
48.98318815231323,70266
48.98406982421875,70266
48.985379219055176,70266
48.98627281188965,70266
48.987157583236694,70266
48.98804450035095,70266
48.98935151100159,70266
48.990232706069946,70266
48.99111723899841,70266
48.99242186546326,70266
48.993305921554565,70266
48.99418783187866,70266
48.995070934295654,70266
48.99638652801514,70266
48.99726939201355,70266
48.99815344810486,70266
48.99903678894043,70266
49.000344038009644,70266
49.00122904777527,70266
49.00210928916931,70266
49.00341320037842,70266
49.00429606437683,70266
49.005181074142456,70266
49.00607204437256,70266
49.00737500190735,70266
49.00825524330139,70266
49.00913715362549,70266
49.01001763343811,70266
49.01132249832153,70266
49.01220440864563,70266
49.0130832195282,70266
49.0143883228302,70266
49.01526927947998,70266
49.01616096496582,70266
49.01704263687134,70266
49.01834964752197,70266
49.01923131942749,70266
49.020111083984375,70266
49.02141833305359,70266
49.02230215072632,70266
49.0231831073761,70266
49.02406716346741,70266
49.02537131309509,70266
49.02626299858093,70266
49.02714490890503,70266
49.02802848815918,70266
49.0293333530426,70266
49.03021216392517,70266
49.03109073638916,70266
49.03239440917969,70266
49.03327775001526,70266
49.03415656089783,70266
49.0350341796875,70266
49.03634810447693,70266
49.03723192214966,70266
49.038111209869385,70266
49.03941535949707,70266
49.04029822349548,70266
49.041178703308105,70266
49.04206347465515,70266
49.04337406158447,70266
49.0442533493042,70266
49.04513502120972,70266
49.046027183532715,70266
49.047335624694824,70266
49.04821991920471,70266
49.049099922180176,70266
49.05040788650513,70266
49.05129027366638,70266
49.05217266082764,70266
49.05305099487305,70266
49.054359674453735,70266
49.055241107940674,70266
49.056127309799194,70266
49.05701303482056,70266
49.05831575393677,70266
49.05919814109802,70266
49.06007742881775,70266
49.06137990951538,70266
49.0622615814209,70266
49.06314301490784,70266
49.064024925231934,70266
49.06532907485962,70266
49.06621789932251,70266
49.067097902297974,70266
49.06840491294861,70266
49.0692880153656,70266
49.07017230987549,70266
49.07105374336243,70266
49.072362184524536,70266
49.07324433326721,70266
49.07412934303284,70266
49.0750150680542,70266
49.076332330703735,70266
49.07721471786499,70266
49.078094720840454,70266
49.07939863204956,70266
49.08028054237366,70266
49.081162452697754,70266
49.082046031951904,70266
49.08335089683533,70266
49.0842342376709,70266
49.08511543273926,70266
49.08600997924805,70266
49.08731532096863,70266
49.08819937705994,70266
49.08908128738403,70266
49.09038496017456,70266
49.0912663936615,70266
49.092148542404175,70266
49.093031883239746,70266
49.094337463378906,70266
49.0952205657959,70266
49.09611225128174,70266
49.097416400909424,70266
49.09829926490784,70266
49.09918284416199,70266
49.10006546974182,70266
49.10137104988098,70266
49.10225224494934,70266
49.103135108947754,70266
49.104018449783325,70266
49.1053204536438,70266
49.10621118545532,70266
49.1070921421051,70266
49.108394384384155,70266
49.1092734336853,70266
49.110153913497925,70266
49.111037254333496,70266
49.11234164237976,70266
49.11322069168091,70266
49.11410093307495,70266
49.11540699005127,70266
49.116302490234375,70266
49.1171817779541,70266
49.11806273460388,70266
49.11936378479004,70266
49.12024402618408,70266
49.12112593650818,70266
49.122007608413696,70266
49.12330913543701,70266
49.124191761016846,70266
49.125073194503784,70266
49.126391887664795,70266
49.12727379798889,70266
49.128156900405884,70266
49.12904214859009,70266
49.13034725189209,70266
49.131229877471924,70266
49.13211107254028,70266
49.13341808319092,70266
49.1343035697937,70266
49.13518500328064,70266
49.1360764503479,70266
49.13738203048706,70266
49.13826775550842,70266
49.13915205001831,70266
49.140037059783936,70266
49.14134502410889,70266
49.142228841781616,70266
49.14311337471008,70266
49.144421339035034,70266
49.14530658721924,70266
49.14620232582092,70266
49.14708709716797,70266
49.14839148521423,70266
49.14927887916565,70266
49.15016269683838,70266
49.151044845581055,70266
49.15234994888306,70266
49.153231620788574,70266
49.15411329269409,70266
49.15542149543762,70266
49.15631628036499,70266
49.157198905944824,70266
49.158082485198975,70266
49.15939116477966,70266
49.16027355194092,70266
49.16115713119507,70266
49.16204118728638,70266
49.163349628448486,70266
49.164233446121216,70266
49.165114879608154,70266
49.16601848602295,70266
49.16732382774353,70266
49.16820693016052,70266
49.169090032577515,70266
49.1703941822052,70266
49.17127823829651,70266
49.172160625457764,70266
49.17304229736328,70266
49.17434501647949,70266
49.17522835731506,70266
49.17611503601074,70266
49.177422285079956,70266
49.17830538749695,70266
49.17919063568115,70266
49.18007516860962,70266
49.18138241767883,70266
49.18226718902588,70266
49.183149099349976,70266
49.184032917022705,70266
49.18534183502197,70266
49.18623399734497,70266
49.18711471557617,70266
49.18841791152954,70266
49.18930268287659,70266
49.19018745422363,70266
49.19107127189636,70266
49.19237685203552,70266
49.193256855010986,70266
49.19413924217224,70266
49.19502377510071,70266
49.196338176727295,70266
49.19722390174866,70266
49.198105335235596,70266
49.19941425323486,70266
49.20029926300049,70266
49.20118021965027,70266
49.20206379890442,70266
49.20336842536926,70266
49.20425200462341,70266
49.20513606071472,70266
49.20603156089783,70266
49.20733618736267,70266
49.20821976661682,70266
49.20910406112671,70266
49.21041536331177,70266
49.21130681037903,70266
49.2121946811676,70266
49.21307897567749,70266
49.21439170837402,70266
49.2152783870697,70266
49.21617579460144,70266
49.21705913543701,70266
49.2183632850647,70266
49.21924591064453,70266
49.22013020515442,70266
49.221014976501465,70266
49.22232127189636,70266
49.22320556640625,70266
49.2240891456604,70266
49.2253954410553,70266
49.22628855705261,70266
49.22717213630676,70266
49.22805333137512,70266
49.229358196258545,70266
49.2302405834198,70266
49.23112392425537,70266
49.232009410858154,70266
49.23331618309021,70266
49.234200954437256,70266
49.23508667945862,70266
49.23640465736389,70266
49.23728704452515,70266
49.23817181587219,70266
49.23905563354492,70266
49.24035906791687,70266
49.24124073982239,70266
49.24212193489075,70266
49.24300527572632,70266
49.24430751800537,70266
49.2451913356781,70266
49.24608564376831,70266
49.24739050865173,70266
49.24827027320862,70266
49.24915337562561,70266
49.2500364780426,70266
49.25134253501892,70266
49.25222420692444,70266
49.25310564041138,70266
49.25441002845764,70266
49.25529623031616,70266
49.25618839263916,70266
49.25707268714905,70266
49.258376121520996,70266
49.25925803184509,70266
49.260143518447876,70266
49.26102805137634,70266
49.26233434677124,70266
49.26321506500244,70266
49.26409554481506,70266
49.26539731025696,70266
49.26628828048706,70266
49.267173290252686,70266
49.268054723739624,70266
49.269360303878784,70266
49.27024245262146,70266
49.271119594573975,70266
49.27200436592102,70266
49.273308753967285,70266
49.27419185638428,70266
49.27507185935974,70266
49.27638840675354,70266
49.27727222442627,70266
49.27815651893616,70266
49.279037952423096,70266
49.28034329414368,70266
49.28122568130493,70266
49.282108783721924,70266
49.28341245651245,70266
49.28429865837097,70266
49.285183906555176,70266
49.286076068878174,70266
49.28738307952881,70266
49.2882661819458,70266
49.289151191711426,70266
49.29003429412842,70266
49.291341066360474,70266
49.29222369194031,70266
49.29310417175293,70266
49.29440903663635,70266
49.29529309272766,70266
49.29618835449219,70266
49.29707145690918,70266
49.29837965965271,70266
49.29926371574402,70266
49.30014944076538,70266
49.30103325843811,70266
49.30233597755432,70266
49.30321764945984,70266
49.30410075187683,70266
49.30540633201599,70266
49.30630016326904,70266
49.30718278884888,70266
49.30806493759155,70266
49.309370279312134,70266
49.310253381729126,70266
49.31113409996033,70266
49.312018156051636,70266
49.31332755088806,70266
49.314209938049316,70266
49.31509184837341,70266
49.316407680511475,70266
49.317291021347046,70266
49.31817388534546,70266
49.31905722618103,70266
49.320364475250244,70266
49.32124876976013,70266
49.32213473320007,70266
49.323017835617065,70266
49.32431936264038,70266
49.32520294189453,70266
49.32609558105469,70266
49.32740092277527,70266
49.328285932540894,70266
49.32916855812073,70266
49.33005118370056,70266
49.33135485649109,70266
49.332237243652344,70266
49.33311748504639,70266
49.33400344848633,70266
49.335309982299805,70266
49.3362021446228,70266
49.33708453178406,70266
49.33839249610901,70266
49.33927655220032,70266
49.340163707733154,70266
49.34104871749878,70266
49.3423535823822,70266
49.343236684799194,70266
49.34411954879761,70266
49.345003604888916,70266
49.346317529678345,70266
49.34720230102539,70266
49.348084449768066,70266
49.34939122200012,70266
49.35027360916138,70266
49.351157426834106,70266
49.35203981399536,70266
49.35334753990173,70266
49.35422682762146,70266
49.3551070690155,70266
49.35642409324646,70266
49.357309103012085,70266
49.35819339752197,70266
49.359076499938965,70266
49.3603789806366,70266
49.36126112937927,70266
49.362144470214844,70266
49.363027572631836,70266
49.364333152770996,70266
49.365216970443726,70266
49.36610674858093,70266
49.36741518974304,70266
49.36830139160156,70266
49.36918568611145,70266
49.370070695877075,70266
49.371373891830444,70266
49.37225556373596,70266
49.37314033508301,70266
49.37402272224426,70266
49.375328063964844,70266
49.376219034194946,70266
49.37709999084473,70266
49.37840270996094,70266
49.37929129600525,70266
49.38017416000366,70266
49.38105750083923,70266
49.38236355781555,70266
49.38324332237244,70266
49.38412690162659,70266
49.385008096694946,70266
49.386324882507324,70266
49.38720631599426,70266
49.38808870315552,70266
49.38939166069031,70266
49.3902747631073,70266
49.39115810394287,70266
49.39204239845276,70266
49.39334583282471,70266
49.39422678947449,70266
49.39510774612427,70266
49.396422147750854,70266
49.39730715751648,70266
49.39818596839905,70266
49.39906597137451,70266
49.40037202835083,70266
49.4012496471405,70266
49.402130365371704,70266
49.4030122756958,70266
49.40431547164917,70266
49.405195474624634,70266
49.406087160110474,70266
49.40739846229553,70266
49.408278942108154,70266
49.409159898757935,70266
49.41004252433777,70266
49.41134810447693,70266
49.41222929954529,70266
49.41311073303223,70266
49.414416551589966,70266
49.41530227661133,70266
49.41619539260864,70266
49.41707730293274,70266
49.418378591537476,70266
49.41925811767578,70266
49.420140981674194,70266
49.42102408409119,70266
49.42233085632324,70266
49.423213481903076,70266
49.4240939617157,70266
49.4253945350647,70266
49.42628812789917,70266
49.427170276641846,70266
49.42805242538452,70266
49.4293577671051,70266
49.430238008499146,70266
49.43111777305603,70266
49.43242311477661,70266
49.43330669403076,70266
49.43418884277344,70266
49.43507218360901,70266
49.43638372421265,70266
49.4372661113739,70266
49.43814754486084,70266
49.439029932022095,70266
49.440333127975464,70266
49.44121479988098,70266
49.442094564437866,70266
49.44339990615845,70266
49.44428110122681,70266
49.4451630115509,70266
49.44605350494385,70266
49.4473557472229,70266
49.448238134384155,70266
49.449118852615356,70266
49.45042300224304,70266
49.451306104660034,70266
49.452187061309814,70266
49.4530668258667,70266
49.45437216758728,70266
49.45525336265564,70266
49.456148862838745,70266
49.45703101158142,70266
49.45833468437195,70266
49.459214210510254,70266
49.46009802818298,70266
49.461403608322144,70266
49.46228909492493,70266
49.4631724357605,70266
49.46405506134033,70266
49.46536111831665,70266
49.46625113487244,70266
49.46713638305664,70266
49.468024015426636,70266
49.46932864189148,70266
49.47020959854126,70266
49.471089363098145,70266
49.47239351272583,70266
49.47327446937561,70266
49.474159240722656,70266
49.475040912628174,70266
49.476354122161865,70266
49.47723460197449,70266
49.47811317443848,70266
49.47941541671753,70266
49.48029708862305,70266
49.48117780685425,70266
49.482057332992554,70266
49.483360052108765,70266
49.48423981666565,70266
49.48512125015259,70266
49.48601579666138,70266
49.48731970787048,70266
49.48820209503174,70266
49.48908567428589,70266
49.49038887023926,70266
49.49127125740051,70266
49.49215340614319,70266
49.493035078048706,70266
49.494338512420654,70266
49.495219469070435,70266
49.49611043930054,70266
49.49741291999817,70266
49.4982967376709,70266
49.49917984008789,70266
49.50006151199341,70266
49.50136351585388,70266
49.50224304199219,70266
49.503124713897705,70266
49.50401020050049,70266
49.50531578063965,70266
49.50620913505554,70266
49.507092237472534,70266
49.508397817611694,70266
49.50927972793579,70266
49.51016283035278,70266
49.511043310165405,70266
49.512348651885986,70266
49.5132360458374,70266
49.51411700248718,70266
49.5150032043457,70266
49.51631689071655,70266
49.51719617843628,70266
49.51807737350464,70266
49.51937747001648,70266
49.52025890350342,70266
49.52114129066467,70266
49.52202486991882,70266
49.52332806587219,70266
49.5242075920105,70266
49.52509069442749,70266
49.52640414237976,70266
49.527286529541016,70266
49.52816414833069,70266
49.529045820236206,70266
49.530359983444214,70266
49.53123903274536,70266
49.53211832046509,70266
49.5334210395813,70266
49.53430247306824,70266
49.535184144973755,70266
49.53607201576233,70266
49.53737473487854,70266
49.53825378417969,70266
49.539135217666626,70266
49.5400185585022,70266
49.54132127761841,70266
49.54220271110535,70266
49.54308795928955,70266
49.54439115524292,70266
49.545273780822754,70266
49.54616641998291,70266
49.54705500602722,70266
49.54836177825928,70266
49.54924297332764,70266
49.55012226104736,70266
49.551005125045776,70266
49.552308797836304,70266
49.55319023132324,70266
49.5540714263916,70266
49.55537676811218,70266
49.55626702308655,70266
49.55714988708496,70266
49.55803322792053,70266
49.55933690071106,70266
49.560219287872314,70266
49.561100244522095,70266
49.5624041557312,70266
49.56329035758972,70266
49.564173460006714,70266
49.56505513191223,70266
49.56637167930603,70266
49.56725358963013,70266
49.568137407302856,70266
49.569021701812744,70266
49.57032561302185,70266
49.57120728492737,70266
49.57208847999573,70266
49.57339406013489,70266
49.57427978515625,70266
49.575164556503296,70266
49.57605767250061,70266
49.57736277580261,70266
49.578246116638184,70266
49.57912731170654,70266
49.58001255989075,70266
49.581315994262695,70266
49.58219838142395,70266
49.58308005332947,70266
49.58438205718994,70266
49.58526420593262,70266
49.586159229278564,70266
49.587045431137085,70266
49.58835291862488,70266
49.589235067367554,70266
49.59011745452881,70266
49.59100389480591,70266
49.592310428619385,70266
49.59319281578064,70266
49.59407448768616,70266
49.595378160476685,70266
49.59627079963684,70266
49.59715270996094,70266
49.59803223609924,70266
49.59933614730835,70266
49.60021662712097,70266
49.60109806060791,70266
49.60240435600281,70266
49.603291034698486,70266
49.60417652130127,70266
49.60505962371826,70266
49.60637831687927,70266
49.60726237297058,70266
49.6081440448761,70266
49.60902976989746,70266
49.61033773422241,70266
49.61122226715088,70266
49.61210751533508,70266
49.613412618637085,70266
49.614299297332764,70266
49.61518406867981,70266
49.61607360839844,70266
49.6173791885376,70266
49.618260860443115,70266
49.61914563179016,70266
49.62002992630005,70266
49.62133860588074,70266
49.622222661972046,70266
49.623103618621826,70266
49.62441396713257,70266
49.62529683113098,70266
49.626192808151245,70266
49.62707448005676,70266
49.62838268280029,70266
49.62926268577576,70266
49.63014578819275,70266
49.63102865219116,70266
49.632333755493164,70266
49.63321375846863,70266
49.634092807769775,70266
49.63539743423462,70266
49.63629484176636,70266
49.637178897857666,70266
49.638060331344604,70266
49.63936734199524,70266
49.64025163650513,70266
49.64113473892212,70266
49.64201784133911,70266
49.643324851989746,70266
49.64420795440674,70266
49.645087480545044,70266
49.64640235900879,70266
49.647286891937256,70266
49.648173570632935,70266
49.649056911468506,70266
49.65036463737488,70266
49.65124487876892,70266
49.65212631225586,70266
49.65300989151001,70266
49.65431499481201,70266
49.655197620391846,70266
49.656087160110474,70266
49.657392501831055,70266
49.658275842666626,70266
49.65915870666504,70266
49.6600399017334,70266
49.661343574523926,70266
49.6622257232666,70266
49.6631064414978,70266
49.664411544799805,70266
49.66529417037964,70266
49.66621518135071,70266
49.66710138320923,70266
49.66840648651123,70266
49.669291496276855,70266
49.6701762676239,70266
49.6710569858551,70266
49.67236137390137,70266
49.673243284225464,70266
49.674124002456665,70266
49.675007343292236,70266
49.67632460594177,70266
49.677207231521606,70266
49.678088665008545,70266
49.67939281463623,70266
49.68027663230896,70266
49.681159257888794,70266
49.68204116821289,70266
49.683345794677734,70266
49.684223890304565,70266
49.68510437011719,70266
49.686418771743774,70266
49.68730163574219,70266
49.68818497657776,70266
49.68906569480896,70266
49.690370321273804,70266
49.691250801086426,70266
49.692134380340576,70266
49.69301724433899,70266
49.69432520866394,70266
49.695207834243774,70266
49.696099281311035,70266
49.697404861450195,70266
49.69828796386719,70266
49.699169397354126,70266
49.70005011558533,70266
49.70135498046875,70266
49.70223641395569,70266
49.703118085861206,70266
49.70442271232605,70266
49.70530915260315,70266
49.70620274543762,70266
49.707087993621826,70266
49.70839285850525,70266
49.709275007247925,70266
49.71015691757202,70266
49.71103620529175,70266
49.71233868598938,70266
49.71322202682495,70266
49.71410322189331,70266
49.715418100357056,70266
49.71631097793579,70266
49.7171905040741,70266
49.71807146072388,70266
49.71937274932861,70266
49.72025203704834,70266
49.721131324768066,70266
49.7220139503479,70266
49.723313331604004,70266
49.72419857978821,70266
49.72508192062378,70266
49.726399660110474,70266
49.727282762527466,70266
49.728163719177246,70266
49.72904706001282,70266
49.730350494384766,70266
49.731231689453125,70266
49.73211336135864,70266
49.73341631889343,70266
49.734299182891846,70266
49.73517990112305,70266
49.73606824874878,70266
49.737374782562256,70266
49.73825478553772,70266
49.73913621902466,70266
49.740018367767334,70266
49.74132013320923,70266
49.742199420928955,70266
49.74308156967163,70266
49.74438762664795,70266
49.745266914367676,70266
49.746159076690674,70266
49.7470440864563,70266
49.74834990501404,70266
49.74923014640808,70266
49.75010943412781,70266
49.751415729522705,70266
49.75229859352112,70266
49.75318169593811,70266
49.75406265258789,70266
49.755369901657104,70266
49.75626039505005,70266
49.75714468955994,70266
49.7580292224884,70266
49.75933480262756,70266
49.76021599769592,70266
49.76109766960144,70266
49.762402057647705,70266
49.76328468322754,70266
49.76416730880737,70266
49.7650511264801,70266
49.76636505126953,70266
49.7672483921051,70266
49.76812958717346,70266
49.76901602745056,70266
49.77031660079956,70266
49.771199464797974,70266
49.77208137512207,70266
49.77338719367981,70266
49.77426862716675,70266
49.775150775909424,70266
49.77604007720947,70266
49.77734613418579,70266
49.77822709083557,70266
49.779109477996826,70266
49.78041625022888,70266
49.7812979221344,70266
49.78218054771423,70266
49.78306174278259,70266
49.784367084503174,70266
49.78524971008301,70266
49.78614258766174,70266
49.78702735900879,70266
49.78833055496216,70266
49.78921294212341,70266
49.790093421936035,70266
49.79139518737793,70266
49.792280197143555,70266
49.79316234588623,70266
49.794042110443115,70266
49.79534411430359,70266
49.796233892440796,70266
49.7971134185791,70266
49.79841732978821,70266
49.79929971694946,70266
49.80018186569214,70266
49.80106496810913,70266
49.80236792564392,70266
49.80325150489807,70266
49.804133892059326,70266
49.80501389503479,70266
49.806328535079956,70266
49.807209491729736,70266
49.808088541030884,70266
49.80939722061157,70266
49.81027889251709,70266
49.811158418655396,70266
49.812041997909546,70266
49.8133487701416,70266
49.814231395721436,70266
49.81511092185974,70266
49.81642270088196,70266
49.817307472229004,70266
49.818187952041626,70266
49.819066762924194,70266
49.82037305831909,70266
49.82125544548035,70266
49.82213807106018,70266
49.823023080825806,70266
49.82432436943054,70266
49.82520508766174,70266
49.82609748840332,70266
49.827402114868164,70266
49.828284740448,70266
49.829169034957886,70266
49.83005428314209,70266
49.83135628700256,70266
49.83223748207092,70266
49.83311915397644,70266
49.83442544937134,70266
49.835307121276855,70266
49.83619976043701,70266
49.83708333969116,70266
49.83838653564453,70266
49.83926963806152,70266
49.840150594711304,70266
49.84103441238403,70266
49.84234023094177,70266
49.84322118759155,70266
49.84409952163696,70266
49.84540033340454,70266
49.846293210983276,70266
49.84717631340027,70266
49.848058223724365,70266
49.84936308860779,70266
49.85024547576904,70266
49.85112500190735,70266
49.85201096534729,70266
49.85331344604492,70266
49.85419416427612,70266
49.85507798194885,70266
49.8563916683197,70266
49.85727381706238,70266
49.858155965805054,70266
49.859039545059204,70266
49.86034345626831,70266
49.86122226715088,70266
49.86210083961487,70266
49.86340594291687,70266
49.864288568496704,70266
49.86517119407654,70266
49.866063356399536,70266
49.8673677444458,70266
49.868250608444214,70266
49.86913228034973,70266
49.87001609802246,70266
49.87131929397583,70266
49.872201442718506,70266
49.87308120727539,70266
49.87438178062439,70266
49.87526202201843,70266
49.876155853271484,70266
49.87703609466553,70266
49.87833905220032,70266
49.879218101501465,70266
49.880099296569824,70266
49.881404638290405,70266
49.88228797912598,70266
49.88317894935608,70266
49.88406181335449,70266
49.88537073135376,70266
49.88626146316528,70266
49.88714671134949,70266
49.88802933692932,70266
49.88933515548706,70266
49.89021682739258,70266
49.891098499298096,70266
49.89240384101868,70266
49.89328718185425,70266
49.89417052268982,70266
49.895050048828125,70266
49.896363496780396,70266
49.89724636077881,70266
49.89812898635864,70266
49.89901351928711,70266
49.900317907333374,70266
49.90119957923889,70266
49.90208077430725,70266
49.9033842086792,70266
49.90426707267761,70266
49.905150175094604,70266
49.90604543685913,70266
49.907357692718506,70266
49.908241510391235,70266
49.90912318229675,70266
49.910011529922485,70266
49.91131663322449,70266
49.912198305130005,70266
49.913081407547,70266
49.91438436508179,70266
49.91526985168457,70266
49.916165351867676,70266
49.91704773902893,70266
49.91835403442383,70266
49.91923666000366,70266
49.92012000083923,70266
49.9210045337677,70266
49.92230796813965,70266
49.923189878463745,70266
49.92406988143921,70266
49.92537307739258,70266
49.926263093948364,70266
49.92714715003967,70266
49.92803120613098,70266
49.929338216781616,70266
49.93021893501282,70266
49.93110156059265,70266
49.9324049949646,70266
49.93328928947449,70266
49.93417263031006,70266
49.93505263328552,70266
49.93636775016785,70266
49.93724846839905,70266
49.93813371658325,70266
49.939016342163086,70266
49.94032001495361,70266
49.94120144844055,70266
49.94208264350891,70266
49.943389892578125,70266
49.94427251815796,70266
49.94515609741211,70266
49.94604825973511,70266
49.94735145568848,70266
49.94823360443115,70266
49.94911599159241,70266
49.95042014122009,70266
49.951303482055664,70266
49.95218539237976,70266
49.95306754112244,70266
49.95437216758728,70266
49.9552538394928,70266
49.956146478652954,70266
49.95702815055847,70266
49.95833492279053,70266
49.95921611785889,70266
49.96009707450867,70266
49.96140503883362,70266
49.96228766441345,70266
49.963168144226074,70266
49.96405291557312,70266
49.96535849571228,70266
49.966246604919434,70266
49.967127561569214,70266
49.96801233291626,70266
49.969318151474,70266
49.970202922821045,70266
49.971086740493774,70266
49.97239398956299,70266
49.97327733039856,70266
49.97416138648987,70266
49.97504281997681,70266
49.976359367370605,70266
49.97724366188049,70266
49.97812557220459,70266
49.97900867462158,70266
49.98031783103943,70266
49.981199741363525,70266
49.982083320617676,70266
49.983386516571045,70266
49.984267234802246,70266
49.985151052474976,70266
49.9860463142395,70266
49.987351179122925,70266
49.98823642730713,70266
49.989118814468384,70266
49.99042296409607,70266
49.991304874420166,70266
49.992186307907104,70266
49.99306893348694,70266
49.9943745136261,70266
49.99525761604309,70266
49.99615454673767,70266
49.99703764915466,70266
49.99834322929382,70266
49.99922466278076,70266
50.000105142593384,70266
50.00140857696533,70266
50.002291440963745,70266
50.00317430496216,70266
50.0040557384491,70266
50.0053608417511,70266
50.00625276565552,70266
50.00713586807251,70266
50.00801753997803,70266
50.009321451187134,70266
50.01020407676697,70266
50.011086225509644,70266
50.012391328811646,70266
50.01327419281006,70266
50.01415753364563,70266
50.01504111289978,70266
50.01635694503784,70266
50.017237424850464,70266
50.01811957359314,70266
50.01942229270935,70266
50.02030563354492,70266
50.02118635177612,70266
50.022069454193115,70266
50.023375034332275,70266
50.024255990982056,70266
50.02514433860779,70266
50.026039123535156,70266
50.027342796325684,70266
50.02822232246399,70266
50.029104471206665,70266
50.03040838241577,70266
50.0312922000885,70266
50.03217339515686,70266
50.03305745124817,70266
50.034358739852905,70266
50.035239934921265,70266
50.036128520965576,70266
50.03701186180115,70266
50.03831505775452,70266
50.039196491241455,70266
50.04007863998413,70266
50.04138517379761,70266
50.04226636886597,70266
50.04314851760864,70266
50.04403233528137,70266
50.04533910751343,70266
50.04623222351074,70266
50.04711699485779,70266
50.04842257499695,70266
50.04930663108826,70266
50.05018949508667,70266
50.05107617378235,70266
50.0523784160614,70266
50.053261280059814,70266
50.05414295196533,70266
50.05502486228943,70266
50.05634021759033,70266
50.05722260475159,70266
50.058101415634155,70266
50.05940246582031,70266
50.06028461456299,70266
50.06116962432861,70266
50.062052726745605,70266
50.063355922698975,70266
50.06423544883728,70266
50.06511569023132,70266
50.06600785255432,70266
50.067315101623535,70266
50.0681939125061,70266
50.06907391548157,70266
50.07037925720215,70266
50.07125997543335,70266
50.07214117050171,70266
50.07302236557007,70266
50.07432770729065,70266
50.07520604133606,70266
50.07609748840332,70266
50.07740044593811,70266
50.07828712463379,70266
50.07917094230652,70266
50.080052614212036,70266
50.08135747909546,70266
50.08224081993103,70266
50.08312225341797,70266
50.08400630950928,70266
50.085312366485596,70266
50.08620643615723,70266
50.08708882331848,70266
50.08839464187622,70266
50.08927845954895,70266
50.090158462524414,70266
50.091044187545776,70266
50.09234857559204,70266
50.09323072433472,70266
50.09411549568176,70266
50.09541606903076,70266
50.09630727767944,70266
50.097187995910645,70266
50.098068714141846,70266
50.099371910095215,70266
50.10025382041931,70266
50.10113596916199,70266
50.10201930999756,70266
50.10332536697388,70266
50.10420560836792,70266
50.10508728027344,70266
50.10640001296997,70266
50.10728192329407,70266
50.1081657409668,70266
50.10904812812805,70266
50.11035108566284,70266
50.11123299598694,70266
50.11211109161377,70266
50.11341452598572,70266
50.11429691314697,70266
50.11517858505249,70266
50.11606788635254,70266
50.11737585067749,70266
50.11825776100159,70266
50.11914372444153,70266
50.12002897262573,70266
50.12133598327637,70266
50.12222123146057,70266
50.12310218811035,70266
50.124409914016724,70266
50.12529373168945,70266
50.12618899345398,70266
50.1270706653595,70266
50.12837553024292,70266
50.12925863265991,70266
50.13014030456543,70266
50.13102436065674,70266
50.132330894470215,70266
50.13321018218994,70266
50.13409185409546,70266
50.135398864746094,70266
50.13629484176636,70266
50.137179374694824,70266
50.13806200027466,70266
50.13937187194824,70266
50.1402542591095,70266
50.14113759994507,70266
50.142019748687744,70266
50.14332365989685,70266
50.144205808639526,70266
50.14508605003357,70266
50.14639973640442,70266
50.147284269332886,70266
50.148167848587036,70266
50.14905023574829,70266
50.150352239608765,70266
50.1512348651886,70266
50.15211367607117,70266
50.15341567993164,70266
50.154298067092896,70266
50.15518069267273,70266
50.15607023239136,70266
50.15737223625183,70266
50.15825152397156,70266
50.15913677215576,70266
50.16001749038696,70266
50.16132140159607,70266
50.16220426559448,70266
50.163084745407104,70266
50.16438674926758,70266
50.16526818275452,70266
50.16616368293762,70266
50.16704535484314,70266
50.16835403442383,70266
50.16923379898071,70266
50.17011380195618,70266
50.171419620513916,70266
50.17230224609375,70266
50.17318606376648,70266
50.174065351486206,70266
50.17537045478821,70266
50.176260232925415,70266
50.17714500427246,70266
50.17802596092224,70266
50.17932868003845,70266
50.18021082878113,70266
50.18109178543091,70266
50.18239665031433,70266
50.183279275894165,70266
50.184162616729736,70266
50.18504571914673,70266
50.18636131286621,70266
50.18724298477173,70266
50.18812084197998,70266
50.189006090164185,70266
50.190311908721924,70266
50.191195011138916,70266
50.19208264350891,70266
50.19338941574097,70266
50.19427180290222,70266
50.195154428482056,70266
50.19604682922363,70266
50.19734573364258,70266
50.19822430610657,70266
50.19910383224487,70266
50.20040678977966,70266
50.20128798484802,70266
50.20216965675354,70266
50.203052043914795,70266
50.204357385635376,70266
50.20523452758789,70266
50.206122159957886,70266
50.20700669288635,70266
50.20830750465393,70266
50.209190130233765,70266
50.21006989479065,70266
50.211376428604126,70266
50.21225643157959,70266
50.21313762664795,70266
50.214019536972046,70266
50.215322971343994,70266
50.21621227264404,70266
50.21709203720093,70266
50.21839761734009,70266
50.21928644180298,70266
50.22016882896423,70266
50.22105050086975,70266
50.222352743148804,70266
50.2232346534729,70266
50.22411847114563,70266
50.22500395774841,70266
50.22632074356079,70266
50.2272047996521,70266
50.228087186813354,70266
50.22939109802246,70266
50.23027181625366,70266
50.23115301132202,70266
50.23203372955322,70266
50.23333978652954,70266
50.23422455787659,70266
50.23510384559631,70266
50.236422300338745,70266
50.23730683326721,70266
50.23818874359131,70266
50.23906874656677,70266
50.24037432670593,70266
50.24125909805298,70266
50.242143869400024,70266
50.24302911758423,70266
50.24433374404907,70266
50.24521446228027,70266
50.24610471725464,70266
50.24740982055664,70266
50.248295068740845,70266
50.24917793273926,70266
50.2500581741333,70266
50.25136160850525,70266
50.252243518829346,70266
50.25312638282776,70266
50.254008531570435,70266
50.25531530380249,70266
50.256208181381226,70266
50.257089614868164,70266
50.2583954334259,70266
50.25927710533142,70266
50.260159730911255,70266
50.26104021072388,70266
50.262341022491455,70266
50.2632212638855,70266
50.26410174369812,70266
50.265403032302856,70266
50.26629996299744,70266
50.267184257507324,70266
50.26806569099426,70266
50.269367694854736,70266
50.27024793624878,70266
50.27112889289856,70266
50.272010803222656,70266
50.27331233024597,70266
50.27419328689575,70266
50.27507281303406,70266
50.276386737823486,70266
50.277267932891846,70266
50.27815103530884,70266
50.27903199195862,70266
50.28033447265625,70266
50.28121542930603,70266
50.28209567070007,70266
50.283401012420654,70266
50.2842857837677,70266
50.28516888618469,70266
50.28606462478638,70266
50.287373065948486,70266
50.28825569152832,70266
50.289140939712524,70266
50.290026903152466,70266
50.291335344314575,70266
50.29221987724304,70266
50.29310369491577,70266
50.29440927505493,70266
50.295292139053345,70266
50.296183347702026,70266
50.297069787979126,70266
50.298378467559814,70266
50.29925990104675,70266
50.300143241882324,70266
50.301029205322266,70266
50.30233907699585,70266
50.30322289466858,70266
50.30410385131836,70266
50.30541205406189,70266
50.30630612373352,70266
50.30719017982483,70266
50.308072328567505,70266
50.309377908706665,70266
50.31025981903076,70266
50.31114625930786,70266
50.31203055381775,70266
50.313334703445435,70266
50.31421637535095,70266
50.31509709358215,70266
50.31641173362732,70266
50.31729578971863,70266
50.31817841529846,70266
50.31906294822693,70266
50.32036757469177,70266
50.32125377655029,70266
50.32213997840881,70266
50.32302379608154,70266
50.324331760406494,70266
50.3252158164978,70266
50.32610559463501,70266
50.32741332054138,70266
50.32829976081848,70266
50.32918190956116,70266
50.330065965652466,70266
50.331371784210205,70266
50.33225202560425,70266
50.333136320114136,70266
50.3340208530426,70266
50.335325479507446,70266
50.336217641830444,70266
50.337098598480225,70266
50.338404417037964,70266
50.33928847312927,70266
50.340173959732056,70266
50.34105587005615,70266
50.34236168861389,70266
50.343244552612305,70266
50.34412431716919,70266
50.3450071811676,70266
50.34632134437561,70266
50.34720230102539,70266
50.34808325767517,70266
50.34939002990723,70266
50.35027241706848,70266
50.35115456581116,70266
50.352035999298096,70266
50.3533399105072,70266
50.354222774505615,70266
50.35510492324829,70266
50.356419801712036,70266
50.357301235198975,70266
50.35818266868591,70266
50.35906624794006,70266
50.360371828079224,70266
50.36125421524048,70266
50.36213803291321,70266
50.36302161216736,70266
50.3643319606781,70266
50.365214586257935,70266
50.36610436439514,70266
50.36740851402283,70266
50.3682918548584,70266
50.36917543411255,70266
50.370057582855225,70266
50.3713653087616,70266
50.37224745750427,70266
50.373127698898315,70266
50.374011516571045,70266
50.375314474105835,70266
50.376203536987305,70266
50.37708616256714,70266
50.37838816642761,70266
50.379266023635864,70266
50.38014769554138,70266
50.38102865219116,70266
50.38233184814453,70266
50.38321304321289,70266
50.38409376144409,70266
50.3853964805603,70266
50.38629198074341,70266
50.38717865943909,70266
50.38805913925171,70266
50.38936257362366,70266
50.39024353027344,70266
50.39112687110901,70266
50.392008543014526,70266
50.39331412315369,70266
50.39419627189636,70266
50.39507794380188,70266
50.39639186859131,70266
50.397276878356934,70266
50.39815855026245,70266
50.399041175842285,70266
50.400346755981445,70266
50.401228189468384,70266
50.402106523513794,70266
50.40341329574585,70266
50.40429425239563,70266
50.40517592430115,70266
50.40606689453125,70266
50.407371520996094,70266
50.40825271606445,70266
50.409135580062866,70266
50.41001749038696,70266
50.41132044792175,70266
50.41220211982727,70266
50.413084506988525,70266
50.41439127922058,70266
50.41527462005615,70266
50.41616773605347,70266
50.41705060005188,70266
50.41835260391235,70266
50.41923499107361,70266
50.420114040374756,70266
50.42141842842102,70266
50.42230439186096,70266
50.42318844795227,70266
50.42407202720642,70266
50.425376892089844,70266
50.42626667022705,70266
50.42714834213257,70266
50.42803072929382,70266
50.42933678627014,70266
50.430219411849976,70266
50.431097984313965,70266
50.432400703430176,70266
50.43328356742859,70266
50.434165477752686,70266
50.435046672821045,70266
50.43635964393616,70266
50.437241077423096,70266
50.43811917304993,70266
50.4394211769104,70266
50.44030165672302,70266
50.44118356704712,70266
50.442063331604004,70266
50.44337058067322,70266
50.44425106048584,70266
50.445133209228516,70266
50.446024894714355,70266
50.44733262062073,70266
50.44821381568909,70266
50.44909381866455,70266
50.45039916038513,70266
50.45128417015076,70266
50.452168703079224,70266
50.4530553817749,70266
50.454362630844116,70266
50.45524311065674,70266
50.456137895584106,70266
50.457021713256836,70266
50.45832872390747,70266
50.45921182632446,70266
50.460092306137085,70266
50.46139860153198,70266
50.46228218078613,70266
50.463165283203125,70266
50.46404767036438,70266
50.465354681015015,70266
50.46624684333801,70266
50.46713042259216,70266
50.46801471710205,70266
50.469319343566895,70266
50.47020244598389,70266
50.47108435630798,70266
50.472389698028564,70266
50.4732711315155,70266
50.474153995513916,70266
50.47503733634949,70266
50.47635507583618,70266
50.47723865509033,70266
50.4781174659729,70266
50.47941994667053,70266
50.480302572250366,70266
50.481184244155884,70266
50.482064962387085,70266
50.48337006568909,70266
50.48425221443176,70266
50.48513388633728,70266
50.486026763916016,70266
50.48733401298523,70266
50.48821544647217,70266
50.489094972610474,70266
50.49040126800537,70266
50.49128437042236,70266
50.49216961860657,70266
50.49305009841919,70266
50.49435615539551,70266
50.49523615837097,70266
50.49612855911255,70266
50.49701118469238,70266
50.498313665390015,70266
50.49919533729553,70266
50.50007891654968,70266
50.501384019851685,70266
50.50226807594299,70266
50.503156423568726,70266
50.50404119491577,70266
50.50534701347351,70266
50.506237506866455,70266
50.507121562957764,70266
50.508004903793335,70266
50.509307861328125,70266
50.51018691062927,70266
50.51106786727905,70266
50.512370586395264,70266
50.5132520198822,70266
50.51413655281067,70266
50.51502084732056,70266
50.516334533691406,70266
50.517215728759766,70266
50.5180983543396,70266
50.5194034576416,70266
50.52028775215149,70266
50.52117204666138,70266
50.52205491065979,70266
50.523357629776,70266
50.52423930168152,70266
50.52512168884277,70266
50.526020765304565,70266
50.527326345443726,70266
50.528207302093506,70266
50.52908706665039,70266
50.53040289878845,70266
50.53128623962402,70266
50.53217077255249,70266
50.533050537109375,70266
50.53435707092285,70266
50.53523778915405,70266
50.53612518310547,70266
50.537006855010986,70266
50.53830909729004,70266
50.539188623428345,70266
50.54007077217102,70266
50.54137468338013,70266
50.54225730895996,70266
50.54314064979553,70266
50.544025897979736,70266
50.545331716537476,70266
50.546220779418945,70266
50.547099113464355,70266
50.548402547836304,70266
50.54928684234619,70266
50.55016779899597,70266
50.551048278808594,70266
50.5523521900177,70266
50.55323505401611,70266
50.554115772247314,70266
50.55500411987305,70266
50.556318521499634,70266
50.55720114707947,70266
50.5580849647522,70266
50.55939054489136,70266
50.5602707862854,70266
50.5611526966095,70266
50.562036752700806,70266
50.56333923339844,70266
50.56422138214111,70266
50.56510305404663,70266
50.56642198562622,70266
50.56730580329895,70266
50.568185806274414,70266
50.56906580924988,70266
50.57037305831909,70266
50.57125234603882,70266
50.5721321105957,70266
50.57301449775696,70266
50.57431697845459,70266
50.575199127197266,70266
50.57609224319458,70266
50.57739591598511,70266
50.57827401161194,70266
50.579155921936035,70266
50.58003544807434,70266
50.5813410282135,70266
50.582223415374756,70266
50.58310604095459,70266
50.58441114425659,70266
50.58529543876648,70266
50.58618927001953,70266
50.58707284927368,70266
50.58837866783142,70266
50.58926033973694,70266
50.59014368057251,70266
50.59102511405945,70266
50.592329025268555,70266
50.593207359313965,70266
50.59408760070801,70266
50.59539008140564,70266
50.59628081321716,70266
50.597161293029785,70266
50.59804320335388,70266
50.599345207214355,70266
50.60022449493408,70266
50.601104736328125,70266
50.60240626335144,70266
50.60328960418701,70266
50.60417056083679,70266
50.60505294799805,70266
50.60636830329895,70266
50.60724997520447,70266
50.608131885528564,70266
50.60901594161987,70266
50.61032009124756,70266
50.61120367050171,70266
50.61208510398865,70266
50.61338996887207,70266
50.61427187919617,70266
50.615153551101685,70266
50.61604690551758,70266
50.61735129356384,70266
50.6182336807251,70266
50.61911630630493,70266
50.62042307853699,70266
50.62130832672119,70266
50.622190713882446,70266
50.623072147369385,70266
50.62437438964844,70266
50.6252555847168,70266
50.62614941596985,70266
50.62703323364258,70266
50.628337144851685,70266
50.629220962524414,70266
50.63010263442993,70266
50.63140606880188,70266
50.63229179382324,70266
50.63317680358887,70266
50.63405752182007,70266
50.63536095619202,70266
50.63625168800354,70266
50.637131690979004,70266
50.63801336288452,70266
50.63931608200073,70266
50.640199184417725,70266
50.64107918739319,70266
50.64238357543945,70266
50.6432683467865,70266
50.6441535949707,70266
50.64503622055054,70266
50.6463520526886,70266
50.64723467826843,70266
50.64811635017395,70266
50.64942169189453,70266
50.65030646324158,70266
50.65118885040283,70266
50.65206980705261,70266
50.65337085723877,70266
50.65425109863281,70266
50.65512990951538,70266
50.65602421760559,70266
50.657326221466064,70266
50.65820550918579,70266
50.65908694267273,70266
50.6603901386261,70266
50.6612708568573,70266
50.66215491294861,70266
50.66303586959839,70266
50.66433835029602,70266
50.66521978378296,70266
50.66611051559448,70266
50.66741466522217,70266
50.66829872131348,70266
50.669177293777466,70266
50.67005753517151,70266
50.671361684799194,70266
50.672242879867554,70266
50.67312288284302,70266
50.67400598526001,70266
50.675313234329224,70266
50.67620801925659,70266
50.67709183692932,70266
50.6783983707428,70266
50.67928171157837,70266
50.680163860321045,70266
50.68104934692383,70266
50.68235754966736,70266
50.68324089050293,70266
50.68412160873413,70266
50.68500518798828,70266
50.6863226890564,70266
50.68720364570618,70266
50.68808627128601,70266
50.68938994407654,70266
50.690272092819214,70266
50.691155433654785,70266
50.692039012908936,70266
50.693345069885254,70266
50.69422721862793,70266
50.6951060295105,70266
50.6964225769043,70266
50.697304487228394,70266
50.69818687438965,70266
50.69906759262085,70266
50.700369358062744,70266
50.70124912261963,70266
50.70213055610657,70266
50.70301604270935,70266
50.70432114601135,70266
50.70519971847534,70266
50.70609426498413,70266
50.70739793777466,70266
50.70827889442444,70266
50.709163427352905,70266
50.710045337677,70266
50.711349964141846,70266
50.71223211288452,70266
50.713112592697144,70266
50.714418172836304,70266
50.71530103683472,70266
50.71619486808777,70266
50.71708011627197,70266
50.718385219573975,70266
50.719266414642334,70266
50.720149517059326,70266
50.721031188964844,70266
50.72233772277832,70266
50.72322702407837,70266
50.72410440444946,70266
50.72540497779846,70266
50.72629904747009,70266
50.72718000411987,70266
50.72806119918823,70266
50.729368448257446,70266
50.73025107383728,70266
50.73113465309143,70266
50.732017278671265,70266
50.73332357406616,70266
50.73420691490173,70266
50.735087633132935,70266
50.736403465270996,70266
50.73728656768799,70266
50.738168239593506,70266
50.739049434661865,70266
50.74035286903381,70266
50.74123239517212,70266
50.74211263656616,70266
50.7434139251709,70266
50.74429655075073,70266
50.74517893791199,70266
50.746068239212036,70266
50.74737024307251,70266
50.748252391815186,70266
50.74913263320923,70266
50.75001502037048,70266
50.751319885253906,70266
50.75220203399658,70266
50.75308442115784,70266
50.75438642501831,70266
50.75526452064514,70266
50.75615692138672,70266
50.75703978538513,70266
50.75834369659424,70266
50.759222984313965,70266
50.7600998878479,70266
50.761401414871216,70266
50.76228594779968,70266
50.763169288635254,70266
50.76405310630798,70266
50.765358448028564,70266
50.76624894142151,70266
50.76713180541992,70266
50.768014907836914,70266
50.769317388534546,70266
50.7701952457428,70266
50.77107572555542,70266
50.772376537323,70266
50.77325463294983,70266
50.774137020111084,70266
50.77502202987671,70266
50.77633786201477,70266
50.77722120285034,70266
50.778101682662964,70266
50.77940273284912,70266
50.78028464317322,70266
50.78116726875305,70266
50.78204822540283,70266
50.783353090286255,70266
50.78423500061035,70266
50.78511452674866,70266
50.78601026535034,70266
50.78731322288513,70266
50.78820013999939,70266
50.78908181190491,70266
50.79038858413696,70266
50.791269063949585,70266
50.79215049743652,70266
50.793030738830566,70266
50.794331789016724,70266
50.795212268829346,70266
50.79609942436218,70266
50.79740285873413,70266
50.79828429222107,70266
50.79916477203369,70266
50.80004596710205,70266
50.801350116729736,70266
50.80223226547241,70266
50.80311059951782,70266
50.80450916290283,70266
50.80517578125,70266
50.80606651306152,70266
50.80736994743347,70266
50.80825185775757,70266
50.80913162231445,70266
50.8100152015686,70266
50.81131553649902,70266
50.81219553947449,70266
50.8130738735199,70266
50.81437540054321,70266
50.81525373458862,70266
50.816144943237305,70266
50.81702923774719,70266
50.81832933425903,70266
50.81920909881592,70266
50.8200900554657,70266
50.82138919830322,70266
50.82226824760437,70266
50.82314920425415,70266
50.82403302192688,70266
50.825334787368774,70266
50.826221227645874,70266
50.82709980010986,70266
50.82839798927307,70266
50.82927918434143,70266
50.83016085624695,70266
50.831042528152466,70266
50.832345962524414,70266
50.83322334289551,70266
50.83410167694092,70266
50.835405111312866,70266
50.836297035217285,70266
50.83717727661133,70266
50.838056802749634,70266
50.839362382888794,70266
50.840242862701416,70266
50.84112071990967,70266
50.8424186706543,70266
50.84330177307129,70266
50.84418320655823,70266
50.84506368637085,70266
50.84637665748596,70266
50.84725522994995,70266
50.84813475608826,70266
50.84901285171509,70266
50.850311279296875,70266
50.85118770599365,70266
50.85206699371338,70266
50.85336947441101,70266
50.854249715805054,70266
50.855130434036255,70266
50.856022357940674,70266
50.8573260307312,70266
50.858206272125244,70266
50.85908627510071,70266
50.86038613319397,70266
50.86126661300659,70266
50.86214590072632,70266
50.86302590370178,70266
50.86432671546936,70266
50.86520528793335,70266
50.86609649658203,70266
50.86739778518677,70266
50.86827540397644,70266
50.86915707588196,70266
50.870036363601685,70266
50.87134599685669,70266
50.87222647666931,70266
50.87310433387756,70266
50.87440729141235,70266
50.87529110908508,70266
50.87618684768677,70266
50.87706470489502,70266
50.87836933135986,70266
50.87924861907959,70266
50.88013052940369,70266
50.88101315498352,70266
50.88231563568115,70266
50.883198738098145,70266
50.884082078933716,70266
50.8853874206543,70266
50.8862783908844,70266
50.88716268539429,70266
50.88804578781128,70266
50.88934826850891,70266
50.89023160934448,70266
50.89159870147705,70266
50.89207220077515,70266
50.8933801651001,70266
50.894264221191406,70266
50.89514660835266,70266
50.8960394859314,70266
50.89734148979187,70266
50.89821910858154,70266
50.899099349975586,70266
50.90040063858032,70266
50.90128231048584,70266
50.90216279029846,70266
50.903043031692505,70266
50.90434551239014,70266
50.90522384643555,70266
50.9061119556427,70266
50.90741515159607,70266
50.908313274383545,70266
50.90919351577759,70266
50.91007351875305,70266
50.911375284194946,70266
50.91225457191467,70266
50.91313624382019,70266
50.91401720046997,70266
50.915321350097656,70266
50.91621017456055,70266
50.917091846466064,70266
50.91839647293091,70266
50.91928029060364,70266
50.92016339302063,70266
50.92104506492615,70266
50.922346115112305,70266
50.92322754859924,70266
50.92411947250366,70266
50.92500686645508,70266
50.92632341384888,70266
50.927204608917236,70266
50.92809772491455,70266
50.92940330505371,70266
50.930285930633545,70266
50.93116998672485,70266
50.932063817977905,70266
50.933369398117065,70266
50.9342520236969,70266
50.93513298034668,70266
50.93602681159973,70266
50.937331676483154,70266
50.938212394714355,70266
50.93909215927124,70266
50.940396547317505,70266
50.94128203392029,70266
50.942166805267334,70266
50.94305109977722,70266
50.94435501098633,70266
50.945237159729004,70266
50.94612669944763,70266
50.94701147079468,70266
50.94831562042236,70266
50.9491970539093,70266
50.950079917907715,70266
50.951382875442505,70266
50.9522659778595,70266
50.953147888183594,70266
50.954030990600586,70266
50.95533847808838,70266
50.95622801780701,70266
50.95710802078247,70266
50.95827627182007,70266
50.959115743637085,70266
50.960736989974976,70266
50.96157193183899,70266
50.962408781051636,70266
50.96324825286865,70266
50.96408677101135,70266
50.96571755409241,70266
50.966548204422,70266
50.96738815307617,70266
50.968228340148926,70266
50.969061851501465,70266
50.97067093849182,70266
50.97151017189026,70266
50.97234654426575,70266
50.97318720817566,70266
50.97402215003967,70266
50.975637435913086,70266
50.97648477554321,70266
50.977317810058594,70266
50.97816181182861,70266
50.97978210449219,70266
50.980613470077515,70266
50.98145246505737,70266
50.98228979110718,70266
50.98313045501709,70266
50.98474740982056,70266
50.985578298568726,70266
50.98642539978027,70266
50.98726677894592,70266
50.9881055355072,70266
50.98972678184509,70266
50.990556716918945,70266
50.991394996643066,70266
50.99223756790161,70266
50.993072748184204,70266
50.994694232940674,70266
50.99552321434021,70266
50.996373891830444,70266
50.99721145629883,70266
50.99804496765137,70266
50.99966049194336,70266
51.000497341156006,70266
51.00133299827576,70266
51.00217390060425,70266
51.003005266189575,70266
51.00462508201599,70266
51.00546336174011,70266
51.006309270858765,70266
51.00714874267578,70266
51.00877094268799,70266
51.009602308273315,70266
51.01043629646301,70266
51.01127600669861,70266
51.01211500167847,70266
51.013742446899414,70266
51.014568567276,70266
51.015408754348755,70266
51.016258239746094,70266
51.01709294319153,70266
51.01871466636658,70266
51.01954913139343,70266
51.02038502693176,70266
51.02122664451599,70266
51.022061586380005,70266
51.02368235588074,70266
51.02451705932617,70266
51.02535533905029,70266
51.02620339393616,70266
51.02703595161438,70266
51.02865529060364,70266
51.02949142456055,70266
51.030330419540405,70266
51.03117275238037,70266
51.03279376029968,70266
51.03362441062927,70266
51.03446292877197,70266
51.03530168533325,70266
51.03614616394043,70266
51.037771224975586,70266
51.038599729537964,70266
51.03943634033203,70266
51.04027605056763,70266
51.04111576080322,70266
51.04273009300232,70266
51.043561697006226,70266
51.0444016456604,70266
51.04524254798889,70266
51.04608941078186,70266
51.04771161079407,70266
51.04854416847229,70266
51.049381256103516,70266
51.05022072792053,70266
51.051055669784546,70266
51.05268359184265,70266
51.053513526916504,70266
51.05435228347778,70266
51.055193185806274,70266
51.05603313446045,70266
51.057650327682495,70266
51.05850124359131,70266
51.05936670303345,70266
51.06022071838379,70266
51.061086654663086,70266
51.06276345252991,70266
51.06362009048462,70266
51.06448459625244,70266
51.06535267829895,70266
51.06623148918152,70266
51.067097663879395,70266
51.068777561187744,70266
51.06963658332825,70266
51.07050085067749,70266
51.0713677406311,70266
51.072232723236084,70266
51.0730984210968,70266
51.07477617263794,70266
51.075634241104126,70266
51.07650852203369,70266
51.077372550964355,70266
51.07823920249939,70266
51.079105854034424,70266
51.08078694343567,70266
51.08164644241333,70266
51.08251619338989,70266
51.08338260650635,70266
51.08424782752991,70266
51.08511304855347,70266
51.08679962158203,70266
51.08765912055969,70266
51.08852481842041,70266
51.08939075469971,70266
51.09025764465332,70266
51.09112334251404,70266
51.09280300140381,70266
51.0936598777771,70266
51.09452772140503,70266
51.09539318084717,70266
51.09626603126526,70266
51.097132444381714,70266
51.09881043434143,70266
51.099669456481934,70266
51.100534439086914,70266
51.101401805877686,70266
51.10226774215698,70266
51.10313177108765,70266
51.10480737686157,70266
51.10566473007202,70266
51.10653734207153,70266
51.10740518569946,70266
51.10827159881592,70266
51.10913896560669,70266
51.11081314086914,70266
51.11167120933533,70266
51.112539529800415,70266
51.11340355873108,70266
51.11427021026611,70266
51.11513543128967,70266
51.11600947380066,70266
51.117653369903564,70266
51.118518352508545,70266
51.11938500404358,70266
51.120250940322876,70266
51.12111949920654,70266
51.12280225753784,70266
51.12366223335266,70266
51.124529123306274,70266
51.125393867492676,70266
51.1262686252594,70266
51.12713122367859,70266
51.12880778312683,70266
51.12966513633728,70266
51.13052797317505,70266
51.131393909454346,70266
51.13225722312927,70266
51.13312101364136,70266
51.134798526763916,70266
51.13565754890442,70266
51.136531829833984,70266
51.13739633560181,70266
51.13826370239258,70266
51.13913106918335,70266
51.140809297561646,70266
51.141666889190674,70266
51.14253091812134,70266
51.14339756965637,70266
51.14426279067993,70266
51.1451301574707,70266
51.14600586891174,70266
51.14764761924744,70266
51.14851117134094,70266
51.14937710762024,70266
51.15024185180664,70266
51.151105642318726,70266
51.15278482437134,70266
51.1536431312561,70266
51.15450668334961,70266
51.15537190437317,70266
51.15625047683716,70266
51.15711688995361,70266
51.15879559516907,70266
51.15965414047241,70266
51.16052055358887,70266
51.16138696670532,70266
51.16225218772888,70266
51.16311764717102,70266
51.16479301452637,70266
51.165650367736816,70266
51.16652512550354,70266
51.16738939285278,70266
51.16825461387634,70266
51.16912341117859,70266
51.17080211639404,70266
51.17166233062744,70266
51.172528982162476,70266
51.17339515686035,70266
51.174262285232544,70266
51.175130128860474,70266
51.17681550979614,70266
51.17768168449402,70266
51.17854022979736,70266
51.179407835006714,70266
51.180275440216064,70266
51.18114352226257,70266
51.182013750076294,70266
51.18366003036499,70266
51.18452787399292,70266
51.185394525527954,70266
51.18627119064331,70266
51.18713855743408,70266
51.18881678581238,70266
51.18967962265015,70266
51.19053936004639,70266
51.19140148162842,70266
51.19226789474487,70266
51.1931357383728,70266
51.19481062889099,70266
51.195669651031494,70266
51.19654202461243,70266
51.197407722473145,70266
51.19827175140381,70266
51.199138164520264,70266
51.200814723968506,70266
51.201672077178955,70266
51.202539682388306,70266
51.2034068107605,70266
51.204272747039795,70266
51.20513939857483,70266
51.206013679504395,70266
51.20765686035156,70266
51.208521604537964,70266
51.209386587142944,70266
51.210251569747925,70266
51.2111177444458,70266
51.212796211242676,70266
51.213655948638916,70266
51.214519739151,70266
51.215386629104614,70266
51.216262340545654,70266
51.217130184173584,70266
51.21880912780762,70266
51.219666481018066,70266
51.220532178878784,70266
51.22139644622803,70266
51.22226333618164,70266
51.22313165664673,70266
51.22480773925781,70266
51.22566628456116,70266
51.2265408039093,70266
51.22741198539734,70266
51.22827672958374,70266
51.229145526885986,70266
51.230010986328125,70266
51.23165512084961,70266
51.23251748085022,70266
51.23338174819946,70266
51.23424696922302,70266
51.23511219024658,70266
51.236796379089355,70266
51.2376549243927,70266
51.23851990699768,70266
51.23938727378845,70266
51.24025106430054,70266
51.241119146347046,70266
51.24279713630676,70266
51.243656635284424,70266
51.2445228099823,70266
51.24538779258728,70266
51.24626660346985,70266
51.24713206291199,70266
51.24880790710449,70266
51.24966597557068,70266
51.25053119659424,70266
51.251397132873535,70266
51.25226426124573,70266
51.25312900543213,70266
51.254804849624634,70266
51.25566124916077,70266
51.256535053253174,70266
51.25739860534668,70266
51.25826334953308,70266
51.259132385253906,70266
51.26080870628357,70266
51.26166868209839,70266
51.26253390312195,70266
51.26339888572693,70266
51.26426458358765,70266
51.26513314247131,70266
51.26600933074951,70266
51.26765298843384,70266
51.26851749420166,70266
51.26938343048096,70266
51.270249128341675,70266
51.27111554145813,70266
51.27279496192932,70266
51.273653507232666,70266
51.27451729774475,70266
51.27538514137268,70266
51.27626085281372,70266
51.27712917327881,70266
51.278807401657104,70266
51.2796676158905,70266
51.280532121658325,70266
51.28139615058899,70266
51.282262325286865,70266
51.28313112258911,70266
51.284806966781616,70266
51.285664319992065,70266
51.28653860092163,70266
51.28740382194519,70266
51.28827261924744,70266
51.289135694503784,70266
51.290810108184814,70266
51.29166626930237,70266
51.292529821395874,70266
51.29339575767517,70266
51.29426121711731,70266
51.29512810707092,70266
51.29681158065796,70266
51.29767036437988,70266
51.2985360622406,70266
51.29940104484558,70266
51.30026698112488,70266
51.30113387107849,70266
51.302809715270996,70266
51.30366563796997,70266
51.304527282714844,70266
51.30539107322693,70266
51.306267499923706,70266
51.30713415145874,70266
51.308809995651245,70266
51.30966806411743,70266
51.310532093048096,70266
51.31139826774597,70266
51.31226086616516,70266
51.31312966346741,70266
51.31481099128723,70266
51.31567049026489,70266
51.31654667854309,70266
51.317413330078125,70266
51.318278074264526,70266
51.31914305686951,70266
51.32000684738159,70266
51.32165479660034,70266
51.322519302368164,70266
51.32338833808899,70266
51.32425665855408,70266
51.32512354850769,70266
51.326810121536255,70266
51.32766795158386,70266
51.32853150367737,70266
51.32940125465393,70266
51.33026719093323,70266
51.331132888793945,70266
51.33280825614929,70266
51.33366680145264,70266
51.33453178405762,70266
51.33539605140686,70266
51.33627009391785,70266
51.33713698387146,70266
51.33881378173828,70266
51.339680671691895,70266
51.3405385017395,70266
51.34140658378601,70266
51.34227418899536,70266
51.3431396484375,70266
51.344008922576904,70266
51.34565544128418,70266
51.34653043746948,70266
51.34739851951599,70266
51.34826397895813,70266
51.34913110733032,70266
51.350809812545776,70266
51.351667642593384,70266
51.35253643989563,70266
51.35340189933777,70266
51.35427236557007,70266
51.355140209198,70266
51.35601544380188,70266
51.357659578323364,70266
51.35852599143982,70266
51.35939002037048,70266
51.36025667190552,70266
51.36112332344055,70266
51.36280369758606,70266
51.36366391181946,70266
51.364530086517334,70266
51.365397930145264,70266
51.3662748336792,70266
51.36714053153992,70266
51.36800813674927,70266
51.36965370178223,70266
51.370519399642944,70266
51.37138509750366,70266
51.37225151062012,70266
51.37311553955078,70266
51.37479066848755,70266
51.37565064430237,70266
51.37652659416199,70266
51.37739157676697,70266
51.37825870513916,70266
51.37912368774414,70266
51.380805253982544,70266
51.38166284561157,70266
51.382529735565186,70266
51.38339805603027,70266
51.38426470756531,70266
51.385133266448975,70266
51.38600778579712,70266
51.38765358924866,70266
51.3885178565979,70266
51.389381647109985,70266
51.39024806022644,70266
51.39111304283142,70266
51.39278769493103,70266
51.393643617630005,70266
51.39450812339783,70266
51.39537763595581,70266
51.396257638931274,70266
51.39712476730347,70266
51.398802042007446,70266
51.399659156799316,70266
51.40052366256714,70266
51.40139102935791,70266
51.40225672721863,70266
51.40312385559082,70266
51.40480279922485,70266
51.40565800666809,70266
51.40653038024902,70266
51.40739679336548,70266
51.40826225280762,70266
51.409130811691284,70266
51.41080594062805,70266
51.41166067123413,70266
51.41252660751343,70266
51.41339445114136,70266
51.41426086425781,70266
51.41512584686279,70266
51.416813135147095,70266
51.4176721572876,70266
51.41853976249695,70266
51.4194061756134,70266
51.420271158218384,70266
51.42113924026489,70266
51.42281460762024,70266
51.423678398132324,70266
51.42453670501709,70266
51.42540144920349,70266
51.42627787590027,70266
51.427144050598145,70266
51.42801094055176,70266
51.42965626716614,70266
51.430519104003906,70266
51.43138766288757,70266
51.43225169181824,70266
51.4331157207489,70266
51.4347939491272,70266
51.435652017593384,70266
51.436524629592896,70266
51.43739175796509,70266
51.43825674057007,70266
51.4391233921051,70266
51.440800189971924,70266
51.44166040420532,70266
51.442524433135986,70266
51.44338893890381,70266
51.444252014160156,70266
51.445122718811035,70266
51.44680857658386,70266
51.447667837142944,70266
51.44853091239929,70266
51.44939684867859,70266
51.450265645980835,70266
51.451133251190186,70266
51.45281100273132,70266
51.45366954803467,70266
51.45453190803528,70266
51.45539832115173,70266
51.45627284049988,70266
51.45713782310486,70266
51.458816051483154,70266
51.45967984199524,70266
51.46054029464722,70266
51.46140432357788,70266
51.46227264404297,70266
51.463139295578,70266
51.4648175239563,70266
51.46569037437439,70266
51.466551303863525,70266
51.46741843223572,70266
51.46828293800354,70266
51.46914577484131,70266
51.47001075744629,70266
51.471651554107666,70266
51.47251605987549,70266
51.47338342666626,70266
51.47424864768982,70266
51.475114822387695,70266
51.47680115699768,70266
51.477662086486816,70266
51.47852873802185,70266
51.47939348220825,70266
51.48026156425476,70266
51.481128454208374,70266
51.48280692100525,70266
51.4836642742157,70266
51.48452830314636,70266
51.485392570495605,70266
51.48626899719238,70266
51.487133264541626,70266
51.48881244659424,70266
51.48966932296753,70266
51.49053645133972,70266
51.49140238761902,70266
51.49226474761963,70266
51.493133783340454,70266
51.49481177330017,70266
51.49567008018494,70266
51.49654507637024,70266
51.4974102973938,70266
51.49827837944031,70266
51.49914574623108,70266
51.5000102519989,70266
51.50165772438049,70266
51.502519607543945,70266
51.503387451171875,70266
51.5042507648468,70266
51.505117893218994,70266
51.50680708885193,70266
51.507665157318115,70266
51.508530378341675,70266
51.50939321517944,70266
51.510258436203,70266
51.51112723350525,70266
51.51280236244202,70266
51.513662338256836,70266
51.51452660560608,70266
51.51539063453674,70266
51.51626682281494,70266
51.51713442802429,70266
51.5188090801239,70266
51.519667625427246,70266
51.52053189277649,70266
51.521400451660156,70266
51.52226781845093,70266
51.523133277893066,70266
51.52481389045715,70266
51.52568745613098,70266
51.52655029296875,70266
51.52741742134094,70266
51.52828407287598,70266
51.52915072441101,70266
51.53001880645752,70266
51.531658411026,70266
51.53252720832825,70266
51.533390283584595,70266
51.534257888793945,70266
51.53512406349182,70266
51.53680968284607,70266
51.53766870498657,70266
51.538536071777344,70266
51.53940296173096,70266
51.540271520614624,70266
51.54113793373108,70266
51.54281759262085,70266
51.54368352890015,70266
51.54454183578491,70266
51.54540538787842,70266
51.54628133773804,70266
51.54714894294739,70266
51.548017501831055,70266
51.54965806007385,70266
51.55052351951599,70266
51.55138969421387,70266
51.55225205421448,70266
51.55311942100525,70266
51.55479598045349,70266
51.555654764175415,70266
51.55652856826782,70266
51.55739426612854,70266
51.55826163291931,70266
51.55912637710571,70266
51.56080603599548,70266
51.561665534973145,70266
51.56253004074097,70266
51.56340408325195,70266
51.56426930427551,70266
51.565136432647705,70266
51.56600999832153,70266
51.567655086517334,70266
51.56852173805237,70266
51.56938457489014,70266
51.57025146484375,70266
51.57111835479736,70266
51.57279896736145,70266
51.57365894317627,70266
51.57452440261841,70266
51.5753915309906,70266
51.57626962661743,70266
51.57713556289673,70266
51.57881021499634,70266
51.57966899871826,70266
51.58053135871887,70266
51.58139777183533,70266
51.5822639465332,70266
51.583130836486816,70266
51.58480906486511,70266
51.58566665649414,70266
51.586543798446655,70266
51.587409257888794,70266
51.58827829360962,70266
51.589144229888916,70266
51.590012550354004,70266
51.59165573120117,70266
51.59251952171326,70266
51.59338927268982,70266
51.59425473213196,70266
51.59511971473694,70266
51.59680461883545,70266
51.597660541534424,70266
51.59852695465088,70266
51.5993914604187,70266
51.600258111953735,70266
51.6011278629303,70266
51.60280203819275,70266
51.60366225242615,70266
51.604525327682495,70266
51.60539150238037,70266
51.60627341270447,70266
51.607139587402344,70266
51.6080060005188,70266
51.60965371131897,70266
51.610519886016846,70266
51.61138582229614,70266
51.6122510433197,70266
51.613115072250366,70266
51.61479473114014,70266
51.61565184593201,70266
51.61653113365173,70266
51.61739993095398,70266
51.61826467514038,70266
51.61912941932678,70266
51.62080430984497,70266
51.62166380882263,70266
51.622530698776245,70266
51.623396158218384,70266
51.6242618560791,70266
51.62512707710266,70266
51.62681031227112,70266
51.62766933441162,70266
51.628535985946655,70266
51.629400968551636,70266
51.630268573760986,70266
51.63113260269165,70266
51.63280916213989,70266
51.63366723060608,70266
51.63453412055969,70266
51.635401010513306,70266
51.63627529144287,70266
51.63714122772217,70266
51.63800811767578,70266
51.63965177536011,70266
51.640517711639404,70266
51.641382455825806,70266
51.6422483921051,70266
51.643115520477295,70266
51.64479470252991,70266
51.64565443992615,70266
51.646525621414185,70266
51.64739179611206,70266
51.64825463294983,70266
51.64911890029907,70266
51.650800943374634,70266
51.65165710449219,70266
51.652525663375854,70266
51.65339374542236,70266
51.654260873794556,70266
51.65512752532959,70266
51.65681505203247,70266
51.65768051147461,70266
51.65854072570801,70266
51.65940570831299,70266
51.66027212142944,70266
51.661141872406006,70266
51.662007093429565,70266
51.663658142089844,70266
51.664525270462036,70266
51.66539001464844,70266
51.66626834869385,70266
51.6671347618103,70266
51.66881275177002,70266
51.669668436050415,70266
51.67053198814392,70266
51.67139768600464,70266
51.67226195335388,70266
51.67313051223755,70266
51.67480754852295,70266
51.675665616989136,70266
51.67654204368591,70266
51.677409648895264,70266
51.67827606201172,70266
51.67914271354675,70266
51.68001055717468,70266
51.68165183067322,70266
51.68251657485962,70266
51.68338227272034,70266
51.684247970581055,70266
51.68511390686035,70266
51.686803579330444,70266
51.68766164779663,70266
51.688525915145874,70266
51.68939566612244,70266
51.69026231765747,70266
51.69113302230835,70266
51.692808389663696,70266
51.69366526603699,70266
51.694531202316284,70266
51.695396423339844,70266
51.69627285003662,70266
51.697136640548706,70266
51.69881081581116,70266
51.6996693611145,70266
51.700533866882324,70266
51.70140075683594,70266
51.7022659778595,70266
51.70313096046448,70266
51.704808950424194,70266
51.705666065216064,70266
51.706541538238525,70266
51.70740747451782,70266
51.70827794075012,70266
51.70914578437805,70266
51.710012435913086,70266
51.711660385131836,70266
51.71252489089966,70266
51.71338891983032,70266
51.7142550945282,70266
51.7151255607605,70266
51.71681237220764,70266
51.717679023742676,70266
51.718533992767334,70266
51.719398975372314,70266
51.72026562690735,70266
51.721134662628174,70266
51.722811222076416,70266
51.72367024421692,70266
51.724534034729004,70266
51.72539973258972,70266
51.726276874542236,70266
51.7271454334259,70266
51.72801351547241,70266
51.72965335845947,70266
51.73051571846008,70266
51.731385469436646,70266
51.73225212097168,70266
51.73312020301819,70266
51.73480153083801,70266
51.73566126823425,70266
51.73653197288513,70266
51.73739790916443,70266
51.738266706466675,70266
51.739134073257446,70266
51.74081230163574,70266
51.74167084693909,70266
51.74253606796265,70266
51.74340295791626,70266
51.7442672252655,70266
51.74513602256775,70266
51.74601435661316,70266
51.747655153274536,70266
51.7485191822052,70266
51.74938178062439,70266
51.75024962425232,70266
51.75111794471741,70266
51.752793312072754,70266
51.753650188446045,70266
51.754512310028076,70266
51.755377769470215,70266
51.756250858306885,70266
51.75711679458618,70266
51.75879430770874,70266
51.759652853012085,70266
51.7605185508728,70266
51.76138401031494,70266
51.762247800827026,70266
51.76311445236206,70266
51.76479387283325,70266
51.765650510787964,70266
51.76652431488037,70266
51.76738739013672,70266
51.76825761795044,70266
51.76912260055542,70266
51.77080178260803,70266
51.77165961265564,70266
51.772525787353516,70266
51.773390769958496,70266
51.774256467819214,70266
51.77512240409851,70266
51.776808977127075,70266
51.777668714523315,70266
51.778533935546875,70266
51.77940225601196,70266
51.780264139175415,70266
51.78113055229187,70266
51.782806396484375,70266
51.783663749694824,70266
51.78453016281128,70266
51.78539490699768,70266
51.78627109527588,70266
51.78713798522949,70266
51.78882074356079,70266
51.78968405723572,70266
51.790541887283325,70266
51.79140853881836,70266
51.792274475097656,70266
51.79314064979553,70266
51.79400658607483,70266
51.795653343200684,70266
51.796525716781616,70266
51.7973895072937,70266
51.79825568199158,70266
51.79912281036377,70266
51.80079674720764,70266
51.801656007766724,70266
51.80252242088318,70266
51.80338978767395,70266
51.80425453186035,70266
51.80512547492981,70266
51.806809425354004,70266
51.807669162750244,70266
51.80853629112244,70266
51.809401750564575,70266
51.8102662563324,70266
51.81113290786743,70266
51.812814712524414,70266
51.81367111206055,70266
51.81453800201416,70266
51.81540107727051,70266
51.81627798080444,70266
51.817142724990845,70266
51.81801176071167,70266
51.81965160369873,70266
51.8205201625824,70266
51.82138466835022,70266
51.82225298881531,70266
51.823119163513184,70266
51.82479929924011,70266
51.825655698776245,70266
51.82652974128723,70266
51.82739496231079,70266
51.828258991241455,70266
51.82912588119507,70266
51.83080506324768,70266
51.83166217803955,70266
51.83252501487732,70266
51.83339476585388,70266
51.83425998687744,70266
51.835127115249634,70266
51.8368136882782,70266
51.83768081665039,70266
51.83853816986084,70266
51.83940505981445,70266
51.84027290344238,70266
51.84033703804016,70266
