Time,Objective value
0.0016045570373535156,6872
0.0016105175018310547,6872
0.002525806427001953,6872
0.0037920475006103516,6602
0.004708528518676758,6602
0.005635976791381836,6602
0.006550312042236328,6602
0.007464408874511719,6602
0.008376598358154297,6602
0.009470224380493164,6602
0.010869026184082031,6594
0.012131452560424805,6594
0.013547897338867188,6594
0.014460325241088867,6594
0.015857934951782227,6594
0.01725625991821289,6594
0.018178701400756836,6594
0.019095182418823242,6594
0.02001023292541504,6594
0.021092891693115234,6594
0.02201247215270996,6594
0.02325725555419922,6594
0.024192333221435547,6594
0.02544236183166504,6594
0.026357173919677734,6594
0.02761387825012207,6594
0.028527259826660156,6594
0.029770612716674805,6594
0.031171083450317383,6594
0.03242635726928711,6594
0.03333544731140137,6594
0.0345921516418457,6594
0.03550457954406738,6594
0.03641223907470703,6594
0.03749227523803711,6594
0.03841447830200195,6594
0.03931879997253418,6594
0.04022836685180664,6594
0.041141510009765625,6594
0.04222607612609863,6594
0.0436396598815918,6594
0.044902801513671875,6594
0.04615211486816406,6594
0.0474092960357666,6594
0.0483250617980957,6594
0.049573659896850586,6594
0.05048799514770508,6594
0.05156755447387695,6594
0.05247759819030762,6594
0.0538938045501709,6594
0.055147647857666016,6594
0.05623769760131836,6594
0.057151079177856445,6594
0.05839681625366211,6594
0.059307098388671875,6594
0.06057167053222656,6594
0.06181478500366211,6594
0.06305766105651855,6594
0.06398272514343262,6594
0.06522846221923828,6594
0.06632423400878906,6594
0.06741189956665039,6594
0.06865859031677246,6594
0.06957077980041504,6594
0.07048201560974121,6594
0.0717322826385498,6594
0.07264852523803711,6594
0.07373762130737305,6594
0.07513618469238281,6594
0.07621526718139648,6594
0.07713770866394043,6594
0.07805705070495605,6594
0.0789792537689209,6594
0.08038210868835449,6594
0.08146524429321289,6594
0.0823826789855957,6594
0.08331489562988281,6594
0.08441638946533203,6594
0.08567452430725098,6594
0.08707618713378906,6594
0.08831977844238281,6594
0.08925747871398926,6594
0.09017491340637207,6594
0.09125328063964844,6594
0.09218549728393555,6594
0.09326791763305664,6594
0.09418988227844238,6594
0.09511423110961914,6594
0.09603667259216309,6594
0.09744620323181152,6594
0.09868955612182617,6594
0.09978222846984863,6594
0.10069394111633301,6594
0.10160636901855469,6594
0.10300040245056152,6594
0.10410261154174805,6594
0.10535311698913574,6594
0.10660243034362793,6594
0.10784435272216797,6594
0.10875344276428223,6594
0.10967206954956055,6594
0.1109151840209961,6594
0.11183047294616699,6594
0.11308622360229492,6594
0.11434650421142578,6594
0.11524724960327148,6594
0.11616110801696777,6594
0.11707639694213867,6594
0.11799168586730957,6594
0.11925148963928223,6594
0.12065386772155762,6594
0.12157320976257324,6594
0.12248373031616211,6594
0.12340664863586426,6594
0.12431788444519043,6594
0.12558293342590332,6594
0.12649941444396973,6594
0.12773966789245605,6594
0.12897896766662598,6594
0.13022112846374512,6594
0.13115191459655762,6594
0.1323988437652588,6594
0.13331127166748047,6594
0.13423728942871094,6594
0.13531756401062012,6594
0.13672924041748047,6594
0.13763999938964844,6594
0.1390378475189209,6594
0.14011716842651367,6594
0.14136171340942383,6594
0.14226412773132324,6594
0.14319443702697754,6594
0.14411282539367676,6594
0.14502620697021484,6594
0.14593887329101562,6594
0.14702153205871582,6594
0.1479337215423584,6594
0.1488635540008545,6594
0.14977407455444336,6594
0.15069127082824707,6594
0.15194082260131836,6594
0.15318799018859863,6594
0.15459942817687988,6594
0.15550613403320312,6594
0.1564173698425293,6594
0.15732288360595703,6594
0.15840840339660645,6594
0.15964770317077637,6594
0.16072630882263184,6594
0.16164326667785645,6594
0.16307592391967773,6594
0.16401386260986328,6594
0.16492891311645508,6594
0.16583633422851562,6594
0.1667482852935791,6594
0.1676642894744873,6594
0.1685807704925537,6594
0.16982412338256836,6594
0.17090415954589844,6594
0.17198419570922852,6594
0.1728968620300293,6594
0.1741476058959961,6594
0.17507719993591309,6594
0.17631936073303223,6594
0.17722868919372559,6594
0.17864584922790527,6594
0.1795494556427002,6594
0.1807868480682373,6594
0.18169784545898438,6594
0.18261027336120605,6594
0.18352365493774414,6594
0.18460440635681152,6594
0.18584179878234863,6594
0.18675541877746582,6594
0.18765926361083984,6594
0.1885685920715332,6594
0.18980884552001953,6594
0.1907193660736084,6594
0.19196105003356934,6594
0.19287586212158203,6594
0.19396328926086426,6594
0.1952059268951416,6594
0.19660639762878418,6594
0.19768476486206055,6594
0.19892311096191406,6594
0.20000314712524414,6594
0.20090818405151367,6594
0.2018136978149414,6594
0.2027263641357422,6594
0.2038099765777588,6594
0.20472311973571777,6594
0.2056269645690918,6594
0.20688414573669434,6594
0.2081294059753418,6594
0.20937633514404297,6594
0.210615873336792,6594
0.21186470985412598,6594
0.21278119087219238,6594
0.2137002944946289,6594
0.21461772918701172,6594
0.2156996726989746,6594
0.21660804748535156,6594
0.21786260604858398,6594
0.2187802791595459,6594
0.2198622226715088,6594
0.22097325325012207,6594
0.2223818302154541,6594
0.22328615188598633,6594
0.22421979904174805,6594
0.22513818740844727,6594
0.22605419158935547,6594
0.22698640823364258,6594
0.22794437408447266,6594
0.2293851375579834,6594
0.23028969764709473,6594
0.23120474815368652,6594
0.23261690139770508,6594
0.2338719367980957,6594
0.23478293418884277,6594
0.2360374927520752,6594
0.2372877597808838,6594
0.23837900161743164,6594
0.23928046226501465,6594
0.2405261993408203,6594
0.24193549156188965,6594
0.24285554885864258,6594
0.2442624568939209,6594
0.24518704414367676,6594
0.24626612663269043,6594
0.24735140800476074,6594
0.24859213829040527,6594
0.24967288970947266,6594
0.25058698654174805,6594
0.2514944076538086,6594
0.2525765895843506,6594
0.25367021560668945,6594
0.25507140159606934,6594
0.25599145889282227,6594
0.2569005489349365,6594
0.25813961029052734,6594
0.2590513229370117,6594
0.2604508399963379,6594
0.2613658905029297,6594
0.26226329803466797,6594
0.26319289207458496,6594
0.2642807960510254,6594
0.2651958465576172,6594
0.26644134521484375,6594
0.2678365707397461,6594
0.2687656879425049,6594
0.2700068950653076,6594
0.2709200382232666,6594
0.27216219902038574,6594
0.2730681896209717,6594
0.2739877700805664,6594
0.274899959564209,6594
0.27597928047180176,6594
0.2768878936767578,6594
0.27779626846313477,6594
0.2790372371673584,6594
0.2802767753601074,6594
0.28119468688964844,6594
0.2825942039489746,6594
0.28350830078125,6594
0.28474998474121094,6594
0.2856636047363281,6594
0.2865746021270752,6594
0.2874870300292969,6594
0.2883925437927246,6594
0.28963327407836914,6594
0.29087305068969727,6594
0.2921140193939209,6594
0.293027400970459,6594
0.29444193840026855,6594
0.29584574699401855,6594
0.2967569828033447,6594
0.29767417907714844,6594
0.2985823154449463,6594
0.29949283599853516,6594
0.30073118209838867,6594
0.3019685745239258,6594
0.3032114505767822,6594
0.30413055419921875,6594
0.30553388595581055,6594
0.30677199363708496,6594
0.3080146312713623,6594
0.30892109870910645,6594
0.3103187084197998,6594
0.3117213249206543,6594
0.3129613399505615,6594
0.31421375274658203,6594
0.3151264190673828,6594
0.3165280818939209,6594
0.31776881217956543,6594
0.3186771869659424,6594
0.3195829391479492,6594
0.32050037384033203,6594
0.3214070796966553,6594
0.3226444721221924,6594
0.3235633373260498,6594
0.32496070861816406,6594
0.32587361335754395,6594
0.32711338996887207,6594
0.32802534103393555,6594
0.3291049003601074,6594
0.3305065631866455,6594
0.33141350746154785,6594
0.3326563835144043,6594
0.33390307426452637,6594
0.33481788635253906,6594
0.33589887619018555,6594
0.3372936248779297,6594
0.33820295333862305,6594
0.3391091823577881,6594
0.34035491943359375,6594
0.3414340019226074,6594
0.34233760833740234,6594
0.34374570846557617,6594
0.3449866771697998,6594
0.3460698127746582,6594
0.34731292724609375,6594
0.3485574722290039,6594
0.34979677200317383,6594
0.3510396480560303,6594
0.35243988037109375,6594
0.35352540016174316,6594
0.3544340133666992,6594
0.35567426681518555,6594
0.3569161891937256,6594
0.35831308364868164,6594
0.359560489654541,6594
0.36079931259155273,6594
0.36171555519104004,6594
0.36295533180236816,6594
0.3640437126159668,6594
0.36512303352355957,6594
0.36603403091430664,6594
0.3669459819793701,6594
0.36786437034606934,6594
0.3692610263824463,6594
0.3703465461730957,6594
0.3712491989135742,6594
0.37249326705932617,6594
0.37341785430908203,6594
0.37432384490966797,6594
0.37523531913757324,6594
0.37614989280700684,6594
0.3770601749420166,6594
0.377976655960083,6594
0.37921905517578125,6594
0.3801288604736328,6594
0.3815324306488037,6594
0.38277101516723633,6594
0.3840198516845703,6594
0.3854248523712158,6594
0.3865048885345459,6594
0.38741278648376465,6594
0.38880395889282227,6594
0.3900434970855713,6594
0.390960693359375,6594
0.39203882217407227,6594
0.3932797908782959,6594
0.39420032501220703,6594
0.3951132297515869,6594
0.3963582515716553,6594
0.3972623348236084,6594
0.39817142486572266,6594
0.39925146102905273,6594
0.4004974365234375,6594
0.40140700340270996,6594
0.4026453495025635,6594
0.40404748916625977,6594
0.4049665927886963,6594
0.4058723449707031,6594
0.4067838191986084,6594
0.40769147872924805,6594
0.4090850353240967,6594
0.4100029468536377,6594
0.4112415313720703,6594
0.4121549129486084,6594
0.4134101867675781,6594
0.414808988571167,6594
0.41571807861328125,6594
0.4166228771209717,6594
0.41753149032592773,6594
0.41844773292541504,6594
0.41968846321105957,6594
0.4209263324737549,6594
0.4218406677246094,6594
0.42291927337646484,6594
0.42417001724243164,6594
0.4254140853881836,6594
0.4263191223144531,6594
0.4275670051574707,6594
0.42880678176879883,6594
0.4300496578216553,6594
0.431293249130249,6594
0.4325411319732666,6594
0.4337880611419678,6594
0.4347052574157715,6594
0.4356114864349365,6594
0.4365231990814209,6594
0.4374353885650635,6594
0.4386744499206543,6594
0.43991541862487793,6594
0.44083547592163086,6594
0.44175171852111816,6594
0.44298887252807617,6594
0.444077730178833,6594
0.4449913501739502,6594
0.44590234756469727,6594
0.4469797611236572,6594
0.4478945732116699,6594
0.4488067626953125,6594
0.45020270347595215,6594
0.4511113166809082,6594
0.4525117874145508,6594
0.4534287452697754,6594
0.45482325553894043,6594
0.4557347297668457,6594
0.4569723606109619,6594
0.4580516815185547,6594
0.4592916965484619,6594
0.4605412483215332,6594
0.46145033836364746,6594
0.4628446102142334,6594
0.4637727737426758,6594
0.46468353271484375,6594
0.4655892848968506,6594
0.46649765968322754,6594
0.467576265335083,6594
0.4686558246612549,6594
0.46956944465637207,6594
0.4704761505126953,6594
0.47138547897338867,6594
0.47246360778808594,6594
0.473707914352417,6594
0.47461938858032227,6594
0.4755260944366455,6594
0.4764409065246582,6594
0.4775197505950928,6594
0.47842907905578613,6594
0.47933292388916016,6594
0.48024773597717285,6594
0.48149633407592773,6594
0.4828927516937256,6594
0.4839818477630615,6594
0.4852259159088135,6594
0.4866306781768799,6594
0.4880259037017822,6594
0.488933801651001,6594
0.4901759624481201,6594
0.4912538528442383,6594
0.49250316619873047,6594
0.49390363693237305,6594
0.4949836730957031,6594
0.49589085578918457,6594
0.4971294403076172,6594
0.49853062629699707,6594
0.49961233139038086,6594
0.5005195140838623,6594
0.5017597675323486,6594
0.5029993057250977,6594
0.5039207935333252,6594
0.5048401355743408,6594
0.5060813426971436,6594
0.5074810981750488,6594
0.5083982944488525,6594
0.5094754695892334,6594
0.5103912353515625,6594
0.5117859840393066,6594
0.5130269527435303,6594
0.5144412517547607,6594
0.5153522491455078,6594
0.5167434215545654,6594
0.5176486968994141,6594
0.5188870429992676,6594
0.5198025703430176,6594
0.5207128524780273,6594
0.5219516754150391,6594
0.5228583812713623,6594
0.52378249168396,6594
0.5250258445739746,6594
0.5259354114532471,6594
0.5268504619598389,6594
0.5279295444488525,6594
0.529008150100708,6594
0.5304088592529297,6594
0.5313141345977783,6594
0.5325603485107422,6594
0.5338037014007568,6594
0.5347213745117188,6594
0.5356364250183105,6594
0.5365486145019531,6594
0.5374610424041748,6594
0.5383729934692383,6594
0.5392820835113525,6594
0.5401902198791504,6594
0.5415892601013184,6594
0.5424928665161133,6594
0.5434057712554932,6594
0.5446460247039795,6594
0.5455567836761475,6594
0.5467956066131592,6594
0.5477020740509033,6594
0.5490972995758057,6594
0.5500147342681885,6594
0.5514171123504639,6594
0.5523183345794678,6594
0.5535721778869629,6594
0.5548121929168701,6594
0.5557246208190918,6594
0.5569612979888916,6594
0.5583631992340088,6594
0.5596041679382324,6594
0.560680627822876,6594
0.5620732307434082,6594
0.5633134841918945,6594
0.5642361640930176,6594
0.565319299697876,6594
0.5662295818328857,6594
0.5674760341644287,6594
0.5685572624206543,6594
0.569467306137085,6594
0.5703761577606201,6594
0.5716137886047363,6594
0.5725219249725342,6594
0.5736086368560791,6594
0.5745205879211426,6594
0.5754313468933105,6594
0.5763444900512695,6594
0.5772488117218018,6594
0.5786514282226562,6594
0.5795638561248779,6594
0.5808067321777344,6594
0.5817155838012695,6594
0.5826284885406494,6594
0.5835461616516113,6594
0.5847861766815186,6594
0.5856938362121582,6594
0.5870876312255859,6594
0.5880007743835449,6594
0.5889143943786621,6594
0.5899949073791504,6594
0.5910739898681641,6594
0.5923171043395996,6594
0.5932333469390869,6594
0.5943231582641602,6594
0.5955700874328613,6594
0.5969653129577637,6594
0.5983662605285645,6594
0.5992693901062012,6594
0.6001806259155273,6594
0.6015808582305908,6594
0.6024909019470215,6594
0.6034054756164551,6594
0.6043181419372559,6594
0.6054022312164307,6594
0.6066436767578125,6594
0.6075589656829834,6594
0.608464241027832,6594
0.6095445156097412,6594
0.610785961151123,6594
0.6121814250946045,6594
0.6130995750427246,6594
0.6143531799316406,6594
0.6152539253234863,6594
0.6161661148071289,6594
0.6170716285705566,6594
0.6181526184082031,6594
0.6192312240600586,6594
0.6201474666595459,6594
0.6210625171661377,6594
0.6219749450683594,6594
0.6232163906097412,6594
0.6241428852081299,6594
0.6255457401275635,6594
0.6267871856689453,6594
0.627866268157959,6594
0.6289477348327637,6594
0.6298599243164062,6594
0.63094162940979,6594
0.6318550109863281,6594
0.6327624320983887,6594
0.6336746215820312,6594
0.6347537040710449,6594
0.6356608867645264,6594
0.6369020938873291,6594
0.6381447315216064,6594
0.6393895149230957,6594
0.6402997970581055,6594
0.6415472030639648,6594
0.6424520015716553,6594
0.6433687210083008,6594
0.6446118354797363,6594
0.6455223560333252,6594
0.6467628479003906,6594
0.6476743221282959,6594
0.6485848426818848,6594
0.6494927406311035,6594
0.6507320404052734,6594
0.6521258354187012,6594
0.6532073020935059,6594
0.6546165943145752,6594
0.6558578014373779,6594
0.6567730903625488,6594
0.6581661701202393,6594
0.6595664024353027,6594
0.6604835987091064,6594
0.6613993644714355,6594
0.6626636981964111,6594
0.6635770797729492,6594
0.6646597385406494,6594
0.6657383441925049,6594
0.6666505336761475,6594
0.6675670146942139,6594
0.6688063144683838,6594
0.6700489521026611,6594
0.6709623336791992,6594
0.6723654270172119,6594
0.6737682819366455,6594
0.6748502254486084,6594
0.6762456893920898,6594
0.6774945259094238,6594
0.6785728931427002,6594
0.6799671649932861,6594
0.6808841228485107,6594
0.6818032264709473,6594
0.6827096939086914,6594
0.683957576751709,6594
0.6848750114440918,6594
0.685783863067627,6594
0.686692476272583,6594
0.6875996589660645,6594
0.6889955997467041,6594
0.6902351379394531,6594
0.6914811134338379,6594
0.6928753852844238,6594
0.6942822933197021,6594
0.6956868171691895,6594
0.6965997219085693,6594
0.6975066661834717,6594
0.6984164714813232,6594
0.699657678604126,6594
0.7007346153259277,6594
0.7021274566650391,6594
0.7030360698699951,6594
0.7042880058288574,6594
0.7051942348480225,6594
0.7061123847961426,6594
0.7070245742797852,6594
0.7079377174377441,6594
0.7088484764099121,6594
0.7099282741546631,6594
0.710838794708252,6594
0.7117562294006348,6594
0.7126696109771729,6594
0.7137560844421387,6594
0.7151520252227783,6594
0.7160651683807373,6594
0.7169845104217529,6594
0.7179057598114014,6594
0.7188155651092529,6594
0.7197265625,6594
0.720966100692749,6594
0.7223687171936035,6594
0.7232775688171387,6594
0.72420334815979,6594
0.7254507541656494,6594
0.7266952991485596,6594
0.7280910015106201,6594
0.7290029525756836,6594
0.7302455902099609,6594
0.7316489219665527,6594
0.732558012008667,6594
0.7339625358581543,6594
0.7353634834289551,6594
0.7362732887268066,6594
0.7371816635131836,6594
0.7382595539093018,6594
0.7393364906311035,6594
0.7405807971954346,6594
0.7414937019348145,6594
0.7427306175231934,6594
0.7436504364013672,6594
0.7445676326751709,6594
0.745807409286499,6594
0.7467215061187744,6594
0.7476339340209961,6594
0.7485413551330566,6594
0.7494561672210693,6594
0.7505350112915039,6594
0.7517752647399902,6594
0.7531704902648926,6594
0.7544252872467041,6594
0.7555031776428223,6594
0.7567412853240967,6594
0.7576518058776855,6594
0.758892297744751,6594
0.7602903842926025,6594
0.7615365982055664,6594
0.762615442276001,6594
0.7638649940490723,6594
0.7651050090789795,6594
0.7663478851318359,6594
0.7672562599182129,6594
0.7681663036346436,6594
0.769564151763916,6594
0.770474910736084,6594
0.771714448928833,6594
0.7731056213378906,6594
0.7743606567382812,6594
0.7752654552459717,6594
0.7763473987579346,6594
0.7777416706085205,6594
0.778648853302002,6594
0.779726505279541,6594
0.7811191082000732,6594
0.7820298671722412,6594
0.7829389572143555,6594
0.7838540077209473,6594
0.7850973606109619,6594
0.7861771583557129,6594
0.7874226570129395,6594
0.7888169288635254,6594
0.7897319793701172,6594
0.7911255359649658,6594
0.79203200340271,6594
0.7932720184326172,6594
0.7941873073577881,6594
0.7950983047485352,6594
0.796344518661499,6594
0.7972550392150879,6594
0.7986538410186768,6594
0.7995693683624268,6594
0.8008077144622803,6594
0.8020503520965576,6594
0.8029665946960449,6594
0.8043777942657471,6594
0.8057734966278076,6594
0.8070111274719238,6594
0.8079211711883545,6594
0.8088295459747314,6594
0.8097400665283203,6594
0.8111324310302734,6594
0.8120467662811279,6594
0.8131260871887207,6594
0.814537525177002,6594
0.8157739639282227,6594
0.8166782855987549,6594
0.8179171085357666,6594
0.8191585540771484,6594
0.8205575942993164,6594
0.8219528198242188,6594
0.8233606815338135,6594
0.8246011734008789,6594
0.8255050182342529,6594
0.8265819549560547,6594
0.8274970054626465,6594
0.8287384510040283,6594
0.829643726348877,6594
0.8308835029602051,6594
0.832122802734375,6594
0.8330345153808594,6594
0.8342859745025635,6594
0.835200309753418,6594
0.8365998268127441,6594
0.8378386497497559,6594
0.8390805721282959,6594
0.8399910926818848,6594
0.8413898944854736,6594
0.8422884941101074,6594
0.8432035446166992,6594
0.8441212177276611,6594
0.8453702926635742,6594
0.8462827205657959,6594
0.8475282192230225,6594
0.848444938659668,6594
0.8496840000152588,6594
0.8505916595458984,6594
0.8518307209014893,6594
0.8529138565063477,6594
0.8540012836456299,6594
0.8549120426177979,6594
0.856156587600708,6594
0.8572359085083008,6594
0.858147144317627,6594
0.8590662479400635,6594
0.8601467609405518,6594
0.861393928527832,6594
0.8622944355010986,6594
0.8635463714599609,6594
0.8644638061523438,6594
0.8653738498687744,6594
0.8666110038757324,6594
0.8675267696380615,6594
0.8687660694122314,6594
0.8698461055755615,6594
0.8710873126983643,6594
0.8721663951873779,6594
0.8730731010437012,6594
0.8743236064910889,6594
0.8757243156433105,6594
0.8766350746154785,6594
0.8778729438781738,6594
0.8789539337158203,6594
0.8800308704376221,6594
0.8809442520141602,6594
0.8823425769805908,6594
0.8832528591156006,6594
0.8845076560974121,6594
0.8859033584594727,6594
0.886817455291748,6594
0.8877301216125488,6594
0.8886430263519287,6594
0.8898801803588867,6594
0.8907890319824219,6594
0.8920290470123291,6594
0.8929421901702881,6594
0.8941929340362549,6594
0.8954393863677979,6594
0.8963437080383301,6594
0.8974218368530273,6594
0.8986623287200928,6594
0.8998997211456299,6594
0.9008123874664307,6594
0.9017183780670166,6594
0.902956485748291,6594
0.9040496349334717,6594
0.9049673080444336,6594
0.9062080383300781,6594
0.9074568748474121,6594
0.9083676338195801,6594
0.9096076488494873,6594
0.9105172157287598,6594
0.911433219909668,6594
0.9123492240905762,6594
0.9132511615753174,6594
0.9141721725463867,6594
0.9150843620300293,6594
0.9163267612457275,6594
0.9172327518463135,6594
0.9183094501495361,6594
0.9192273616790771,6594
0.9201374053955078,6594
0.9210484027862549,6594
0.9224507808685303,6594
0.9236974716186523,6594
0.924602746963501,6594
0.9255139827728271,6594
0.926424503326416,6594
0.9273326396942139,6594
0.9285781383514404,6594
0.9298181533813477,6594
0.9307248592376709,6594
0.9321193695068359,6594
0.9330313205718994,6594
0.9341232776641846,6594
0.9350354671478271,6594
0.9361188411712646,6594
0.937035083770752,6594
0.9379446506500244,6594
0.93918776512146,6594
0.9400985240936279,6594
0.9410097599029541,6594
0.9419205188751221,6594
0.9431612491607666,6594
0.9444167613983154,6594
0.9454958438873291,6594
0.9465739727020264,6594
0.9478135108947754,6594
0.9487302303314209,6594
0.949970006942749,6594
0.9508829116821289,6594
0.9517917633056641,6594
0.9527091979980469,6594
0.9537966251373291,6594
0.9550414085388184,6594
0.9559521675109863,6594
0.9568607807159424,6594
0.9577748775482178,6594
0.9586837291717529,6594
0.9595952033996582,6594
0.9605066776275635,6594
0.9619011878967285,6594
0.9631431102752686,6594
0.9640653133392334,6594
0.965306282043457,6594
0.966392993927002,6594
0.9674725532531738,6594
0.9687128067016602,6594
0.9699513912200928,6594
0.9708614349365234,6594
0.9717700481414795,6594
0.9726855754852295,6594
0.9739325046539307,6594
0.9748432636260986,6594
0.9757561683654785,6594
0.9766652584075928,6594
0.9779059886932373,6594
0.9788203239440918,6594
0.9797325134277344,6594
0.9808099269866943,6594
0.9817218780517578,6594
0.982633113861084,6594
0.9835529327392578,6594
0.9847955703735352,6594
0.985877513885498,6594
0.9867937564849854,6594
0.9881875514984131,6594
0.9890937805175781,6594
0.9900012016296387,6594
0.990917444229126,6594
0.991828441619873,6594
0.9930682182312012,6594
0.9943196773529053,6594
0.9952332973480225,6594
0.9961416721343994,6594
0.9970545768737793,6594
0.9984583854675293,6594
0.999537467956543,6594
1.0007758140563965,6594
1.0016911029815674,6594
1.0025990009307861,6594
1.0035185813903809,6594
1.0045993328094482,6594
1.005993366241455,6594
1.0069019794464111,6594
1.007810115814209,6594
1.0090510845184326,6594
1.01029634475708,6594
1.0112037658691406,6594
1.0121171474456787,6594
1.0135235786437988,6594
1.014606237411499,6594
1.0160000324249268,6594
1.0172410011291504,6594
1.0181529521942139,6594
1.0192320346832275,6594
1.0204815864562988,6594
1.0213944911956787,6594
1.0222957134246826,6594
1.0232045650482178,6594
1.0241272449493408,6594
1.0250434875488281,6594
1.0259625911712646,6594
1.0268738269805908,6594
1.027789831161499,6594
1.028702735900879,6594
1.0299429893493652,6594
1.0308561325073242,6594
1.0319342613220215,6594
1.032850980758667,6594
1.0341036319732666,6594
1.0350172519683838,6594
1.0359244346618652,6594
1.0370020866394043,6594
1.0384044647216797,6594
1.039309024810791,6594
1.0405571460723877,6594
1.0414621829986572,6594
1.0425424575805664,6594
1.0437865257263184,6594
1.0451831817626953,6594
1.0460917949676514,6594
1.0473310947418213,6594
1.0482401847839355,6594
1.0491516590118408,6594
1.05039644241333,6594
1.0516374111175537,6594
1.0525484085083008,6594
1.0539491176605225,6594
1.054868221282959,6594
1.0561082363128662,6594
1.0573551654815674,6594
1.058595895767212,6594
1.0595088005065918,6594
1.060420274734497,6594
1.061659336090088,6594
1.062896728515625,6594
1.064147710800171,6594
1.0655479431152344,6594
1.0664575099945068,6594
1.067694902420044,6594
1.0686085224151611,6594
1.0695199966430664,6594
1.070429801940918,6594
1.071343183517456,6594
1.072251319885254,6594
1.0736589431762695,6594
1.0745694637298584,6594
1.0754880905151367,6594
1.0768823623657227,6594
1.077794075012207,6594
1.0790326595306396,6594
1.0799529552459717,6594
1.0813519954681396,6594
1.0825917720794678,6594
1.0836765766143799,6594
1.084587812423706,6594
1.085984706878662,6594
1.0868926048278809,6594
1.0878016948699951,6594
1.0887095928192139,6594
1.089949369430542,6594
1.0913496017456055,6594
1.0922491550445557,6594
1.0931637287139893,6594
1.0940849781036377,6594
1.0954856872558594,6594
1.0967237949371338,6594
1.097639560699463,6594
1.0988802909851074,6594
1.0997958183288574,6594
1.100705623626709,6594
1.1016156673431396,6594
1.1030101776123047,6594
1.103928565979004,6594
1.1048414707183838,6594
1.1059207916259766,6594
1.1070032119750977,6594
1.1082427501678467,6594
1.1094896793365479,6594
1.1104063987731934,6594
1.1116454601287842,6594
1.1125547885894775,6594
1.1138033866882324,6594
1.1147189140319824,6594
1.1157948970794678,6594
1.1167080402374268,6594
1.118103265762329,6594
1.1193487644195557,6594
1.1204266548156738,6594
1.1213338375091553,6594
1.1225776672363281,6594
1.1238248348236084,6594
1.1252243518829346,6594
1.1264727115631104,6594
1.1277122497558594,6594
1.1289503574371338,6594
1.1301915645599365,6594
1.1314377784729004,6594
1.1326756477355957,6594
1.1339213848114014,6594
1.135167121887207,6594
1.136080265045166,6594
1.1373214721679688,6594
1.138725757598877,6594
1.1396398544311523,6594
1.1405482292175293,6594
1.1414568424224854,6594
1.1423680782318115,6594
1.1432709693908691,6594
1.144528865814209,6594
1.1454429626464844,6594
1.1466798782348633,6594
1.1475934982299805,6594
1.1485016345977783,6594
1.1495795249938965,6594
1.1504926681518555,6594
1.1514067649841309,6594
1.1523075103759766,6594
1.1535611152648926,6594
1.154801845550537,6594
1.1561973094940186,6594
1.1574406623840332,6594
1.1583514213562012,6594
1.159590244293213,6594
1.1608302593231201,6594
1.161741018295288,6594
1.162980556488037,6594
1.1642322540283203,6594
1.1651496887207031,6594
1.1660661697387695,6594
1.1673059463500977,6594
1.1682167053222656,6594
1.1694645881652832,6594
1.1703743934631348,6594
1.1712827682495117,6594
1.1725280284881592,6594
1.173614740371704,6594
1.174527645111084,6594
1.1756060123443604,6594
1.1765213012695312,6594
1.177426815032959,6594
1.1783297061920166,6594
1.17972993850708,6594
1.18096923828125,6594
1.1818814277648926,6594
1.182800054550171,6594
1.1840488910675049,6594
1.184962272644043,6594
1.186204433441162,6594
1.1871113777160645,6594
1.1881914138793945,6594
1.1891095638275146,6594
1.1905090808868408,6594
1.1914193630218506,6594
1.1923277378082275,6594
1.193580150604248,6594
1.1946630477905273,6594
1.1955690383911133,6594
1.1964776515960693,6594
1.197871446609497,6594
1.198784589767456,6594
1.1997008323669434,6594
1.2009398937225342,6594
1.2023422718048096,6594
1.2032418251037598,6594
1.2041597366333008,6594
1.2054023742675781,6594
1.2063062191009521,6594
1.2077069282531738,6594
1.2090997695922852,6594
1.2103445529937744,6594
1.211423397064209,6594
1.2123239040374756,6594
1.2135772705078125,6594
1.214494228363037,6594
1.2154016494750977,6594
1.2163057327270508,6594
1.2175543308258057,6594
1.2187931537628174,6594
1.219712257385254,6594
1.2206249237060547,6594
1.222020149230957,6594
1.223102331161499,6594
1.2243633270263672,6594
1.2256050109863281,6594
1.2265207767486572,6594
1.2279143333435059,6594
1.2288792133331299,6594
1.2301568984985352,6594
1.231091022491455,6594
1.2324955463409424,6594
1.2334239482879639,6594
1.2343318462371826,6594
1.2355785369873047,6594
1.236983299255371,6594
1.237900972366333,6594
1.2388205528259277,6594
1.2397549152374268,6594
1.240675687789917,6594
1.2420709133148193,6594
1.2429988384246826,6594
1.2442517280578613,6594
1.2451667785644531,6594
1.246077299118042,6594
1.2469892501831055,6594
1.2483885288238525,6594
1.2492921352386475,6594
1.2502057552337646,6594
1.2511179447174072,6594
1.2521979808807373,6594
1.2534518241882324,6594
1.2543668746948242,6594
1.2556068897247314,6594
1.256845235824585,6594
1.257751703262329,6594
1.2586607933044434,6594
1.2600524425506592,6594
1.2612953186035156,6594
1.262382984161377,6594
1.2636289596557617,6594
1.2645418643951416,6594
1.2654531002044678,6594
1.266531229019165,6594
1.2677702903747559,6594
1.268848180770874,6594
1.2702441215515137,6594
1.2711589336395264,6594
1.2724034786224365,6594
1.2733023166656494,6594
1.2742242813110352,6594
1.2753043174743652,6594
1.2765514850616455,6594
1.2774627208709717,6594
1.2783732414245605,6594
1.2794520854949951,6594
1.280693769454956,6594
1.2817716598510742,6594
1.282681941986084,6594
1.2835981845855713,6594
1.2848386764526367,6594
1.286081075668335,6594
1.2869911193847656,6594
1.2882306575775146,6594
1.28914213180542,6594
1.2902209758758545,6594
1.2911334037780762,6594
1.2925341129302979,6594
1.2937829494476318,6594
1.295182228088379,6594
1.2964277267456055,6594
1.297334909439087,6594
1.2982401847839355,6594
1.2991468906402588,6594
1.3002238273620605,6594
1.3011302947998047,6594
1.3020362854003906,6594
1.3029546737670898,6594
1.3038809299468994,6594
1.3052759170532227,6594
1.3063631057739258,6594
1.3076016902923584,6594
1.3085179328918457,6594
1.309432029724121,6594
1.3105082511901855,6594
1.3117475509643555,6594
1.3128297328948975,6594
1.3140804767608643,6594
1.3149874210357666,6594
1.3163893222808838,6594
1.3172950744628906,6594
1.3183796405792236,6594
1.3192813396453857,6594
1.3201887607574463,6594
1.3210980892181396,6594
1.3220157623291016,6594
1.3230946063995361,6594
1.3245043754577637,6594
1.3254129886627197,6594
1.3268053531646729,6594
1.3280441761016846,6594
1.3289518356323242,6594
1.329859733581543,6594
1.330937385559082,6594
1.3321781158447266,6594
1.3330931663513184,6594
1.3340091705322266,6594
1.3352510929107666,6594
1.3361599445343018,6594
1.3370697498321533,6594
1.3379836082458496,6594
1.3388900756835938,6594
1.3397984504699707,6594
1.3411943912506104,6594
1.3424384593963623,6594
1.3433537483215332,6594
1.3442635536193848,6594
1.3455092906951904,6594
1.3465871810913086,6594
1.3474960327148438,6594
1.348733901977539,6594
1.3496415615081787,6594
1.3507213592529297,6594
1.3519597053527832,6594
1.3533687591552734,6594
1.3542792797088623,6594
1.3555262088775635,6594
1.356435775756836,6594
1.3575146198272705,6594
1.3584187030792236,6594
1.359328031539917,6594
1.3602423667907715,6594
1.361642599105835,6594
1.3625516891479492,6594
1.3637981414794922,6594
1.364711046218872,6594
1.3659491539001465,6594
1.366861343383789,6594
1.3680999279022217,6594
1.3693451881408691,6594
1.3705875873565674,6594
1.3718254566192627,6594
1.3732216358184814,6594
1.3741440773010254,6594
1.37522554397583,6594
1.3761332035064697,6594
1.3772130012512207,6594
1.378124713897705,6594
1.3790311813354492,6594
1.3799431324005127,6594
1.3813364505767822,6594
1.3822417259216309,6594
1.3836486339569092,6594
1.384730339050293,6594
1.3859694004058838,6594
1.3873705863952637,6594
1.3882718086242676,6594
1.3893558979034424,6594
1.3902618885040283,6594
1.3913474082946777,6594
1.3925881385803223,6594
1.3939943313598633,6594
1.3949086666107178,6594
1.3958187103271484,6594
1.3967339992523193,6594
1.397810459136963,6594
1.3987224102020264,6594
1.3999638557434082,6594
1.4008715152740479,6594
1.4017810821533203,6594
1.4030208587646484,6594
1.404435157775879,6594
1.4053466320037842,6594
1.4062480926513672,6594
1.4071576595306396,6594
1.408071517944336,6594
1.4089887142181396,6594
1.4098949432373047,6594
1.4112863540649414,6594
1.4121978282928467,6594
1.4134511947631836,6594
1.4148480892181396,6594
1.4157567024230957,6594
1.4166622161865234,6594
1.417738914489746,6594
1.4189801216125488,6594
1.4200620651245117,6594
1.4211421012878418,6594
1.4223856925964355,6594
1.4234740734100342,6594
1.424870491027832,6594
1.4257826805114746,6594
1.4271769523620605,6594
1.4280872344970703,6594
1.429325819015503,6594
1.430413007736206,6594
1.4313182830810547,6594
1.4322328567504883,6594
1.4331440925598145,6594
1.4344005584716797,6594
1.4356403350830078,6594
1.4368789196014404,6594
1.437788486480713,6594
1.4390285015106201,6594
1.4402682781219482,6594
1.4411766529083252,6594
1.442087173461914,6594
1.4431655406951904,6594
1.4444198608398438,6594
1.4454991817474365,6594
1.4465770721435547,6594
1.4479725360870361,6594
1.449373483657837,6594
1.450451374053955,6594
1.4513592720031738,6594
1.452599048614502,6594
1.4535150527954102,6594
1.4544258117675781,6594
1.4556617736816406,6594
1.4565691947937012,6594
1.457474708557129,6594
1.4587123394012451,6594
1.4596235752105713,6594
1.4610157012939453,6594
1.462416648864746,6594
1.4638183116912842,6594
1.465061902999878,6594
1.4661402702331543,6594
1.4670522212982178,6594
1.4681298732757568,6594
1.4690439701080322,6594
1.470285415649414,6594
1.4711921215057373,6594
1.4724397659301758,6594
1.4733641147613525,6594
1.4746062755584717,6594
1.4756848812103271,6594
1.476599931716919,6594
1.4775152206420898,6594
1.478424310684204,6594
1.4793314933776855,6594
1.480240821838379,6594
1.4811477661132812,6594
1.4822266101837158,6594
1.483144760131836,6594
1.484069585800171,6594
1.4851534366607666,6594
1.4864001274108887,6594
1.4873020648956299,6594
1.488213300704956,6594
1.4891316890716553,6594
1.4903757572174072,6594
1.4912786483764648,6594
1.4923667907714844,6594
1.493614673614502,6594
1.494694471359253,6594
1.4960880279541016,6594
1.497492790222168,6594
1.4985706806182861,6594
1.4999644756317139,6594
1.5013689994812012,6594
1.502270221710205,6594
1.5035200119018555,6594
1.5044360160827637,6594
1.5056774616241455,6594
1.5065834522247314,6594
1.50797700881958,6594
1.5092189311981201,6594
1.5101344585418701,6594
1.5110464096069336,6594
1.5119590759277344,6594
1.513366937637329,6594
1.5142714977264404,6594
1.515516996383667,6594
1.5165965557098389,6594
1.5178356170654297,6594
1.5187458992004395,6594
1.5201401710510254,6594
1.521049976348877,6594
1.5219571590423584,6594
1.5231983661651611,6594
1.5241119861602783,6594
1.5250229835510254,6594
1.5264220237731934,6594
1.5273280143737793,6594
1.5284156799316406,6594
1.52931547164917,6594
1.5302221775054932,6594
1.531130313873291,6594
1.5323741436004639,6594
1.5332789421081543,6594
1.5341980457305908,6594
1.5352756977081299,6594
1.536674976348877,6594
1.537580966949463,6594
1.5388190746307373,6594
1.5400607585906982,6594
1.5413000583648682,6594
1.5427038669586182,6594
1.5436158180236816,6594
1.5448575019836426,6594
1.545771837234497,6594
1.5471689701080322,6594
1.548415184020996,6594
1.5493183135986328,6594
1.5502333641052246,6594
1.5516376495361328,6594
1.5525426864624023,6594
1.5534591674804688,6594
1.5545406341552734,6594
1.555778980255127,6594
1.5570220947265625,6594
1.5580997467041016,6594
1.5590112209320068,6594
1.5602507591247559,6594
1.5611612796783447,6594
1.5620718002319336,6594
1.5634803771972656,6594
1.5648777484893799,6594
1.565783977508545,6594
1.5667004585266113,6594
1.56760835647583,6594
1.5688469409942627,6594
1.5702438354492188,6594
1.571645975112915,6594
1.5727248191833496,6594
1.5736503601074219,6594
1.5747287273406982,6594
1.5759680271148682,6594
1.5768818855285645,6594
1.5781230926513672,6594
1.5792014598846436,6594
1.580108404159546,6594
1.5810151100158691,6594
1.5819251537322998,6594
1.582834005355835,6594
1.5840859413146973,6594
1.5849931240081787,6594
1.5859105587005615,6594
1.5868220329284668,6594
1.5880632400512695,6594
1.589465618133545,6594
1.5903739929199219,6594
1.5916101932525635,6594
1.5930039882659912,6594
1.5939216613769531,6594
1.59531831741333,6594
1.596226692199707,6594
1.5974743366241455,6594
1.5983877182006836,6594
1.5994658470153809,6594
1.6003801822662354,6594
1.6012840270996094,6594
1.6021952629089355,6594
1.6031084060668945,6594
1.6043639183044434,6594
1.6052680015563965,6594
1.6061770915985107,6594
1.6074230670928955,6594
1.6083273887634277,6594
1.6092422008514404,6594
1.6101527214050293,6594
1.611396312713623,6594
1.6124763488769531,6594
1.6133918762207031,6594
1.6142938137054443,6594
1.6155390739440918,6594
1.6164486408233643,6594
1.6176881790161133,6594
1.6185941696166992,6594
1.6199901103973389,6594
1.6209075450897217,6594
1.622302770614624,6594
1.6232130527496338,6594
1.6243016719818115,6594
1.6253879070281982,6594
1.6266262531280518,6594
1.62770414352417,6594
1.629098653793335,6594
1.6304984092712402,6594
1.6317379474639893,6594
1.6329731941223145,6594
1.6340649127960205,6594
1.634976863861084,6594
1.6362159252166748,6594
1.6372957229614258,6594
1.6385424137115479,6594
1.6394460201263428,6594
1.640350103378296,6594
1.6414272785186768,6594
1.6428196430206299,6594
1.643738031387329,6594
1.6449763774871826,6594
1.6458873748779297,6594
1.6471292972564697,6594
1.6480367183685303,6594
1.6491198539733887,6594
1.6503689289093018,6594
1.6512696743011475,6594
1.6525135040283203,6594
1.6539113521575928,6594
1.6551549434661865,6594
1.6560711860656738,6594
1.657311201095581,6594
1.65822434425354,6594
1.6591334342956543,6594
1.660379409790039,6594
1.6616325378417969,6594
1.66288161277771,6594
1.6642882823944092,6594
1.6652061939239502,6594
1.6661152839660645,6594
1.6670293807983398,6594
1.6682689189910889,6594
1.6691818237304688,6594
1.670095443725586,6594
1.671172857284546,6594
1.67207932472229,6594
1.6733200550079346,6594
1.6744203567504883,6594
1.675330400466919,6594
1.6762430667877197,6594
1.6774892807006836,6594
1.6788814067840576,6594
1.679795742034912,6594
1.6807098388671875,6594
1.6816215515136719,6594
1.6828625202178955,6594
1.684272050857544,6594
1.6855182647705078,6594
1.686758041381836,6594
1.687671184539795,6594
1.6885852813720703,6594
1.6896631717681885,6594
1.690903663635254,6594
1.6918156147003174,6594
1.6932120323181152,6594
1.6944670677185059,6594
1.6957051753997803,6594
1.697099208831787,6594
1.6980071067810059,6594
1.6989200115203857,6594
1.6998355388641357,6594
1.7007458209991455,6594
1.701984167098999,6594
1.7030632495880127,6594
1.7043159008026123,6594
1.7055652141571045,6594
1.7069604396820068,6594
1.707871913909912,6594
1.7087788581848145,6594
1.710179090499878,6594
1.7112596035003662,6594
1.7121708393096924,6594
1.7130789756774902,6594
1.7140049934387207,6594
1.7149121761322021,6594
1.7158286571502686,6594
1.7172229290008545,6594
1.7181291580200195,6594
1.719529151916504,6594
1.7207684516906738,6594
1.7216763496398926,6594
1.7225852012634277,6594
1.7235050201416016,6594
1.7244172096252441,6594
1.7258117198944092,6594
1.7267239093780518,6594
1.727963924407959,6594
1.7288763523101807,6594
1.7297828197479248,6594
1.7306921482086182,6594
1.7315959930419922,6594
1.7325081825256348,6594
1.733431339263916,6594
1.7346746921539307,6594
1.7357540130615234,6594
1.736833095550537,6594
1.7377469539642334,6594
1.7391409873962402,6594
1.7403919696807861,6594
1.7416315078735352,6594
1.742872953414917,6594
1.744124174118042,6594
1.7453691959381104,6594
1.746276617050171,6594
1.7471871376037598,6594
1.7484300136566162,6594
1.7496685981750488,6594
1.7505738735198975,6594
1.7514846324920654,6594
1.7528791427612305,6594
1.7538025379180908,6594
1.7550442218780518,6594
1.7564430236816406,6594
1.7578394412994385,6594
1.7587571144104004,6594
1.7596709728240967,6594
1.760582447052002,6594
1.7619757652282715,6594
1.7628912925720215,6594
1.7638170719146729,6594
1.7650558948516846,6594
1.7662954330444336,6594
1.7672054767608643,6594
1.76845121383667,6594
1.7693614959716797,6594
1.770263910293579,6594
1.7711718082427979,6594
1.7725677490234375,6594
1.773651123046875,6594
1.7747302055358887,6594
1.776123046875,6594
1.777372121810913,6594
1.7782707214355469,6594
1.7791852951049805,6594
1.7800989151000977,6594
1.781010627746582,6594
1.7819221019744873,6594
1.782837152481079,6594
1.78424072265625,6594
1.7854864597320557,6594
1.7867252826690674,6594
1.7879648208618164,6594
1.7888827323913574,6594
1.7901227474212646,6594
1.791029691696167,6594
1.7922699451446533,6594
1.7935235500335693,6594
1.7944316864013672,6594
1.7953464984893799,6594
1.7962510585784912,6594
1.7971627712249756,6594
1.7980737686157227,6594
1.7989816665649414,6594
1.800222635269165,6594
1.8011305332183838,6594
1.8020446300506592,6594
1.8029546737670898,6594
1.8043673038482666,6594
1.8052704334259033,6594
1.806513786315918,6594
1.807755470275879,6594
1.8086698055267334,6594
1.809910535812378,6594
1.8108279705047607,6594
1.8117399215698242,6594
1.8128180503845215,6594
1.8140678405761719,6594
1.8149816989898682,6594
1.8158936500549316,6594
1.8168082237243652,6594
1.818049430847168,6594
1.8192899227142334,6594
1.8205394744873047,6594
1.8214478492736816,6594
1.8226876258850098,6594
1.8239350318908691,6594
1.8248484134674072,6594
1.8260881900787354,6594
1.8269929885864258,6594
1.8279051780700684,6594
1.8291475772857666,6594
1.8300542831420898,6594
1.8309662342071533,6594
1.832207202911377,6594
1.8334617614746094,6594
1.8347017765045166,6594
1.8356118202209473,6594
1.836850643157959,6594
1.837768316268921,6594
1.8390083312988281,6594
1.8399255275726318,6594
1.8408401012420654,6594
1.841921329498291,6594
1.8430027961730957,6594
1.8442535400390625,6594
1.8451602458953857,6594
1.8460688591003418,6594
1.8471505641937256,6594
1.8480627536773682,6594
1.8489785194396973,6594
1.850379228591919,6594
1.8516185283660889,6594
1.8525266647338867,6594
1.8534455299377441,6594
1.8543546199798584,6594
1.8555924892425537,6594
1.8565032482147217,6594
1.8574154376983643,6594
1.858809471130371,6594
1.8598909378051758,6594
1.8608016967773438,6594
1.8620429039001465,6594
1.8629508018493652,6594
1.8638701438903809,6594
1.8647782802581787,6594
1.8656888008117676,6594
1.8667645454406738,6594
1.8676824569702148,6594
1.868922472000122,6594
1.870166540145874,6594
1.8710763454437256,6594
1.8724775314331055,6594
1.8734004497528076,6594
1.8743090629577637,6594
1.8755533695220947,6594
1.8767931461334229,6594
1.8778753280639648,6594
1.8791143894195557,6594
1.8800292015075684,6594
1.8812687397003174,6594
1.8825159072875977,6594
1.8837602138519287,6594
1.8846793174743652,6594
1.8860716819763184,6594
1.887310266494751,6594
1.8882274627685547,6594
1.8894739151000977,6594
1.890383005142212,6594
1.891282558441162,6594
1.8925294876098633,6594
1.8934521675109863,6594
1.8943636417388916,6594
1.8952667713165283,6594
1.896510362625122,6594
1.8974261283874512,6594
1.8986632823944092,6594
1.8995733261108398,6594
1.9008119106292725,6594
1.9020538330078125,6594
1.903294324874878,6594
1.9042210578918457,6594
1.905137538909912,6594
1.9060509204864502,6594
1.9074511528015137,6594
1.9083623886108398,6594
1.909271478652954,6594
1.910517930984497,6594
1.9114279747009277,6594
1.912506103515625,6594
1.9135916233062744,6594
1.9146687984466553,6594
1.9155807495117188,6594
1.9164974689483643,6594
1.9177372455596924,6594
1.9186482429504395,6594
1.9200432300567627,6594
1.9211220741271973,6594
1.922203540802002,6594
1.92311429977417,6594
1.9240317344665527,6594
1.9249441623687744,6594
1.925858974456787,6594
1.926772117614746,6594
1.9276764392852783,6594
1.9289147853851318,6594
1.929995059967041,6594
1.9309120178222656,6594
1.9318232536315918,6594
1.9327366352081299,6594
1.9336462020874023,6594
1.9345555305480957,6594
1.935633659362793,6594
1.9367120265960693,6594
1.9377899169921875,6594
1.9386975765228271,6594
1.9399359226226807,6594
1.941178560256958,6594
1.9420948028564453,6594
1.9435033798217773,6594
1.9445827007293701,6594
1.9459755420684814,6594
1.947056531906128,6594
1.9481391906738281,6594
1.9492170810699463,6594
1.9502954483032227,6594
1.9513790607452393,6594
1.9522781372070312,6594
1.9531841278076172,6594
1.9542737007141113,6594
1.9551811218261719,6594
1.9560911655426025,6594
1.9573302268981934,6594
1.958237886428833,6594
1.959150791168213,6594
1.9603946208953857,6594
1.9612970352172852,6594
1.9622113704681396,6594
1.9632916450500488,6594
1.9642162322998047,6594
1.9651319980621338,6594
1.966376781463623,6594
1.9672777652740479,6594
1.9686782360076904,6594
1.9699158668518066,6594
1.9711570739746094,6594
1.9720618724822998,6594
1.972975254058838,6594
1.9739034175872803,6594
1.9749832153320312,6594
1.975888967514038,6594
1.9768035411834717,6594
1.9780406951904297,6594
1.9789559841156006,6594
1.979865312576294,6594
1.9807705879211426,6594
1.9820094108581543,6594
1.9834158420562744,6594
1.9843173027038574,6594
1.9855611324310303,6594
1.986954927444458,6594
1.9878687858581543,6594
1.9891090393066406,6594
1.9901888370513916,6594
1.9914357662200928,6594
1.9923474788665771,6594
1.9935922622680664,6594
1.9948339462280273,6594
1.9957458972930908,6594
1.9966554641723633,6594
1.9980494976043701,6594
1.998960018157959,6594
1.9998795986175537,6594
2.00111985206604,6594
2.0025198459625244,6594
2.003439426422119,6594
2.0045197010040283,6594
2.0057578086853027,6594
2.0066676139831543,6594
2.007580280303955,6594
2.00897216796875,6594
2.009890079498291,6594
2.010807752609253,6594
2.011892557144165,6594
2.012971878051758,6594
2.0142219066619873,6594
2.0153021812438965,6594
2.0163888931274414,6594
2.0172934532165527,6594
2.0182132720947266,6594
2.0191256999969482,6594
2.0200371742248535,6594
2.0209550857543945,6594
2.021871328353882,6594
2.0227818489074707,6594
2.0241856575012207,6594
2.0250964164733887,6594
2.0260121822357178,6594
2.0274150371551514,6594
2.028320074081421,6594
2.0297248363494873,6594
2.030965566635132,6594
2.0320444107055664,6594
2.0329501628875732,6594
2.0338709354400635,6594
2.0347862243652344,6594
2.035695791244507,6594
2.036606788635254,6594
2.0375146865844727,6594
2.0384230613708496,6594
2.0396625995635986,6594
2.040569543838501,6594
2.0414812564849854,6594
2.0423929691314697,6594
2.043297052383423,6594
2.0442192554473877,6594
2.045132637023926,6594
2.04604434967041,6594
2.047445058822632,6594
2.04868745803833,6594
2.049595355987549,6594
2.050673246383667,6594
2.0517492294311523,6594
2.052661657333374,6594
2.053576707839966,6594
2.0544891357421875,6594
2.0554039478302,6594
2.0563082695007324,6594
2.057218313217163,6594
2.058619976043701,6594
2.059525966644287,6594
2.0604424476623535,6594
2.0618386268615723,6594
2.0627498626708984,6594
2.063673973083496,6594
2.0647525787353516,6594
2.0656673908233643,6594
2.0665812492370605,6594
2.0674970149993896,6594
2.0684025287628174,6594
2.069307565689087,6594
2.0702245235443115,6594
2.0713043212890625,6594
2.072706699371338,6594
2.073625087738037,6594
2.0748677253723145,6594
2.075780153274536,6594
2.077021837234497,6594
2.0782644748687744,6594
2.079172134399414,6594
2.0800869464874268,6594
2.081005096435547,6594
2.082247018814087,6594
2.083500623703003,6594
2.084409475326538,6594
2.085314989089966,6594
2.086229085922241,6594
2.087308406829834,6594
2.0885539054870605,6594
2.089463233947754,6594
2.090700149536133,6594
2.091938018798828,6594
2.0928475856781006,6594
2.0937678813934326,6594
2.0946719646453857,6594
2.0955817699432373,6594
2.0964953899383545,6594
2.0974059104919434,6594
2.098801612854004,6594
2.1001994609832764,6594
2.101104974746704,6594
2.102184772491455,6594
2.1034374237060547,6594
2.104517698287964,6594
2.105910539627075,6594
2.106825590133667,6594
2.107743501663208,6594
2.1086599826812744,6594
2.10990047454834,6594
2.111298084259033,6594
2.112215042114258,6594
2.113469362258911,6594
2.1143839359283447,6594
2.1152894496917725,6594
2.1161985397338867,6594
2.117443799972534,6594
2.118359088897705,6594
2.1197550296783447,6594
2.1209917068481445,6594
2.1219046115875244,6594
2.1231443881988525,6594
2.1242334842681885,6594
2.1254827976226807,6594
2.1267216205596924,6594
2.1281168460845947,6594
2.129518985748291,6594
2.130425453186035,6594
2.131664991378784,6594
2.132902145385742,6594
2.1341559886932373,6594
2.1352334022521973,6594
2.1363134384155273,6594
2.1372289657592773,6594
2.1384761333465576,6594
2.139385223388672,6594
2.140462636947632,6594
2.141368865966797,6594
2.1426069736480713,6594
2.14353346824646,6594
2.144449234008789,6594
2.145533561706543,6594
2.1467766761779785,6594
2.147700071334839,6594
2.1486101150512695,6594
2.1496951580047607,6594
2.1506094932556152,6594
2.1515283584594727,6594
2.152444362640381,6594
2.1535353660583496,6594
2.1547787189483643,6594
2.155691623687744,6594
2.156604766845703,6594
2.157999277114868,6594
2.158907651901245,6594
2.159825325012207,6594
2.1612191200256348,6594
2.1621291637420654,6594
2.1633834838867188,6594
2.164625883102417,6594
2.165531873703003,6594
2.1664419174194336,6594
2.1676833629608154,6594
2.1685938835144043,6594
2.1695075035095215,6594
2.170414447784424,6594
2.171809673309326,6594
2.172889471054077,6594
2.174143075942993,6594
2.175388813018799,6594
2.176629066467285,6594
2.1775355339050293,6594
2.1784451007843018,6594
2.179356098175049,6594
2.1804347038269043,6594
2.1815128326416016,6594
2.1825923919677734,6594
2.18350887298584,6594
2.184748888015747,6594
2.185657262802124,6594
2.186735153198242,6594
2.1879758834838867,6594
2.1888930797576904,6594
2.1897997856140137,6594
2.190706968307495,6594
2.1916232109069824,6594
2.1925389766693115,6594
2.1936233043670654,6594
2.194528818130493,6594
2.1959240436553955,6594
2.1968419551849365,6594
2.1980786323547363,6594
2.198995351791382,6594
2.20023512840271,6594
2.201636552810669,6594
2.2030320167541504,6594
2.203951358795166,6594
2.2053537368774414,6594
2.2062597274780273,6594
2.2075047492980957,6594
2.2088987827301025,6594
2.2101387977600098,6594
2.2110469341278076,6594
2.2122862339019775,6594
2.2135403156280518,6594
2.2144484519958496,6594
2.2156870365142822,6594
2.216594696044922,6594
2.2175097465515137,6594
2.218752384185791,6594
2.2199900150299072,6594
2.220897912979126,6594
2.221813201904297,6594
2.2227272987365723,6594
2.2239725589752197,6594
2.22521710395813,6594
2.2261276245117188,6594
2.227372169494629,6594
2.2282791137695312,6594
2.2291958332061768,6594
2.230621814727783,6594
2.2320377826690674,6594
2.233287811279297,6594
2.234555244445801,6594
2.235471725463867,6594
2.23655104637146,6594
2.237642526626587,6594
2.2388856410980225,6594
2.2401282787323,6594
2.241563558578491,6594
2.2424752712249756,6594
2.243734836578369,6594
2.2448205947875977,6594
2.2457387447357178,6594
2.246649742126465,6594
2.2477285861968994,6594
2.248645782470703,6594
2.2500386238098145,6594
2.2509512901306152,6594
2.2520322799682617,6594
2.25311541557312,6594
2.2540316581726074,6594
2.2554330825805664,6594
2.256335973739624,6594
2.2572455406188965,6594
2.258490562438965,6594
2.259883403778076,6594
2.2609622478485107,6594
2.2618749141693115,6594
2.2631146907806396,6594
2.2642056941986084,6594
2.2656054496765137,6594
2.266845703125,6594
2.26808762550354,6594
2.269489049911499,6594
2.27072811126709,6594
2.272120475769043,6594
2.2735297679901123,6594
2.274437189102173,6594
2.2755138874053955,6594
2.2767531871795654,6594
2.2776591777801514,6594
2.278740167617798,6594
2.279651403427124,6594
2.2805564403533936,6594
2.281796932220459,6594
2.282709836959839,6594
2.283626079559326,6594
2.284869432449341,6594
2.286111354827881,6594
2.2870283126831055,6594
2.2879388332366943,6594
2.2891805171966553,6594
2.2904486656188965,6594
2.29136061668396,6594
2.2925994396209717,6594
2.293687105178833,6594
2.294600009918213,6594
2.295506238937378,6594
2.296415090560913,6594
2.297654628753662,6594
2.298893928527832,6594
2.2998039722442627,6594
2.300719738006592,6594
2.301798105239868,6594
2.3030383586883545,6594
2.3039608001708984,6594
2.305203676223755,6594
2.30611252784729,6594
2.3070247173309326,6594
2.307939291000366,6594
2.3091816902160645,6594
2.31042742729187,6594
2.3113327026367188,6594
2.3122410774230957,6594
2.3131561279296875,6594
2.3140738010406494,6594
2.3151535987854004,6594
2.3162336349487305,6594
2.3171441555023193,6594
2.318222761154175,6594
2.319129467010498,6594
2.320378065109253,6594
2.321455717086792,6594
2.3226935863494873,6594
2.3236145973205566,6594
2.3248558044433594,6594
2.325935125350952,6594
2.327329635620117,6594
2.3282344341278076,6594
2.329636812210083,6594
2.3305482864379883,6594
2.3314578533172607,6594
2.332367420196533,6594
2.3334555625915527,6594
2.3343710899353027,6594
2.3352720737457275,6594
2.336357831954956,6594
2.337261199951172,6594
2.33817458152771,6594
2.3395752906799316,6594
2.340486764907837,6594
2.341395378112793,6594
2.342303991317749,6594
2.343221426010132,6594
2.3441410064697266,6594
2.345221757888794,6594
2.346132278442383,6594
2.3470458984375,6594
2.3484482765197754,6594
2.3495304584503174,6594
2.350771427154541,6594
2.351689338684082,6594
2.352600574493408,6594
2.353518486022949,6594
2.354914665222168,6594
2.355825424194336,6594
2.356750726699829,6594
2.357666254043579,6594
2.3589072227478027,6594
2.36000657081604,6594
2.360919952392578,6594
2.36199951171875,6594
2.3634259700775146,6594
2.364827871322632,6594
2.3662257194519043,6594
2.3674745559692383,6594
2.3685531616210938,6594
2.3696320056915283,6594
2.3710269927978516,6594
2.3719429969787598,6594
2.3728487491607666,6594
2.3739407062530518,6594
2.3751842975616455,6594
2.376426935195923,6594
2.377326250076294,6594
2.378239393234253,6594
2.3796393871307373,6594
2.3805532455444336,6594
2.381791830062866,6594
2.382704734802246,6594
2.383788585662842,6594
2.3847086429595947,6594
2.3856253623962402,6594
2.386705160140991,6594
2.387619733810425,6594
2.38853120803833,6594
2.3894460201263428,6594
2.3906869888305664,6594
2.39192533493042,6594
2.393005609512329,6594
2.393932342529297,6594
2.394840717315674,6594
2.3960812091827393,6594
2.3974802494049072,6594
2.3983914852142334,6594
2.3993024826049805,6594
2.4002132415771484,6594
2.4011237621307373,6594
2.4020330905914307,6594
2.4034407138824463,6594
2.4048380851745605,6594
2.4057464599609375,6594
2.406825065612793,6594
2.407738447189331,6594
2.40864634513855,6594
2.4097251892089844,6594
2.411121368408203,6594
2.412367582321167,6594
2.413616180419922,6594
2.4145281314849854,6594
2.4156086444854736,6594
2.4168500900268555,6594
2.4180922508239746,6594
2.4194953441619873,6594
2.420400381088257,6594
2.4213037490844727,6594
2.4222137928009033,6594
2.4231302738189697,6594
2.424386739730835,6594
2.4252936840057373,6594
2.4265401363372803,6594
2.4277799129486084,6594
2.428861141204834,6594
2.4301021099090576,6594
2.4310195446014404,6594
2.4319305419921875,6594
2.4331717491149902,6594
2.4345827102661133,6594
2.4358251094818115,6594
2.436746120452881,6594
2.4379825592041016,6594
2.439225673675537,6594
2.440133810043335,6594
2.441218137741089,6594
2.442128896713257,6594
2.4432075023651123,6594
2.4446184635162354,6594
2.4456968307495117,6594
2.4469375610351562,6594
2.448178768157959,6594
2.449089288711548,6594
2.450002431869507,6594
2.4509165287017822,6594
2.451824188232422,6594
2.4532196521759033,6594
2.4541449546813965,6594
2.4550621509552,6594
2.456303834915161,6594
2.4573898315429688,6594
2.4586291313171387,6594
2.459869861602783,6594
2.4607882499694824,6594
2.4620256423950195,6594
2.4629340171813965,6594
2.463860034942627,6594
2.4649410247802734,6594
2.466336727142334,6594
2.4672491550445557,6594
2.4684925079345703,6594
2.4698853492736816,6594
2.470792770385742,6594
2.471709966659546,6594
2.4727885723114014,6594
2.474195718765259,6594
2.4751105308532715,6594
2.4763591289520264,6594
2.477257490158081,6594
2.4785044193267822,6594
2.4797444343566895,6594
2.480822801589966,6594
2.4817376136779785,6594
2.4831326007843018,6594
2.4845471382141113,6594
2.485460042953491,6594
2.4863717555999756,6594
2.487272024154663,6594
2.488518238067627,6594
2.4894299507141113,6594
2.490821599960327,6594
2.491739511489868,6594
2.4926462173461914,6594
2.493567943572998,6594
2.494962453842163,6594
2.495880365371704,6594
2.4967923164367676,6594
2.4980313777923584,6594
2.4989447593688965,6594
2.5000243186950684,6594
2.501260757446289,6594
2.5026602745056152,6594
2.503744125366211,6594
2.5046610832214355,6594
2.5060548782348633,6594
2.5072968006134033,6594
2.5087008476257324,6594
2.509941339492798,6594
2.510852813720703,6594
2.511770009994507,6594
2.5131640434265137,6594
2.514577627182007,6594
2.5154879093170166,6594
2.5167291164398193,6594
2.5176401138305664,6594
2.5188796520233154,6594
2.5201199054718018,6594
2.5210354328155518,6594
2.5219459533691406,6594
2.5231873989105225,6594
2.524596929550171,6594
2.5255038738250732,6594
2.5267462730407715,6594
2.5276551246643066,6594
2.5285654067993164,6594
2.529475450515747,6594
2.5307159423828125,6594
2.5316295623779297,6594
2.5325376987457275,6594
2.533937931060791,6594
2.535337209701538,6594
2.5367369651794434,6594
2.5379788875579834,6594
2.5392189025878906,6594
2.540133476257324,6594
2.5410468578338623,6594
2.5419540405273438,6594
2.5428667068481445,6594
2.543787717819214,6594
2.5446994304656982,6594
2.5456149578094482,6594
2.546530246734619,6594
2.54744029045105,6594
2.54852032661438,6594
2.5494296550750732,6594
2.5503334999084473,6594
2.5512497425079346,6594
2.5524978637695312,6594
2.5534205436706543,6594
2.554664134979248,6594
2.555574893951416,6594
2.556490421295166,6594
2.557729721069336,6594
2.5586369037628174,6594
2.5597145557403564,6594
2.5611093044281006,6594
2.562511444091797,6594
2.563422918319702,6594
2.5646650791168213,6594
2.565906286239624,6594
2.566816806793213,6594
2.5680553913116455,6594
2.5692965984344482,6594
2.5702080726623535,6594
2.5711240768432617,6594
2.5725231170654297,6594
2.5737721920013428,6594
2.574686288833618,6594
2.5757648944854736,6594
2.577157497406006,6594
2.5780677795410156,6594
2.578981637954712,6594
2.58038330078125,6594
2.581284999847412,6594
2.582200527191162,6594
2.583108425140381,6594
2.584521532058716,6594
2.5854289531707764,6594
2.58650541305542,6594
2.587745189666748,6594
2.5886597633361816,6594
2.590055227279663,6594
2.5909667015075684,6594
2.591874599456787,6594
2.5927858352661133,6594
2.5937047004699707,6594
2.5946199893951416,6594
2.5956947803497314,6594
2.5969338417053223,6594
2.597848892211914,6594
2.5987541675567627,6594
2.6001477241516113,6594
2.601059675216675,6594
2.601968765258789,6594
2.602879047393799,6594
2.6037983894348145,6594
2.604705572128296,6594
2.6059436798095703,6594
2.60685658454895,6594
2.6077747344970703,6594
2.6086816787719727,6594
2.6099207401275635,6594
2.6108343601226807,6594
2.611741065979004,6594
2.612649440765381,6594
2.613567590713501,6594
2.614647150039673,6594
2.6157236099243164,6594
2.6169605255126953,6594
2.6182029247283936,6594
2.6191158294677734,6594
2.620033025741577,6594
2.6212730407714844,6594
2.6225216388702393,6594
2.6234402656555176,6594
2.62483811378479,6594
2.6257541179656982,6594
2.626666307449341,6594
2.627573013305664,6594
2.6284823417663574,6594
2.629561185836792,6594
2.630476713180542,6594
2.6313838958740234,6594
2.632622241973877,6594
2.633709669113159,6594
2.634624719619751,6594
2.6355385780334473,6594
2.6364476680755615,6594
2.637356758117676,6594
2.638596534729004,6594
2.639508008956909,6594
2.6409027576446533,6594
2.641819477081299,6594
2.642731189727783,6594
2.6436450481414795,6594
2.6445515155792236,6594
2.6457901000976562,6594
2.646707773208618,6594
2.6479434967041016,6594
2.6493449211120605,6594
2.6502559185028076,6594
2.6516571044921875,6594
2.652573585510254,6594
2.6538188457489014,6594
2.654733419418335,6594
2.655973196029663,6594
2.657214641571045,6594
2.658461332321167,6594
2.659367322921753,6594
2.660276174545288,6594
2.6611838340759277,6594
2.6622817516326904,6594
2.663693428039551,6594
2.664602756500244,6594
2.6655092239379883,6594
2.6669061183929443,6594
2.667816400527954,6594
2.6687304973602295,6594
2.6699674129486084,6594
2.6708836555480957,6594
2.6721205711364746,6594
2.673032522201538,6594
2.6739487648010254,6594
2.6748576164245605,6594
2.675774574279785,6594
2.6770153045654297,6594
2.6780972480773926,6594
2.6791746616363525,6594
2.680086135864258,6594
2.6810028553009033,6594
2.6820812225341797,6594
2.6834888458251953,6594
2.6844003200531006,6594
2.6854755878448486,6594
2.686384916305542,6594
2.687290906906128,6594
2.688199281692505,6594
2.6891164779663086,6594
2.690361499786377,6594
2.691603422164917,6594
2.692514181137085,6594
2.6934309005737305,6594
2.694671154022217,6594
2.6955862045288086,6594
2.696664333343506,6594
2.6980578899383545,6594
2.6991395950317383,6594
2.7005348205566406,6594
2.7019314765930176,6594
2.703172206878662,6594
2.704087972640991,6594
2.7051680088043213,6594
2.7064149379730225,6594
2.707493543624878,6594
2.708730936050415,6594
2.709641218185425,6594
2.710881471633911,6594
2.712124824523926,6594
2.7133753299713135,6594
2.7146177291870117,6594
2.71553111076355,6594
2.7167680263519287,6594
2.7176778316497803,6594
2.719071865081787,6594
2.7203125953674316,6594
2.721229076385498,6594
2.72214412689209,6594
2.7230498790740967,6594
2.72430157661438,6594
2.7252137660980225,6594
2.7264602184295654,6594
2.727372407913208,6594
2.728450298309326,6594
2.729688882827759,6594
2.7307682037353516,6594
2.732006311416626,6594
2.733085870742798,6594
2.7340099811553955,6594
2.7349205017089844,6594
2.736316680908203,6594
2.7377171516418457,6594
2.7387959957122803,6594
2.740037441253662,6594
2.7412824630737305,6594
2.7421886920928955,6594
2.743098258972168,6594
2.7440178394317627,6594
2.7449371814727783,6594
2.7461767196655273,6594
2.747082233428955,6594
2.748324394226074,6594
2.7495691776275635,6594
2.750478982925415,6594
2.75138521194458,6594
2.752622604370117,6594
2.7537059783935547,6594
2.7551023960113525,6594
2.756183624267578,6594
2.7575843334198,6594
2.7584903240203857,6594
2.759727716445923,6594
2.7609660625457764,6594
2.762207269668579,6594
2.7631187438964844,6594
2.7643768787384033,6594
2.7652854919433594,6594
2.766528367996216,6594
2.767444610595703,6594
2.768352508544922,6594
2.7697460651397705,6594
2.7706515789031982,6594
2.7715682983398438,6594
2.7724828720092773,6594
2.773732900619507,6594
2.774648666381836,6594
2.7755584716796875,6594
2.776637554168701,6594
2.7775440216064453,6594
2.7787821292877197,6594
2.7796928882598877,6594
2.780932903289795,6594
2.7818453311920166,6594
2.782757043838501,6594
2.78415846824646,6594
2.785560369491577,6594
2.786475419998169,6594
2.787867546081543,6594
2.789106845855713,6594
2.7903504371643066,6594
2.7915875911712646,6594
2.79282546043396,6594
2.793917179107666,6594
2.795313835144043,6594
2.796231985092163,6594
2.7976326942443848,6594
2.7988734245300293,6594
2.800114631652832,6594
2.801032066345215,6594
2.80193829536438,6594
2.8033335208892822,6594
2.8042449951171875,6594
2.8056485652923584,6594
2.8067243099212646,6594
2.807964324951172,6594
2.809044361114502,6594
2.8099565505981445,6594
2.811356544494629,6594
2.8125967979431152,6594
2.8139984607696533,6594
2.814913034439087,6594
2.8163094520568848,6594
2.8172190189361572,6594
2.8184635639190674,6594
2.8193726539611816,6594
2.8202757835388184,6594
2.821521043777466,6594
2.8224246501922607,6594
2.823328733444214,6594
2.8242509365081787,6594
2.825164556503296,6594
2.826071262359619,6594
2.8274731636047363,6594
2.8285512924194336,6594
2.829458713531494,6594
2.8307011127471924,6594
2.831615447998047,6594
2.8325250148773193,6594
2.8334455490112305,6594
2.834524154663086,6594
2.8357596397399902,6594
2.8366708755493164,6594
2.8380661010742188,6594
2.839310646057129,6594
2.8402230739593506,6594
2.841130495071411,6594
2.842040777206421,6594
2.843280076980591,6594
2.844693183898926,6594
2.845608711242676,6594
2.846848964691162,6594
2.848090648651123,6594
2.8491716384887695,6594
2.850414276123047,6594
2.851653814315796,6594
2.8528928756713867,6594
2.8541452884674072,6594
2.855389356613159,6594
2.8562939167022705,6594
2.8576934337615967,6594
2.858604907989502,6594
2.8600010871887207,6594
2.860912561416626,6594
2.8623077869415283,6594
2.8637163639068604,6594
2.8651139736175537,6594
2.866515636444092,6594
2.8675928115844727,6594
2.868501663208008,6594
2.8694119453430176,6594
2.870488405227661,6594
2.8714020252227783,6594
2.872795343399048,6594
2.87372088432312,6594
2.87463641166687,6594
2.8758764266967773,6594
2.8771164417266846,6594
2.8783602714538574,6594
2.879601240158081,6594
2.8805124759674072,6594
2.8815934658050537,6594
2.882985830307007,6594
2.8839073181152344,6594
2.885148286819458,6594
2.8862266540527344,6594
2.8871448040008545,6594
2.8880622386932373,6594
2.8893046379089355,6594
2.8905529975891113,6594
2.8917908668518066,6594
2.892709970474243,6594
2.893794298171997,6594
2.89503812789917,6594
2.896278142929077,6594
2.8976778984069824,6594
2.8985939025878906,6594
2.899503707885742,6594
2.900414228439331,6594
2.901491165161133,6594
2.9023993015289307,6594
2.9034831523895264,6594
2.9043946266174316,6594
2.9052937030792236,6594
2.906377077102661,6594
2.9072866439819336,6594
2.9085309505462646,6594
2.909769296646118,6594
2.9111669063568115,6594
2.9120800495147705,6594
2.9133191108703613,6594
2.914574384689331,6594
2.9156532287597656,6594
2.91689133644104,6594
2.918131113052368,6594
2.9190425872802734,6594
2.919952154159546,6594
2.9208590984344482,6594
2.92193865776062,6594
2.9231793880462646,6594
2.9241061210632324,6594
2.925013780593872,6594
2.9264116287231445,6594
2.9273109436035156,6594
2.9282279014587402,6594
2.929475784301758,6594
2.930379867553711,6594
2.9316184520721436,6594
2.9326977729797363,6594
2.933781862258911,6594
2.9350240230560303,6594
2.9359350204467773,6594
2.937016010284424,6594
2.937927007675171,6594
2.938835620880127,6594
2.940077304840088,6594
2.941319227218628,6594
2.942721366882324,6594
2.943643569946289,6594
2.94488525390625,6594
2.9458017349243164,6594
2.9471993446350098,6594
2.9481093883514404,6594
2.9490246772766113,6594
2.950425386428833,6594
2.95181941986084,6594
2.9530587196350098,6594
2.9539780616760254,6594
2.955381155014038,6594
2.9566187858581543,6594
2.9578592777252197,6594
2.9587666988372803,6594
2.960003137588501,6594
2.961085557937622,6594
2.9619927406311035,6594
2.962902784347534,6594
2.963832139968872,6594
2.9652295112609863,6594
2.9664769172668457,6594
2.9678726196289062,6594
2.969113349914551,6594
2.970357894897461,6594
2.9715988636016846,6594
2.9725098609924316,6594
2.973757266998291,6594
2.9751510620117188,6594
2.976062774658203,6594
2.977464437484741,6594
2.978372573852539,6594
2.979767322540283,6594
2.980682134628296,6594
2.9815924167633057,6594
2.98298716545105,6594
2.9839117527008057,6594
2.985154151916504,6594
2.986398220062256,6594
2.987298011779785,6594
2.988213062286377,6594
2.989130973815918,6594
2.9900424480438232,6594
2.990950584411621,6594
2.992352247238159,6594
2.9932541847229004,6594
2.9946634769439697,6594
2.995574951171875,6594
2.9968156814575195,6594
2.9980547428131104,6594
2.998967170715332,6594
3.000210762023926,6594
3.001457929611206,6594
3.002697467803955,6594
3.003620147705078,6594
3.0045347213745117,6594
3.0056140422821045,6594
3.0070066452026367,6594
3.008249044418335,6594
3.0094943046569824,6594
3.0104095935821533,6594
3.011803150177002,6594
3.0127153396606445,6594
3.014117956161499,6594
3.015030860900879,6594
3.0159425735473633,6594
3.0168566703796387,6594
3.017770290374756,6594
3.0186872482299805,6594
3.020080089569092,6594
3.021324872970581,6594
3.0222346782684326,6594
3.02314829826355,6594
3.024064779281616,6594
3.024977445602417,6594
3.025895357131958,6594
3.026815176010132,6594
3.027724027633667,6594
3.028635025024414,6594
3.0295486450195312,6594
3.0307865142822266,6594
3.031693458557129,6594
3.0327706336975098,6594
3.0336878299713135,6594
3.0350842475891113,6594
3.0359983444213867,6594
3.037240505218506,6594
3.038149118423462,6594
3.039548635482788,6594
3.040945529937744,6594
3.0418598651885986,6594
3.043102264404297,6594
3.0443601608276367,6594
3.0456011295318604,6594
3.0468406677246094,6594
3.0477514266967773,6594
3.0489883422851562,6594
3.0500690937042236,6594
3.050981044769287,6594
3.05206036567688,6594
3.053302049636841,6594
3.0542213916778564,6594
3.055466413497925,6594
3.05637264251709,6594
3.0572705268859863,6594
3.058514356613159,6594
3.0594305992126465,6594
3.0606701374053955,6594
3.0619120597839355,6594
3.062830686569214,6594
3.063750743865967,6594
3.065147638320923,6594
3.066397190093994,6594
3.067302703857422,6594
3.0682218074798584,6594
3.0696210861206055,6594
3.0705299377441406,6594
3.071922540664673,6594
3.07316517829895,6594
3.0740854740142822,6594
3.075167179107666,6594
3.076247215270996,6594
3.0771596431732178,6594
3.078401565551758,6594
3.079308032989502,6594
3.080214738845825,6594
3.081125497817993,6594
3.0820329189300537,6594
3.083111047744751,6594
3.0840346813201904,6594
3.085277795791626,6594
3.086190700531006,6594
3.087104558944702,6594
3.0883474349975586,6594
3.0894296169281006,6594
3.090344190597534,6594
3.0912511348724365,6594
3.0921592712402344,6594
3.093413829803467,6594
3.0943164825439453,6594
3.09556245803833,6594
3.0968000888824463,6594
3.0977070331573486,6594
3.0986204147338867,6594
3.0995326042175293,6594
3.1007742881774902,6594
3.1020143032073975,6594
3.1029255390167236,6594
3.1038551330566406,6594
3.1050965785980225,6594
3.106011152267456,6594
3.1069300174713135,6594
3.1080093383789062,6594
3.1089236736297607,6594
3.1098361015319824,6594
3.110915184020996,6594
3.111825466156006,6594
3.112738609313965,6594
3.1141409873962402,6594
3.1152238845825195,6594
3.1166272163391113,6594
3.117539405822754,6594
3.1189351081848145,6594
3.1200156211853027,6594
3.1209278106689453,6594
3.121840476989746,6594
3.1232378482818604,6594
3.1241607666015625,6594
3.1250691413879395,6594
3.1263105869293213,6594
3.127559185028076,6594
3.128474712371826,6594
3.129385232925415,6594
3.1302897930145264,6594
3.1311988830566406,6594
3.1321043968200684,6594
3.133021593093872,6594
3.13427472114563,6594
3.1353609561920166,6594
3.1367557048797607,6594
3.137664794921875,6594
3.138904094696045,6594
3.139816999435425,6594
3.140732765197754,6594
3.1416447162628174,6594
3.142549753189087,6594
3.1436359882354736,6594
3.1450324058532715,6594
3.146435260772705,6594
3.1478312015533447,6594
3.1487464904785156,6594
3.149827718734741,6594
3.150740385055542,6594
3.1516501903533936,6594
3.152557134628296,6594
3.153803825378418,6594
3.1550469398498535,6594
3.156290054321289,6594
3.1572022438049316,6594
3.1581180095672607,6594
3.159364938735962,6594
3.1604440212249756,6594
3.1615207195281982,6594
3.162916421890259,6594
3.16432523727417,6594
3.1652348041534424,6594
3.166635036468506,6594
3.167548179626465,6594
3.1689412593841553,6594
3.1700217723846436,6594
3.1712653636932373,6594
3.172666311264038,6594
3.1740758419036865,6594
3.1751577854156494,6594
3.1760692596435547,6594
3.1769800186157227,6594
3.177891492843628,6594
3.179133176803589,6594
3.180040121078491,6594
3.1811203956604004,6594
3.1820297241210938,6594
3.1832709312438965,6594
3.1841909885406494,6594
3.185433864593506,6594
3.18633770942688,6594
3.1872434616088867,6594
3.1886415481567383,6594
3.189553737640381,6594
3.1907920837402344,6594
3.1917059421539307,6594
3.1926095485687256,6594
3.194011926651001,6594
3.194927930831909,6594
3.1958444118499756,6594
3.197087049484253,6594
3.1981658935546875,6594
3.1990790367126465,6594
3.1999924182891846,6594
3.2009029388427734,6594
3.201815128326416,6594
3.2030580043792725,6594
3.203977584838867,6594
3.205066442489624,6594
3.2059764862060547,6594
3.207376718521118,6594
3.208282709121704,6594
3.2091946601867676,6594
3.210440158843994,6594
3.2116811275482178,6594
3.212932825088501,6594
3.213857650756836,6594
3.214777946472168,6594
3.2156877517700195,6594
3.2165982723236084,6594
3.2179930210113525,6594
3.2189061641693115,6594
3.220304489135742,6594
3.2215518951416016,6594
3.222949981689453,6594
3.2238705158233643,6594
3.2247822284698486,6594
3.225698709487915,6594
3.226935625076294,6594
3.227849245071411,6594
3.2289280891418457,6594
3.22983980178833,6594
3.2312750816345215,6594
3.2325353622436523,6594
3.2336390018463135,6594
3.234562873840332,6594
3.235804319381714,6594
3.2367358207702637,6594
3.2376508712768555,6594
3.238558292388916,6594
3.239475965499878,6594
3.2403903007507324,6594
3.2413008213043213,6594
3.242211103439331,6594
3.2431232929229736,6594
3.2443792819976807,6594
3.2452898025512695,6594
3.2461962699890137,6594
3.2475974559783936,6594
3.2488396167755127,6594
3.2497541904449463,6594
3.2506637573242188,6594
3.2515814304351807,6594
3.252490758895874,6594
3.253412961959839,6594
3.2543179988861084,6594
3.255223035812378,6594
3.2566230297088623,6594
3.2575316429138184,6594
3.2584409713745117,6594
3.259519577026367,6594
3.2604281902313232,6594
3.2616684436798096,6594
3.2629055976867676,6594
3.2641584873199463,6594
3.2650668621063232,6594
3.2664670944213867,6594
3.267378091812134,6594
3.2684552669525146,6594
3.2696945667266846,6594
3.271092176437378,6594
3.2720091342926025,6594
3.272921085357666,6594
3.2741737365722656,6594
3.2750933170318604,6594
3.2763326168060303,6594
3.277583122253418,6594
3.2789788246154785,6594
3.2798924446105957,6594
3.280811309814453,6594
3.2820544242858887,6594
3.2831382751464844,6594
3.2840652465820312,6594
3.285309314727783,6594
3.286712169647217,6594
3.2876226902008057,6594
3.2890172004699707,6594
3.2899372577667236,6594
3.291184663772583,6594
3.2924299240112305,6594
3.2938315868377686,6594
3.294750928878784,6594
3.2956674098968506,6594
3.296574115753174,6594
3.297971725463867,6594
3.2992148399353027,6594
3.300295829772949,6594
3.301694869995117,6594
3.3026037216186523,6594
3.3038482666015625,6594
3.304764747619629,6594
3.3056836128234863,6594
3.3065953254699707,6594
3.307513475418091,6594
3.3087527751922607,6594
3.3099918365478516,6594
3.311235189437866,6594
3.3126378059387207,6594
3.3135604858398438,6594
3.314804792404175,6594
3.3157219886779785,6594
3.316962480545044,6594
3.3183696269989014,6594
3.319272041320801,6594
3.3203580379486084,6594
3.3216004371643066,6594
3.3228416442871094,6594
3.3240950107574463,6594
3.3250138759613037,6594
3.325929880142212,6594
3.3268423080444336,6594
3.3277599811553955,6594
3.328667640686035,6594
3.329573154449463,6594
3.330967664718628,6594
3.3320465087890625,6594
3.3332886695861816,6594
3.3342127799987793,6594
3.335122585296631,6594
3.3360304832458496,6594
3.337273120880127,6594
3.338519334793091,6594
3.3394267559051514,6594
3.340331792831421,6594
3.341578960418701,6594
3.3424887657165527,6594
3.3433992862701416,6594
3.3443081378936768,6594
3.3455545902252197,6594
3.346463918685913,6594
3.3473756313323975,6594
3.348616123199463,6594
3.349531650543213,6594
3.3504369258880615,6594
3.3513448238372803,6594
3.3522489070892334,6594
3.353165864944458,6594
3.3542542457580566,6594
3.355166435241699,6594
3.356076955795288,6594
3.3571572303771973,6594
3.358555316925049,6594
3.3599510192871094,6594
3.360861301422119,6594
3.36177396774292,6594
3.3626842498779297,6594
3.3637681007385254,6594
3.3646795749664307,6594
3.3655850887298584,6594
3.3669774532318115,6594
3.3678908348083496,6594
3.368809700012207,6594
3.369727611541748,6594
3.3708043098449707,6594
3.372048854827881,6594
3.372957229614258,6594
3.3742077350616455,6594
3.3751232624053955,6594
3.3763680458068848,6594
3.377608299255371,6594
3.3785228729248047,6594
3.379763126373291,6594
3.380673885345459,6594
3.381580352783203,6594
3.382659912109375,6594
3.3840625286102295,6594
3.3849778175354004,6594
3.386220932006836,6594
3.387624979019165,6594
3.3885304927825928,6594
3.3897693157196045,6594
3.3906843662261963,6594
3.391925573348999,6594
3.392841339111328,6594
3.3937642574310303,6594
3.3946757316589355,6594
3.395585298538208,6594
3.3964948654174805,6594
3.3974006175994873,6594
3.3986382484436035,6594
3.3995513916015625,6594
3.400458335876465,6594
3.401851177215576,6594
3.403092384338379,6594
3.4041831493377686,6594
3.405101776123047,6594
3.4061849117279053,6594
3.4070985317230225,6594
3.408008098602295,6594
3.4092493057250977,6594
3.410327196121216,6594
3.411238193511963,6594
3.4121503829956055,6594
3.413060426712036,6594
3.4139864444732666,6594
3.4149036407470703,6594
3.4163010120391846,6594
3.417207717895508,6594
3.418452024459839,6594
3.4196949005126953,6594
3.420604944229126,6594
3.4215126037597656,6594
3.4225893020629883,6594
3.423508405685425,6594
3.4245893955230713,6594
3.4254977703094482,6594
3.4264070987701416,6594
3.427644729614258,6594
3.4285566806793213,6594
3.429952621459961,6594
3.4311954975128174,6594
3.4321014881134033,6594
3.43335223197937,6594
3.4347474575042725,6594
3.435826301574707,6594
3.437067747116089,6594
3.4381484985351562,6594
3.4390547275543213,6594
3.440136671066284,6594
3.4413821697235107,6594
3.442290782928467,6594
3.4435431957244873,6594
3.4444572925567627,6594
3.44537353515625,6594
3.4467692375183105,6594
3.4478511810302734,6594
3.449091672897339,6594
3.4500060081481934,6594
3.450914144515991,6594
3.4523119926452637,6594
3.453228712081909,6594
3.454486608505249,6594
3.4554038047790527,6594
3.4567975997924805,6594
3.4580373764038086,6594
3.4589502811431885,6594
3.460350751876831,6594
3.461589813232422,6594
3.4626688957214355,6594
3.4639153480529785,6594
3.4651598930358887,6594
3.4660804271698,6594
3.467322587966919,6594
3.468254804611206,6594
3.4695050716400146,6594
3.4707486629486084,6594
3.471667528152466,6594
3.472580909729004,6594
3.4738287925720215,6594
3.4750757217407227,6594
3.475992202758789,6594
3.4772326946258545,6594
3.4783132076263428,6594
3.479715585708618,6594
3.481112003326416,6594
3.482025146484375,6594
3.482938528060913,6594
3.483865976333618,6594
3.4849483966827393,6594
3.4858667850494385,6594
3.4871113300323486,6594
3.4880290031433105,6594
3.4889402389526367,6594
3.489849090576172,6594
3.4910902976989746,6594
3.492171287536621,6594
3.4932596683502197,6594
3.4946722984313965,6594
3.495584726333618,6594
3.4964942932128906,6594
3.4974048137664795,6594
3.4983127117156982,6594
3.499220371246338,6594
3.5001351833343506,6594
3.5012154579162598,6594
3.5026187896728516,6594
3.503868818283081,6594
3.50526762008667,6594
3.506174087524414,6594
3.507082939147949,6594
3.5083227157592773,6594
3.509408473968506,6594
3.5108048915863037,6594
3.5117247104644775,6594
3.5129621028900146,6594
3.514054298400879,6594
3.5149667263031006,6594
3.515876054763794,6594
3.5171170234680176,6594
3.51802396774292,6594
3.518939971923828,6594
3.519852638244629,6594
3.5207679271698,6594
3.521843910217285,6594
3.523085355758667,6594
3.524336814880371,6594
3.525582790374756,6594
3.5264892578125,6594
3.5273988246917725,6594
3.5286381244659424,6594
3.5297183990478516,6594
3.530625104904175,6594
3.5315403938293457,6594
3.5324528217315674,6594
3.533700466156006,6594
3.5346128940582275,6594
3.5355303287506104,6594
3.5367703437805176,6594
3.5376803874969482,6594
3.538917064666748,6594
3.539829969406128,6594
3.5412256717681885,6594
3.5421395301818848,6594
3.54305362701416,6594
3.544464588165283,6594
3.5453755855560303,6594
3.546280860900879,6594
3.547367572784424,6594
3.548445463180542,6594
3.5496861934661865,6594
3.5505921840667725,6594
3.551669120788574,6594
3.5525786876678467,6594
3.5534989833831787,6594
3.5544161796569824,6594
3.555654764175415,6594
3.556892156600952,6594
3.5581345558166504,6594
3.5590407848358154,6594
3.5599589347839355,6594
3.561038017272949,6594
3.561946392059326,6594
3.562864065170288,6594
3.563953399658203,6594
3.565196990966797,6594
3.566107988357544,6594
3.567019462585449,6594
3.5680997371673584,6594
3.569014310836792,6594
3.57025408744812,6594
3.5711615085601807,6594
3.5720789432525635,6594
3.573157548904419,6594
3.57407808303833,6594
3.575477361679077,6594
3.576387643814087,6594
3.5772922039031982,6594
3.578202962875366,6594
3.579604387283325,6594
3.580998182296753,6594
3.5822408199310303,6594
3.5831551551818848,6594
3.5840752124786377,6594
3.5849876403808594,6594
3.5860681533813477,6594
3.5869767665863037,6594
3.5882177352905273,6594
3.589463949203491,6594
3.590374231338501,6594
3.5912790298461914,6594
3.5925259590148926,6594
3.593926191329956,6594
3.5953242778778076,6594
3.5962376594543457,6594
3.597153902053833,6594
3.5980682373046875,6594
3.5989763736724854,6594
3.600214958190918,6594
3.601125478744507,6594
3.6020402908325195,6594
3.602952003479004,6594
3.603872060775757,6594
3.605113983154297,6594
3.606363534927368,6594
3.607602834701538,6594
3.608508825302124,6594
3.6097517013549805,6594
3.610990047454834,6594
3.611910581588745,6594
3.613306999206543,6594
3.614229917526245,6594
3.615140438079834,6594
3.6162190437316895,6594
3.6171298027038574,6594
3.6180427074432373,6594
3.6189539432525635,6594
3.6203548908233643,6594
3.6212644577026367,6594
3.6221697330474854,6594
3.623081684112549,6594
3.624000310897827,6594
3.62491512298584,6594
3.625828742980957,6594
3.62674617767334,6594
3.6276609897613525,6594
3.6290552616119385,6594
3.6299686431884766,6594
3.630875825881958,6594
3.631788492202759,6594
3.632706880569458,6594
3.6339502334594727,6594
3.6348652839660645,6594
3.6362619400024414,6594
3.6371772289276123,6594
3.6380867958068848,6594
3.63948655128479,6594
3.6403918266296387,6594
3.641631841659546,6594
3.6427135467529297,6594
3.643634557723999,6594
3.645033597946167,6594
3.6462769508361816,6594
3.647522211074829,6594
3.6485989093780518,6594
3.6499924659729004,6594
3.650905132293701,6594
3.6518173217773438,6594
3.653059244155884,6594
3.6539814472198486,6594
3.6548924446105957,6594
3.656130313873291,6594
3.657374620437622,6594
3.658615827560425,6594
3.660011053085327,6594
3.6612558364868164,6594
3.6621854305267334,6594
3.663595199584961,6594
3.6649959087371826,6594
3.665910482406616,6594
3.666818380355835,6594
3.6680595874786377,6594
3.6689746379852295,6594
3.669888973236084,6594
3.6707966327667236,6594
3.671705484390259,6594
3.673100709915161,6594
3.674025058746338,6594
3.674940347671509,6594
3.675858736038208,6594
3.677098512649536,6594
3.678011178970337,6594
3.6789252758026123,6594
3.679837226867676,6594
3.6809170246124268,6594
3.6823134422302246,6594
3.6832261085510254,6594
3.6841542720794678,6594
3.6854019165039062,6594
3.686306953430176,6594
3.6872129440307617,6594
3.688119888305664,6594
3.6893653869628906,6594
3.6902713775634766,6594
3.691178798675537,6594
3.692084312438965,6594
3.692999839782715,6594
3.694411516189575,6594
3.695316791534424,6594
3.696401596069336,6594
3.6976397037506104,6594
3.6987202167510986,6594
3.69963002204895,6594
3.700871229171753,6594
3.702113151550293,6594
3.703023910522461,6594
3.703941822052002,6594
3.7053377628326416,6594
3.706242084503174,6594
3.7073211669921875,6594
3.7082278728485107,6594
3.709630012512207,6594
3.710541009902954,6594
3.7119340896606445,6594
3.712846517562866,6594
3.7142512798309326,6594
3.7151618003845215,6594
3.716076135635376,6594
3.7169952392578125,6594
3.7183942794799805,6594
3.71929669380188,6594
3.720210313796997,6594
3.7211294174194336,6594
3.7225375175476074,6594
3.7234489917755127,6594
3.7246904373168945,6594
3.7260847091674805,6594
3.7274856567382812,6594
3.728565216064453,6594
3.7294723987579346,6594
3.7307114601135254,6594
3.7316246032714844,6594
3.732532501220703,6594
3.7334439754486084,6594
3.73452091217041,6594
3.7354307174682617,6594
3.7363293170928955,6594
3.7377312183380127,6594
3.7389705181121826,6594
3.7400500774383545,6594
3.7409586906433105,6594
3.7418696880340576,6594
3.7431111335754395,6594
3.7440335750579834,6594
3.7449402809143066,6594
3.7458553314208984,6594
3.746762275695801,6594
3.748002052307129,6594
3.7489137649536133,6594
3.7499961853027344,6594
3.7509071826934814,6594
3.7523016929626465,6594
3.7533960342407227,6594
3.7542977333068848,6594
3.7553834915161133,6594
3.7562825679779053,6594
3.7576804161071777,6594
3.758600950241089,6594
3.7595160007476807,6594
3.760753870010376,6594
3.7616631984710693,6594
3.763056993484497,6594
3.764309883117676,6594
3.765712261199951,6594
3.766789197921753,6594
3.767695903778076,6594
3.768599033355713,6594
3.7695112228393555,6594
3.7704179286956787,6594
3.771502733230591,6594
3.7727463245391846,6594
3.7739927768707275,6594
3.7749037742614746,6594
3.776141881942749,6594
3.777219772338867,6594
3.7781317234039307,6594
3.779040575027466,6594
3.7802815437316895,6594
3.7813644409179688,6594
3.7822628021240234,6594
3.783175468444824,6594
3.7844302654266357,6594
3.7853357791900635,6594
3.7865800857543945,6594
3.7878201007843018,6594
3.7887399196624756,6594
3.7901318073272705,6594
3.791212797164917,6594
3.7921221256256104,6594
3.793029308319092,6594
3.7942795753479004,6594
3.7951927185058594,6594
3.796104669570923,6594
3.7973501682281494,6594
3.798255443572998,6594
3.7993361949920654,6594
3.8004209995269775,6594
3.801320791244507,6594
3.8022286891937256,6594
3.803138017654419,6594
3.804063320159912,6594
3.804980754852295,6594
3.8058905601501465,6594
3.806796073913574,6594
3.808037757873535,6594
3.809276580810547,6594
3.8103604316711426,6594
3.811267614364624,6594
3.8123531341552734,6594
3.813754081726074,6594
3.814664363861084,6594
3.8160600662231445,6594
3.816971778869629,6594
3.8182098865509033,6594
3.8191230297088623,6594
3.8205227851867676,6594
3.8214402198791504,6594
3.822352170944214,6594
3.823261260986328,6594
3.824178695678711,6594
3.8254239559173584,6594
3.8263256549835205,6594
3.8272361755371094,6594
3.8281495571136475,6594
3.8292276859283447,6594
3.8301405906677246,6594
3.831052541732788,6594
3.8322947025299072,6594
3.8333888053894043,6594
3.834468364715576,6594
3.8358657360076904,6594
3.836772918701172,6594
3.83785343170166,6594
3.839094877243042,6594
3.8399996757507324,6594
3.8409132957458496,6594
3.8418242931365967,6594
3.8430631160736084,6594
3.843980073928833,6594
3.844890594482422,6594
3.8458011150360107,6594
3.8470401763916016,6594
3.8482792377471924,6594
3.8495261669158936,6594
3.8507649898529053,6594
3.8516736030578613,6594
3.8529107570648193,6594
3.853830337524414,6594
3.854738473892212,6594
3.8558175563812256,6594
3.8567304611206055,6594
3.8576409816741943,6594
3.8590352535247803,6594
3.8599534034729004,6594
3.8608694076538086,6594
3.861778974533081,6594
3.8626902103424072,6594
3.8636066913604736,6594
3.8648459911346436,6594
3.865756034851074,6594
3.866671323776245,6594
3.867579460144043,6594
3.868488311767578,6594
3.869396448135376,6594
3.870633840560913,6594
3.87154483795166,6594
3.872621774673462,6594
3.8737082481384277,6594
3.874950408935547,6594
3.8761918544769287,6594
3.877436637878418,6594
3.8783509731292725,6594
3.87925386428833,6594
3.880169153213501,6594
3.8810832500457764,6594
3.88199520111084,6594
3.88340163230896,6594
3.884303569793701,6594
3.8855481147766113,6594
3.886460542678833,6594
3.887369155883789,6594
3.8886072635650635,6594
3.8895156383514404,6594
3.890429973602295,6594
3.8916690349578857,6594
3.892913341522217,6594
3.8938333988189697,6594
3.894745349884033,6594
3.8959808349609375,6594
3.8970634937286377,6594
3.8979790210723877,6594
3.8990588188171387,6594
3.9003000259399414,6594
3.9015488624572754,6594
3.902625799179077,6594
3.903872013092041,6594
3.905113697052002,6594
3.906036853790283,6594
3.9072797298431396,6594
3.9081897735595703,6594
3.909268856048584,6594
3.9101812839508057,6594
3.911259651184082,6594
3.9121689796447754,6594
3.9134178161621094,6594
3.9143295288085938,6594
3.9152438640594482,6594
3.916154384613037,6594
3.9175572395324707,6594
3.918466091156006,6594
3.9195446968078613,6594
3.9207844734191895,6594
3.921701431274414,6594
3.9226057529449463,6594
3.9238550662994385,6594
3.9252548217773438,6594
3.926173448562622,6594
3.927082061767578,6594
3.927990198135376,6594
3.928907871246338,6594
3.9299893379211426,6594
3.931230068206787,6594
3.932478904724121,6594
3.93339204788208,6594
3.9346354007720947,6594
3.9355454444885254,6594
3.9366257190704346,6594
3.937861919403076,6594
3.938774824142456,6594
3.9400148391723633,6594
3.941256284713745,6594
3.9425013065338135,6594
3.9434211254119873,6594
3.944662570953369,6594
3.945573091506958,6594
3.946965456008911,6594
3.9483680725097656,6594
3.9496076107025146,6594
3.950519323348999,6594
3.9514267444610596,6594
3.952820301055908,6594
3.953908681869507,6594
3.9553043842315674,6594
3.9563891887664795,6594
3.957627296447754,6594
3.9585371017456055,6594
3.9594507217407227,6594
3.960690975189209,6594
3.9617671966552734,6594
3.9631590843200684,6594
3.9640872478485107,6594
3.9653289318084717,6594
3.9667296409606934,6594
3.9679677486419678,6594
3.968878746032715,6594
3.969791889190674,6594
3.9711856842041016,6594
3.9722681045532227,6594
3.9735207557678223,6594
3.974439859390259,6594
3.975677728652954,6594
3.9765923023223877,6594
3.977830648422241,6594
3.9790711402893066,6594
3.9801506996154785,6594
3.9813971519470215,6594
3.9822998046875,6594
3.983207941055298,6594
3.9846181869506836,6594
3.985530138015747,6594
3.9867658615112305,6594
3.988003730773926,6594
3.9889159202575684,6594
3.9903130531311035,6594
3.9917149543762207,6594
3.9926369190216064,6594
3.9935524463653564,6594
3.9944615364074707,6594
3.9953722953796387,6594
3.9964511394500732,6594
3.997690439224243,6594
3.998605251312256,6594
3.9998459815979004,6594
4.000929117202759,6594
4.002010107040405,6594
4.0029261112213135,6594
4.003846883773804,6594
4.0052430629730225,6594
4.006642818450928,6594
4.007551431655884,6594
4.0084593296051025,6594
4.009854555130005,6594
4.0112504959106445,6594
4.012329578399658,6594
4.01373553276062,6594
4.014647483825684,6594
4.015562534332275,6594
4.016478538513184,6594
4.017873287200928,6594
4.018789529800415,6594
4.019701957702637,6594
4.02061653137207,6594
4.021854877471924,6594
4.022764682769775,6594
4.0240089893341064,6594
4.025411605834961,6594
4.026315450668335,6594
4.027221918106079,6594
4.028623104095459,6594
4.029863119125366,6594
4.030776500701904,6594
4.031693458557129,6594
4.0326008796691895,6594
4.033846378326416,6594
4.034929037094116,6594
4.03583550453186,6594
4.037229776382446,6594
4.038139343261719,6594
4.039046764373779,6594
4.039963483810425,6594
4.041207313537598,6594
4.042119979858398,6594
4.043030738830566,6594
4.044281959533691,6594
4.045530557632446,6594
4.046610116958618,6594
4.047687292098999,6594
4.048766613006592,6594
4.050005197525024,6594
4.051244735717773,6594
4.052643537521362,6594
4.053887605667114,6594
4.0548014640808105,6594
4.056046009063721,6594
4.057124376296997,6594
4.05803656578064,6594
4.058946132659912,6594
4.0598649978637695,6594
4.061102867126465,6594
4.0625035762786865,6594
4.063419580459595,6594
4.064326524734497,6594
4.06557297706604,6594
4.0664801597595215,6594
4.067394256591797,6594
4.068633556365967,6594
4.069869518280029,6594
4.0709497928619385,6594
4.07218861579895,6594
4.073097229003906,6594
4.074509620666504,6594
4.07542085647583,6594
4.076318740844727,6594
4.077230930328369,6594
4.078142166137695,6594
4.079218626022339,6594
4.080463886260986,6594
4.081372976303101,6594
4.082275152206421,6594
4.083181381225586,6594
4.0844337940216064,6594
4.085672855377197,6594
4.086911678314209,6594
4.087827682495117,6594
4.088737487792969,6594
4.089976072311401,6594
4.091379880905151,6594
4.092285394668579,6594
4.093374013900757,6594
4.094279050827026,6594
4.0951924324035645,6594
4.096270799636841,6594
4.097671031951904,6594
4.098581314086914,6594
4.099493503570557,6594
4.10040020942688,6594
4.10129976272583,6594
4.1025450229644775,6594
4.103790044784546,6594
4.104874849319458,6594
4.105786323547363,6594
4.1071836948394775,6594
4.1080968379974365,6594
4.109010696411133,6594
4.11041259765625,6594
4.111806154251099,6594
4.1127095222473145,6594
4.113954782485962,6594
4.115037202835083,6594
4.116278409957886,6594
4.117525815963745,6594
4.118763208389282,6594
4.1196677684783936,6594
4.120746612548828,6594
4.121652603149414,6594
4.122559547424316,6594
4.123469352722168,6594
4.124373912811279,6594
4.125272035598755,6594
4.126182317733765,6594
4.1274254322052,6594
4.12833571434021,6594
4.1292431354522705,6594
4.130148410797119,6594
4.131227493286133,6594
4.132144927978516,6594
4.133062839508057,6594
4.133990287780762,6594
4.135232925415039,6594
4.136145830154419,6594
4.137049913406372,6594
4.138129472732544,6594
4.139530420303345,6594
4.140437841415405,6594
4.1413490772247314,6594
4.142249822616577,6594
4.143166542053223,6594
4.144257307052612,6594
4.145169973373413,6594
4.146568775177002,6594
4.147477388381958,6594
4.148870944976807,6594
4.150110483169556,6594
4.151023626327515,6594
4.15193247795105,6594
4.152838468551636,6594
4.153765439987183,6594
4.154844522476196,6594
4.15623927116394,6594
4.15714955329895,6594
4.158546209335327,6594
4.159626007080078,6594
4.161017417907715,6594
4.162097454071045,6594
4.163177251815796,6594
4.164586544036865,6594
4.16550350189209,6594
4.166411876678467,6594
4.167311668395996,6594
4.168220043182373,6594
4.169464111328125,6594
4.17038106918335,6594
4.171283960342407,6594
4.1725287437438965,6594
4.173776865005493,6594
4.17468786239624,6594
4.175595998764038,6594
4.176988363265991,6594
4.177899599075317,6594
4.179137945175171,6594
4.180048942565918,6594
4.1809611320495605,6594
4.182202339172363,6594
4.183115482330322,6594
4.184369802474976,6594
4.185272932052612,6594
4.186356782913208,6594
4.187254428863525,6594
4.188167333602905,6594
4.189075469970703,6594
4.189987659454346,6594
4.191229820251465,6594
4.192141056060791,6594
4.193050146102905,6594
4.194300889968872,6594
4.195703983306885,6594
4.196614980697632,6594
4.197851181030273,6594
4.199090480804443,6594
4.200007200241089,6594
4.20124888420105,6594
4.202329874038696,6594
4.2035839557647705,6594
4.20449686050415,6594
4.205406427383423,6594
4.206310272216797,6594
4.207215309143066,6594
4.208614826202393,6594
4.209852933883667,6594
4.211247682571411,6594
4.21249532699585,6594
4.213438272476196,6594
4.214353322982788,6594
4.215591907501221,6594
4.216506719589233,6594
4.217417478561401,6594
4.218656063079834,6594
4.219562768936157,6594
4.220478534698486,6594
4.2213921546936035,6594
4.222296953201294,6594
4.223202705383301,6594
4.224613428115845,6594
4.225528955459595,6594
4.226433038711548,6594
4.22767186164856,6594
4.228910446166992,6594
4.2299909591674805,6594
4.2308995723724365,6594
4.232586622238159,6594
4.233847379684448,6594
4.234777450561523,6594
4.236019849777222,6594
4.236928701400757,6594
4.238194465637207,6594
4.239105939865112,6594
4.240018367767334,6594
4.240947723388672,6594
4.242192983627319,6594
4.243109464645386,6594
4.2440266609191895,6594
4.245266914367676,6594
4.246513843536377,6594
4.247750997543335,6594
4.248662948608398,6594
4.24957275390625,6594
4.250480651855469,6594
4.2513933181762695,6594
4.252631902694702,6594
4.2535481452941895,6594
4.2546303272247314,6594
4.255539894104004,6594
4.256444454193115,6594
4.257683992385864,6594
4.25892448425293,6594
4.2601683139801025,6594
4.261078357696533,6594
4.261987209320068,6594
4.263392448425293,6594
4.264786958694458,6594
4.266183137893677,6594
4.267088413238525,6594
4.268167018890381,6594
4.269564628601074,6594
4.270476579666138,6594
4.271714687347412,6594
4.272953748703003,6594
4.27388072013855,6594
4.27512264251709,6594
4.276033401489258,6594
4.277435302734375,6594
4.278826951980591,6594
4.280064821243286,6594
4.281305551528931,6594
4.282390594482422,6594
4.283636093139648,6594
4.28487491607666,6594
4.286268949508667,6594
4.287511348724365,6594
4.2884228229522705,6594
4.289328575134277,6594
4.290266990661621,6594
4.291177988052368,6594
4.292089223861694,6594
4.292998790740967,6594
4.294086217880249,6594
4.295483827590942,6594
4.29638934135437,6594
4.297291278839111,6594
4.298538684844971,6594
4.299443960189819,6594
4.300843715667725,6594
4.301770448684692,6594
4.30301308631897,6594
4.303929805755615,6594
4.304861783981323,6594
4.305778503417969,6594
4.30668306350708,6594
4.30760383605957,6594
4.308683633804321,6594
4.309762001037598,6594
4.310998916625977,6594
4.311908483505249,6594
4.312986850738525,6594
4.31423544883728,6594
4.315635681152344,6594
4.316545248031616,6594
4.317784786224365,6594
4.318693399429321,6594
4.319608449935913,6594
4.320522308349609,6594
4.321430921554565,6594
4.322668790817261,6594
4.323913812637329,6594
4.325155258178711,6594
4.326069355010986,6594
4.3269853591918945,6594
4.3278961181640625,6594
4.3288068771362305,6594
4.330199956893921,6594
4.331279754638672,6594
4.332192420959473,6594
4.333106517791748,6594
4.334022760391235,6594
4.335264682769775,6594
4.336181879043579,6594
4.3374245166778564,6594
4.33850359916687,6594
4.339412689208984,6594
4.340652227401733,6594
4.341566801071167,6594
4.342477321624756,6594
4.343391180038452,6594
4.344786882400513,6594
4.345868825912476,6594
4.347264289855957,6594
4.348510980606079,6594
4.34942102432251,6594
4.3503241539001465,6594
4.351409435272217,6594
4.352306127548218,6594
4.353397607803345,6594
4.3547937870025635,6594
4.356188535690308,6594
4.35709285736084,6594
4.358004331588745,6594
4.359083414077759,6594
4.360163450241089,6594
4.361562728881836,6594
4.362468481063843,6594
4.363383769989014,6594
4.364623308181763,6594
4.365702152252197,6594
4.366939306259155,6594
4.36785101890564,6594
4.368764877319336,6594
4.369673490524292,6594
4.370585203170776,6594
4.371492147445679,6594
4.372570514678955,6594
4.373486042022705,6594
4.374727725982666,6594
4.375637769699097,6594
4.37654709815979,6594
4.3774566650390625,6594
4.378854036331177,6594
4.379760503768921,6594
4.380839824676514,6594
4.3817548751831055,6594
4.3826658725738525,6594
4.383910417556763,6594
4.384827136993408,6594
4.386067152023315,6594
4.387307643890381,6594
4.38821816444397,6594
4.3891282081604,6594
4.390043258666992,6594
4.390957832336426,6594
4.392195463180542,6594
4.393272161483765,6594
4.394681692123413,6594
4.395924091339111,6594
4.396831274032593,6594
4.39774227142334,6594
4.399134397506714,6594
4.400378227233887,6594
4.401615381240845,6594
4.402526378631592,6594
4.403444051742554,6594
4.404353857040405,6594
4.405595302581787,6594
4.406503200531006,6594
4.40789794921875,6594
4.4092934131622314,6594
4.4102044105529785,6594
4.4111104011535645,6594
4.412354946136475,6594
4.413599491119385,6594
4.41467809677124,6594
4.415587902069092,6594
4.416496515274048,6594
4.417889833450317,6594
4.418969631195068,6594
4.4202094078063965,6594
4.4214537143707275,6594
4.422692060470581,6594
4.423607587814331,6594
4.4246861934661865,6594
4.42607855796814,6594
4.427157878875732,6594
4.428066968917847,6594
4.4291486740112305,6594
4.430053234100342,6594
4.430959939956665,6594
4.4318742752075195,6594
4.433268070220947,6594
4.434189558029175,6594
4.4352707862854,6594
4.43618631362915,6594
4.437094688415527,6594
4.438333034515381,6594
4.439234972000122,6594
4.440478324890137,6594
4.441385984420776,6594
4.442296028137207,6594
4.4437055587768555,6594
4.444619417190552,6594
4.445857048034668,6594
4.446762561798096,6594
4.448154449462891,6594
4.449062824249268,6594
4.450461387634277,6594
4.451698064804077,6594
4.452611923217773,6594
4.453526735305786,6594
4.454436302185059,6594
4.4553444385528564,6594
4.4565818309783936,6594
4.457493543624878,6594
4.4585700035095215,6594
4.45964503288269,6594
4.460558652877808,6594
4.461470365524292,6594
4.462373971939087,6594
4.463283538818359,6594
4.464205980300903,6594
4.465111970901489,6594
4.466358423233032,6594
4.467265844345093,6594
4.468175172805786,6594
4.469417095184326,6594
4.470654726028442,6594
4.471893072128296,6594
4.473291397094727,6594
4.47438907623291,6594
4.4757843017578125,6594
4.477176666259766,6594
4.478423833847046,6594
4.479326486587524,6594
4.48022985458374,6594
4.481142997741699,6594
4.482220411300659,6594
4.483300685882568,6594
4.484221696853638,6594
4.4851274490356445,6594
4.4865264892578125,6594
4.487602949142456,6594
4.488511085510254,6594
4.489415645599365,6594
4.490325927734375,6594
4.491236686706543,6594
4.492637634277344,6594
4.4935526847839355,6594
4.494633674621582,6594
4.496025085449219,6594
4.497103929519653,6594
4.498018503189087,6594
4.499258756637573,6594
4.500169038772583,6594
4.501412868499756,6594
4.502321004867554,6594
4.503225803375244,6594
4.504148483276367,6594
4.505056142807007,6594
4.506295442581177,6594
4.507540225982666,6594
4.508452653884888,6594
4.509693384170532,6594
4.5107715129852295,6594
4.511850833892822,6594
4.513246536254883,6594
4.51450252532959,6594
4.515742540359497,6594
4.5166542530059814,6594
4.517893075942993,6594
4.5188047885894775,6594
4.520044326782227,6594
4.520961284637451,6594
4.5218729972839355,6594
4.523267507553101,6594
4.524523019790649,6594
4.525430679321289,6594
4.526667356491089,6594
4.527574062347412,6594
4.528483867645264,6594
4.529561996459961,6594
4.530471563339233,6594
4.53137993812561,6594
4.532617807388306,6594
4.533528566360474,6594
4.5344462394714355,6594
4.535522699356079,6594
4.536761283874512,6594
4.537667989730835,6594
4.538577079772949,6594
4.539656400680542,6594
4.540562391281128,6594
4.541801691055298,6594
4.542712211608887,6594
4.543957948684692,6594
4.545202016830444,6594
4.546106338500977,6594
4.547023296356201,6594
4.547935247421265,6594
4.548840522766113,6594
4.550081014633179,6594
4.550992727279663,6594
4.552234172821045,6594
4.553486108779907,6594
4.554393291473389,6594
4.555631160736084,6594
4.556708812713623,6594
4.558103322982788,6594
4.5595057010650635,6594
4.56074595451355,6594
4.5616536140441895,6594
4.562894582748413,6594
4.56381630897522,6594
4.565211534500122,6594
4.566124677658081,6594
4.567368984222412,6594
4.568762302398682,6594
4.569670915603638,6594
4.571065187454224,6594
4.571977615356445,6594
4.573057413101196,6594
4.574467658996582,6594
4.575376510620117,6594
4.576274394989014,6594
4.577190160751343,6594
4.57827091217041,6594
4.579183578491211,6594
4.5800933837890625,6594
4.580999374389648,6594
4.581908702850342,6594
4.5831520557403564,6594
4.584070444107056,6594
4.585149765014648,6594
4.58605432510376,6594
4.587452411651611,6594
4.5883564949035645,6594
4.58925724029541,6594
4.5905022621154785,6594
4.5914177894592285,6594
4.5928120613098145,6594
4.594064235687256,6594
4.594976425170898,6594
4.596216201782227,6594
4.59712290763855,6594
4.598038911819458,6594
4.59943962097168,6594
4.600335121154785,6594
4.601421356201172,6594
4.602324962615967,6594
4.6032350063323975,6594
4.604491233825684,6594
4.605728626251221,6594
4.606805324554443,6594
4.607719898223877,6594
4.60895848274231,6594
4.610199213027954,6594
4.6114418506622314,6594
4.612679481506348,6594
4.613924264907837,6594
4.6151697635650635,6594
4.616085529327393,6594
4.617487668991089,6594
4.61839747428894,6594
4.619297504425049,6594
4.620211601257324,6594
4.621122121810913,6594
4.622523784637451,6594
4.623768091201782,6594
4.62467885017395,6594
4.626072406768799,6594
4.627153158187866,6594
4.6285529136657715,6594
4.6294636726379395,6594
4.630543231964111,6594
4.631937503814697,6594
4.633175373077393,6594
4.634431600570679,6594
4.635824680328369,6594
4.637223243713379,6594
4.638139009475708,6594
4.639049768447876,6594
4.640451431274414,6594
4.6415300369262695,6594
4.642923831939697,6594
4.643850088119507,6594
4.644929885864258,6594
4.64583945274353,6594
4.64691686630249,6594
4.647827386856079,6594
4.648739576339722,6594
4.649650812149048,6594
4.650561332702637,6594
4.651472330093384,6594
4.652549505233765,6594
4.653471946716309,6594
4.6548683643341064,6594
4.655947208404541,6594
4.657186985015869,6594
4.658095121383667,6594
4.65949559211731,6594
4.660736322402954,6594
4.662140607833862,6594
4.663553953170776,6594
4.664794206619263,6594
4.66570782661438,6594
4.666946649551392,6594
4.668348789215088,6594
4.6695897579193115,6594
4.670668601989746,6594
4.671573877334595,6594
4.672483205795288,6594
4.6737284660339355,6594
4.674635410308838,6594
4.675546169281006,6594
4.676459789276123,6594
4.677375793457031,6594
4.678277969360352,6594
4.679677963256836,6594
4.680918455123901,6594
4.682312488555908,6594
4.683220863342285,6594
4.6844799518585205,6594
4.685720205307007,6594
4.686628818511963,6594
4.687541246414185,6594
4.688457727432251,6594
4.689699172973633,6594
4.6909379959106445,6594
4.691857576370239,6594
4.692767858505249,6594
4.693687200546265,6594
4.694596290588379,6594
4.695989370346069,6594
4.6972291469573975,6594
4.6984758377075195,6594
4.699387073516846,6594
4.700626850128174,6594
4.7018678188323975,6594
4.703265905380249,6594
4.704189777374268,6594
4.705096483230591,6594
4.706335067749023,6594
4.707418441772461,6594
4.708325147628784,6594
4.709729433059692,6594
4.7106428146362305,6594
4.711552143096924,6594
4.71279239654541,6594
4.713715314865112,6594
4.714631795883179,6594
4.715869665145874,6594
4.71726655960083,6594
4.718177795410156,6594
4.719092607498169,6594
4.72033429145813,6594
4.721245527267456,6594
4.7221598625183105,6594
4.723566293716431,6594
4.7246479988098145,6594
4.725888013839722,6594
4.726796388626099,6594
4.728036403656006,6594
4.729276180267334,6594
4.730184078216553,6594
4.731265306472778,6594
4.732510328292847,6594
4.733428478240967,6594
4.734506845474243,6594
4.735745668411255,6594
4.7368245124816895,6594
4.73773980140686,6594
4.739136457443237,6594
4.740054130554199,6594
4.740966081619263,6594
4.741871356964111,6594
4.743266582489014,6594
4.744362831115723,6594
4.745603799819946,6594
4.746844053268433,6594
4.74808406829834,6594
4.7489964962005615,6594
4.749906301498413,6594
4.751145839691162,6594
4.752055644989014,6594
4.753462076187134,6594
4.754378795623779,6594
4.755284547805786,6594
4.756531000137329,6594
4.757924556732178,6594
4.758832693099976,6594
4.759748697280884,6594
4.76082444190979,6594
4.761902332305908,6594
4.7632997035980225,6594
4.764223098754883,6594
4.765467405319214,6594
4.766707897186279,6594
4.7676169872283936,6594
4.7690110206604,6594
4.770251512527466,6594
4.7711615562438965,6594
4.772406101226807,6594
4.773653268814087,6594
4.775047540664673,6594
4.776289463043213,6594
4.777535915374756,6594
4.778440475463867,6594
4.779352903366089,6594
4.7802574634552,6594
4.781163215637207,6594
4.782407999038696,6594
4.783315896987915,6594
4.784727096557617,6594
4.785805940628052,6594
4.787046194076538,6594
4.788288831710815,6594
4.789197206497192,6594
4.790274620056152,6594
4.791177988052368,6594
4.792421340942383,6594
4.793325901031494,6594
4.794248819351196,6594
4.795649290084839,6594
4.796558141708374,6594
4.797473669052124,6594
4.798383951187134,6594
4.799619197845459,6594
4.800531387329102,6594
4.801768779754639,6594
4.8030078411102295,6594
4.803932189941406,6594
4.805174827575684,6594
4.8060901165008545,6594
4.807332277297974,6594
4.808578252792358,6594
4.8094916343688965,6594
4.810397148132324,6594
4.811304330825806,6594
4.812215805053711,6594
4.813471794128418,6594
4.8143837451934814,6594
4.815289258956909,6594
4.816375494003296,6594
4.817615509033203,6594
4.819010257720947,6594
4.820409059524536,6594
4.8216471672058105,6594
4.82256293296814,6594
4.823646783828735,6594
4.824561595916748,6594
4.825468301773071,6594
4.8267011642456055,6594
4.827940940856934,6594
4.828848600387573,6594
4.829756498336792,6594
4.830670595169067,6594
4.831579923629761,6594
4.832974433898926,6594
4.834226369857788,6594
4.835628032684326,6594
4.836533546447754,6594
4.83745002746582,6594
4.838354825973511,6594
4.839259147644043,6594
4.8401641845703125,6594
4.840170860290527,6594
